10 0.09766763848396501 0.38855116514690985 0.02429543245869775 0.024460848169054826
10 0.14431486880466474 0.38384715588363005 0.03206997084548106 0.018816037053119104
10 0.1899902818270165 0.3829063540309741 0.0281827016520894 0.020697640758431037
10 0.25704567541302237 0.3829063540309741 0.028182701652089363 0.01317122593718338
10 0.3075801749271137 0.38572875958894204 0.028182701652089363 0.022579244463742966
10 0.3581146744412051 0.38478795773628605 0.028182701652089363 0.01693443334780717
10 0.4076773566569486 0.3829063540309741 0.02429543245869773 0.020697640758431037
10 0.4810495626822157 0.3829063540309741 0.04859086491739546 0.016934433347807244
10 0.5447035957240038 0.3829063540309741 0.039844509232264326 0.016934433347807244
10 0.6015549076773568 0.3819655521783181 0.029154518950437306 0.018816037053119173
10 0.6686103012633626 0.38572875958894204 0.031098153547133193 0.018816037053119104
10 0.7755102040816326 0.3800839484730062 0.06997084548104965 0.018816037053119173
10 0.8445092322643343 0.3829063540309741 0.03692905733722057 0.020697640758431037
10 0.9188532555879495 0.3866695614415979 0.028182701652089293 0.016934433347807244
10 0.17055393586005832 0.43747286148501957 0.008746355685131206 0.06585612968591689
10 0.18415937803692906 0.4666377189173542 0.037900874635568516 0.026342451874366832
10 0.26093294460641403 0.46757852077001016 0.04178814382896018 0.020697640758431037
10 0.2813411078717201 0.44499927630626723 0.00680272108843539 0.07338254450716462
10 0.21914480077745385 0.2436676798378926 0.010689990281827022 0.2540165002171081
10 0.24829931972789118 0.09596178897090751 0.03790087463556855 0.015052829642495293
10 0.35034013605442177 0.0921985815602837 0.03790087463556844 0.018816037053119104
10 0.46938775510204084 0.09408018526559561 0.10495626822157433 0.018816037053119104
10 0.5971817298347911 0.09502098711825155 0.1117589893100098 0.01693443334780721
10 0.6895043731778426 0.0921985815602837 0.0359572400388727 0.015052829642495293
10 0.7900874635568513 0.09125777970762773 0.06608357628765787 0.020697640758431037
10 0.6627793974732751 0.28600376320741067 0.00971817298347915 0.3311622521348966
10 0.6292517006802721 0.2822405557967868 0.012633624878522766 0.18063395570994353
10 0.5310981535471331 0.14017947604573744 0.008746355685131135 0.06585612968591692
10 0.5685131195335278 0.16934433347807207 0.09523809523809526 0.030105659284990587
10 0.6768707482993197 0.17404834274135186 0.07094266277939738 0.01693443334780717
10 0.7881438289601554 0.1731075408886959 0.06413994169096213 0.018816037053119104
10 0.11904761904761905 0.4779273411492257 0.010689990281827004 0.15052829642495297
10 0.1360544217687075 0.5484874800984223 0.04859086491739553 0.03575047040092628
10 0.22448979591836732 0.5531914893617021 0.0563654033041788 0.015052829642495168
10 0.22011661807580174 0.6209292227529309 0.010689990281827022 0.26342451874366773
10 0.1778425655976676 0.7178318135764944 0.007774538386783298 0.2803589520914749
10 0.293002915451895 0.7686351136199161 0.12342079689018462 0.020697640758431106
10 0.39795918367346933 0.7714575191778839 0.05150631681243922 0.01881603705311903
10 0.4708454810495627 0.7705167173252279 0.05539358600583086 0.020697640758430964
10 0.5456754130223518 0.7714575191778839 0.03790087463556844 0.01881603705311903
10 0.6433430515063168 0.7714575191778841 0.05830903790087476 0.01505282964249531
10 0.7643343051506316 0.7695759154725721 0.08843537414965993 0.018816037053119173
10 0.5743440233236151 0.6152844116369952 0.011661807580174965 0.2596613113330438
10 0.47521865889212833 0.7140686061658706 0.009718172983479078 0.2803589520914748
10 0.3323615160349854 0.4732233318859459 0.005830903790087447 0.14864669271964104
10 0.3493683187560738 0.5484874800984224 0.04373177842565589 0.02822405557967876
10 0.42517006802721086 0.5550730930670141 0.06511175898931007 0.01881603705311903
10 0.434402332361516 0.5738891301201332 0.011661807580174965 0.3462150817773918
10 0.5174927113702624 0.4384136633376755 0.012633624878522837 0.08279056303372415
10 0.5349854227405249 0.47040092632797803 0.057337220602526814 0.02257924446374304
10 0.6137026239067055 0.4732233318859459 0.059280855199222555 0.016934433347807244
10 0.69533527696793 0.4741641337386018 0.03401360544217681 0.018816037053119104
10 0.7983479105928084 0.46569691706469823 0.039844509232264326 0.020697640758431037
10 0.8158406219630708 0.47604573744391376 0.008746355685131135 0.15052829642495305
10 0.6584062196307094 0.5475466782457664 0.32750242954324593 0.018816037053119173
10 0.8848396501457727 0.48639455782312924 0.008746355685131277 0.14864669271964104
10 0.8736637512147716 0.5484874800984224 0.025267249757045817 0.016934433347807313
10 0.24246841593780372 0.878708930380663 0.1078717201166181 0.01881603705311903
10 0.29543245869776485 0.9022289766970618 0.017492711370262377 0.07714575191778834
10 0.4747327502429543 0.9266898248661167 0.3838678328474247 0.03198726299030241
10 0.3639455782312925 0.833550441453177 0.01068999028182695 0.086553770444348
10 0.40816326530612246 0.8711825155594153 0.10495626822157433 0.02634245187436676
10 0.5262390670553936 0.876827326675351 0.08066083576287653 0.015052829642495168
10 0.6321671525753159 0.876827326675351 0.03790087463556844 0.018816037053119173
10 0.6953352769679302 0.876827326675351 0.0456754130223517 0.015052829642495168
10 0.7852283770651118 0.877768128528007 0.04859086491739546 0.020697640758431106
11 0.10398445092322643 0.3866695614415979 0.015549076773566579 0.028224055579678692
11 0.15257531584062195 0.3819655521783181 0.013605442176870746 0.03386886669561449
11 0.19582118561710396 0.38384715588363005 0.020408163265306135 0.026342451874366832
11 0.2653061224489796 0.3829063540309741 0.021379980563654043 0.0244608481690549
11 0.31584062196307094 0.3810247503256622 0.017492711370262412 0.03198726299030255
11 0.3663751214771622 0.3829063540309741 0.01943634596695823 0.020697640758431037
11 0.4115646258503402 0.37914314662035026 0.01652089407191447 0.028224055579678692
11 0.499514091350826 0.3819655521783181 0.017492711370262343 0.02634245187436676
11 0.5568513119533528 0.3810247503256622 0.019436345966958157 0.020697640758431106
11 0.608843537414966 0.3810247503256622 0.012633624878522837 0.03198726299030255
11 0.6778425655976676 0.38384715588363005 0.012633624878522908 0.022579244463742966
11 0.8002915451895043 0.3829063540309741 0.018464528668610144 0.03575047040092635
11 0.8517978620019437 0.3819655521783181 0.020408163265306173 0.03763207410623828
11 0.924198250728863 0.3866695614415979 0.01360544217687078 0.028224055579678692
11 0.8848396501457725 0.42242003184252425 0.0165208940719144 0.03198726299030255
11 0.8163265306122449 0.4158344188739326 0.017492711370262412 0.03010565928499062
11 0.706025267249757 0.4741641337386018 0.018464528668610286 0.022579244463742966
11 0.6355685131195336 0.4741641337386018 0.017492711370262343 0.026342451874366832
11 0.554907677356657 0.4713417281806339 0.015549076773566525 0.03575047040092635
11 0.36540330417881434 0.5475466782457664 0.01943634596695823 0.03010565928499062
11 0.1977648202137998 0.46287451150673037 0.018464528668610286 0.03763207410623828
11 0.1511175898931001 0.5466058763931104 0.022351797862001952 0.043276885222174
11 0.24149659863945577 0.5494282819510783 0.01652089407191447 0.018816037053119173
11 0.17589893100097187 0.8448400636850485 0.015549076773566562 0.02634245187436676
11 0.3469387755102041 0.7658127080619482 0.01360544217687078 0.03386886669561449
11 0.41885325558794945 0.7723983210305398 0.017492711370262412 0.03198726299030255
11 0.43245869776482027 0.730062237661022 0.017492711370262485 0.02634245187436676
11 0.4931972789115647 0.7714575191778839 0.014577259475218653 0.02634245187436676
11 0.5592808551992225 0.7714575191778841 0.018464528668610286 0.02257924446374304
11 0.6637512147716229 0.7714575191778839 0.021379980563654043 0.02634245187436676
11 0.7978620019436345 0.7686351136199161 0.025267249757045817 0.028224055579678692
11 0.6452866861030127 0.8721233174120713 0.0194363459669583 0.03198726299030255
11 0.7103984450923226 0.8740049211173831 0.02721088435374156 0.020697640758430964
11 0.8036929057337221 0.8749457229700391 0.0213799805636539 0.03010565928499048
11 0.45724003887269193 0.8711825155594153 0.012633624878522837 0.03386886669561449
11 0.5612244897959183 0.877768128528007 0.014577259475218582 0.024460848169054684
11 0.6622934888241011 0.9106961933709654 0.020408163265306173 0.022579244463742897
11 0.21865889212827988 0.1241858445505862 0.017492711370262377 0.030105659284990604
11 0.260932944606414 0.09031697785497178 0.022351797862001987 0.02634245187436676
11 0.358600583090379 0.09125777970762773 0.015549076773566525 0.028224055579678674
11 0.5136054421768708 0.09313938341293966 0.020408163265306173 0.020697640758431016
11 0.6457725947521865 0.09408018526559561 0.024295432458697804 0.02257924446374293
11 0.7016520894071914 0.09313938341293966 0.017492711370262412 0.03951367781155016
11 0.814868804664723 0.09125777970762773 0.02040816326530603 0.0319872629903025
11 0.608357628765792 0.16746272977276014 0.025267249757045675 0.03763207410623824
11 0.7026239067055394 0.17404834274135184 0.025267249757045675 0.024460848169054864
11 0.8143828960155491 0.17592994644666377 0.019436345966958157 0.028224055579678692
11 0.6277939747327502 0.20885801128962223 0.01943634596695823 0.030105659284990587
11 0.6637512147716231 0.12230424084527428 0.017492711370262412 0.030105659284990587
1 0.945092322643343 0.3857287595889419 0.028182701652089293 0.07902735562310027
1 0.8187560738581147 0.7686351136199161 0.02623906705539355 0.08467216673903621
1 0.8172983479105927 0.8702417137067593 0.029154518950437306 0.06585612968591689
1 0.8304178814382897 0.17028513533072803 0.028182701652089436 0.06585612968591692
1 0.8304178814382897 0.08655377044434796 0.02623906705539355 0.06773773339122885
4 0.03644314868804665 0.1354754667824577 0.024295432458697766 0.21073961499493418
4 0.03644314868804665 0.4741641337386018 0.028182701652089408 0.35750470400926326
4 0.03595724003887269 0.8382544507164568 0.029154518950437316 0.27659574468085096
3 0.22248131174027552 0.38471620926325195 0.050664198676883154 0.07700225497172108
3 0.2973760932944607 0.08467216673903605 0.07774538386783288 0.07150094080185267
3 0.38969873663751214 0.09031697785497178 0.06219630709426625 0.06773773339122884
3 0.7332361516034986 0.08655377044434796 0.05539358600583086 0.05268490374873354
10 0.3853255587949465 0.23802286872195688 0.01068999028182695 0.25025329280648423
11 0.38241010689990285 0.3499782891880156 0.0165208940719144 0.03386886669561442
3 0.22206025267249757 0.47228253003328985 0.04178814382896018 0.06773773339122875
3 0.17881438289601553 0.5503690838037343 0.04081632653061227 0.0620929222752931
3 0.47716229348882405 0.5503690838037342 0.04859086491739553 0.06585612968591698
3 0.4382896015549076 0.37914314662035026 0.046647230320699645 0.06585612968591689
3 0.6331389698736638 0.3810247503256622 0.0437317784256561 0.06585612968591689
3 0.7128279883381924 0.38384715588363005 0.06511175898931 0.06773773339122875
3 0.7356656948493684 0.1731075408886959 0.06413994169096213 0.06021131856998117
3 0.8858114674441205 0.3829063540309741 0.04761904761904759 0.07338254450716455
3 0.7478134110787172 0.4666377189173542 0.07482993197278902 0.07526414821247648
3 0.6598639455782314 0.4713417281806339 0.04275996112730809 0.0696193370965407
3 0.58600583090379 0.7667535099146042 0.06608357628765794 0.08467216673903608
3 0.6977648202137999 0.7667535099146042 0.06413994169096199 0.06961933709654076
3 0.5140913508260447 0.7686351136199161 0.04081632653061227 0.06961933709654076
3 0.5898931000971818 0.8693009118541033 0.0602526724975705 0.0715009408018527
3 0.7395529640427599 0.8721233174120713 0.05053449951409121 0.0809089593284122
5 0.11661807580174927 0.3810247503256622 0.023323615160349843 0.05832971486466931
5 0.1695821185617104 0.3829063540309741 0.020408163265306117 0.05456650745404545
5 0.28182701652089404 0.38384715588363005 0.021379980563654043 0.05644811115935731
5 0.33187560738581146 0.3800839484730062 0.020408163265306173 0.05268490374873352
5 0.5199222546161322 0.38855116514690985 0.03304178814382894 0.06585612968591689
5 0.8177842565597667 0.37632074106238245 0.028182701652089293 0.06397452598060496
5 0.5281827016520895 0.085612968591692 0.03012633624878525 0.05832971486466926
5 0.3649173955296405 0.7629903025039804 0.03012633624878525 0.06585612968591689
5 0.6622934888241011 0.876827326675351 0.030126336248785322 0.06397452598060496
2 0.21963070942662777 0.7742799247358519 0.029154518950437306 0.06209292227529303
2 0.43245869776482027 0.7742799247358518 0.029154518950437306 0.05080330004342159
2 0.47376093294460647 0.8730641192647272 0.03012633624878525 0.0639745259806051
2 0.17735665694849367 0.876827326675351 0.0281827016520894 0.052684903748733664
2 0.3853255587949465 0.38384715588363005 0.028182701652089436 0.06021131856998117
2 0.217687074829932 0.08655377044434795 0.029154518950437344 0.0451584889274859
2 0.6666666666666665 0.08843537414965986 0.02721088435374142 0.06021131856998118
2 0.6287657920310982 0.1665219279201042 0.027210884353741492 0.06961933709654076
2 0.5743440233236151 0.4675785207700101 0.02721088435374142 0.07714575191778834
7 0.8513119533527697 0.5503690838037343 0.03109815354713305 0.06961933709654076
8 0.03574833174451859 0.13104679228444518 0.012392755004766443 0.08859501450216012
8 0.2311725452812202 0.14396689856601025 0.07912297426120118 0.02214875362554003
8 0.12154432793136322 0.33130843964870293 0.046711153479504296 0.023994483094335096
8 0.07626310772163966 0.43559215463562057 0.05338417540514777 0.018457294687950068
8 0.03431839847473784 0.45866377299555805 0.009532888465204952 0.10889803865890521
8 0.03479504289799809 0.8287325314889563 0.010486177311725457 0.08859501450216001
8 0.17683508102955195 0.9200961401943087 0.03717826501429933 0.02030302415674498
8 0.22211630123927548 0.812120966269801 0.024785510009532885 0.011074376812770055
8 0.2578646329837941 0.5915562947487983 0.012392755004766443 0.01661156521915508
8 0.38179218303145857 0.5906334300144007 0.039084842707340285 0.014765835750360097
9 0.3841754051477598 0.5500273817009108 0.028598665395614873 0.05537188406385006
9 0.572926596758818 0.3783745411029756 0.03050524308865583 0.05537188406385006
8 0.5738798856053384 0.4245177778228506 0.036224976167778845 0.018457294687950068
8 0.5710200190657769 0.5186499807313957 0.03813155386081981 0.018457294687949998
8 0.1763584366062917 0.5537188406385007 0.04194470924690185 0.044297507251080004
8 0.22259294566253573 0.4715838792771232 0.04289799809342228 0.042451777782285094
8 0.22163965681601516 0.38391172950936053 0.035271687321258335 0.02953167150072005
8 0.34938036224976166 0.33223130438310045 0.07340324118207814 0.029531671500720016
8 0.5166825548141086 0.342382816461473 0.07435653002859859 0.020303024156745054
8 0.2974261201143948 0.09228647343975009 0.0686367969494755 0.055371884063850116
8 0.39227836034318386 0.09044074397095514 0.05815061963775015 0.036914589375900066
8 0.5305052430886559 0.05629474879824757 0.054337464251668306 0.020303024156745026
8 0.6553860819828408 0.12920106281565016 0.029551954242135425 0.018457294687950033
8 0.6215443279313632 0.20856742997383526 0.019065776930409867 0.014765835750360026
8 0.6329837940896091 0.38298886477496297 0.045757864632983855 0.03876031884469505
8 0.7106768350810293 0.3848345942437581 0.05815061963775018 0.03506885990710509
8 0.828408007626311 0.2113360241770278 0.0285986653956148 0.016611565219155012
8 0.8298379408960915 0.12735533334685517 0.03527168732125844 0.014765835750360008
8 0.7335557673975215 0.1734985700667302 0.060057197330790915 0.04060604831349011
8 0.7330791229742613 0.09413220290854513 0.05147759771210687 0.04060604831349005
8 0.3841754051477598 0.42451777782285055 0.028598665395614873 0.014765835750360026
8 0.1487130600571973 0.364531570087013 0.019065776930409922 0.027685942031924995
8 0.12726406101048618 0.4457436667139931 0.010486177311725466 0.023994483094334954
8 0.4332697807435653 0.808429507332211 0.018112488083889388 0.011074376812769912
8 0.4718779790276454 0.9164046812567187 0.01715919923736891 0.016611565219155012
8 0.47473784556720683 0.5527959759041032 0.04003813155386084 0.053526154595055074
8 0.43994280266920865 0.38206600004056546 0.039084842707340285 0.04060604831348996
8 0.6587225929456626 0.47066101454272563 0.04194470924690194 0.033223130438310024
8 0.7459485224022879 0.4697381498083283 0.06387035271687325 0.03876031884469505
8 0.8832221163012391 0.38483459424375793 0.044804575786463234 0.046143236719875136
8 0.5123927550047666 0.7669005942843237 0.031458531935176455 0.04245177778228495
8 0.5877025738798852 0.7733606474251059 0.048617731172545725 0.0516804251262602
8 0.6935176358436607 0.767823459018721 0.05052430886558625 0.036914589375899996
8 0.815538608198284 0.8111981015354036 0.039084842707340355 0.016611565219155012
8 0.8503336510962822 0.5934020242175932 0.013346043851286992 0.01661156521915508
8 0.8169685414680649 0.9154818165223212 0.030505243088655903 0.025840212563130082
8 0.5896091515729266 0.8757986329432288 0.0581506196377503 0.04245177778228495
8 0.7364156339370824 0.8776443624120236 0.052430886558627314 0.03876031884469518
11 0.45042897998093423 0.5574102995760907 0.014299332697807471 0.033223130438310024
11 0.28265014299332697 0.42082631888526056 0.012392755004766443 0.025840212563130082
