10 0.12106768350810296 0.3991710994007392 0.040038131553860816 0.029714970178715133
10 0.24976167778836988 0.4011520974126536 0.04003813155386084 0.025752974154886418
10 0.32411820781696854 0.40313309542456793 0.03431839847473782 0.029714970178715133
10 0.29075309818875117 0.6725488250449181 0.013346043851286992 0.4536485447283836
10 0.5643469971401335 0.895411101385281 0.5605338417540515 0.011885988071486083
10 0.8408007626310772 0.8617341351827372 0.011439466158245893 0.10697389264337417
10 0.45090562440419446 0.4011520974126536 0.045757864632983855 0.02179097813105763
10 0.5872259294566254 0.4011520974126536 0.0514775977121068 0.02179097813105763
10 0.7044804575786463 0.40313309542456793 0.10867492850333647 0.02971497017871499
10 0.7850333651096281 0.23771976142972057 0.012392755004766371 0.20206179721526246
10 0.8226882745471877 0.22979576938206328 0.011439466158245893 0.2060237932390912
10 0.8808388941849381 0.3991710994007392 0.06482364156339372 0.025752974154886345
10 0.6306005719733079 0.6131188846874878 0.010486177311725414 0.3427126560611805
10 0.6534795042897998 0.778532218682335 0.05052430886558625 0.023771976142972166
10 0.7959961868446139 0.7755607216644637 0.04957102001906577 0.02971497017871499
10 0.8913250714966634 0.7765512206704207 0.059103908484270704 0.023771976142972023
11 0.1325071496663489 0.3961996023828677 0.015252621544327933 0.02773397216680067
11 0.26453765490943754 0.398180600394782 0.02001906577693042 0.02773397216680074
11 0.33269780743565297 0.4011520974126536 0.020972354623450828 0.037638962226372356
11 0.2878932316491897 0.4615725367760409 0.01525262154432788 0.035657964214458104
11 0.3551000953288847 0.15352734592336123 0.010486177311725414 0.02971497017871508
11 0.40276453765490944 0.31002618886459404 0.014299332697807471 0.03367696620254382
11 0.6053384175405148 0.3971901013888248 0.015252621544327952 0.025752974154886418
11 0.4661582459485224 0.3991710994007393 0.019065776930409867 0.03367696620254371
11 0.7502383222116302 0.3971901013888248 0.026692087702573843 0.045562954274029795
11 0.7831267874165871 0.15055584890548976 0.020019065776930488 0.04358195626211545
11 0.8236415633937082 0.31200718687650836 0.01715919923736905 0.03763896222637246
11 0.9065776930409915 0.3981806003947821 0.01715919923736891 0.035657964214458035
11 0.6725452812202097 0.7765512206704207 0.01620591039084843 0.039619960238286754
11 0.8145853193517635 0.7755607216644635 0.020019065776930346 0.03367696620254378
11 0.9151572926596759 0.7765512206704207 0.011439466158245893 0.035657964214458104
7 0.0867492850333651 0.3991710994007393 0.040038131553860816 0.08914491053614519
1 0.9385128693994281 0.7805132166942493 0.04671115347950433 0.08320191650040215
1 0.928503336510963 0.3942186043709534 0.03813155386081988 0.09904990059571687
4 0.636320305052431 0.07923992047657354 0.6091515729265968 0.13470786481017502
4 0.04289799809342231 0.41303808548413956 0.028598665395614873 0.5011924970143277
4 0.041944709246901815 0.8151806819027503 0.02478551000953289 0.3347886640135232
3 0.18493803622497615 0.3971901013888249 0.09914204003813155 0.17234682703654744
3 0.38608198284080075 0.39818060039478204 0.10104861773117257 0.1703658290246331
3 0.5171591992373689 0.4021425964186107 0.0962821734985701 0.18225181709611912
10 0.4027645376549093 0.22088127832844875 0.008579599618684455 0.18027081908420484
10 0.3551000953288846 0.23573876341780628 0.006673021925643496 0.1743278250484618
3 0.8036224976167778 0.40016159840669635 0.09914204003813154 0.1664038330008044
5 0.6315538608198284 0.3932281053649962 0.04671115347950433 0.10103089860763127
3 0.7283126787416586 0.7765512206704207 0.09532888465204949 0.1703658290246331
5 0.8393708293612964 0.7676367296168061 0.05243088655862721 0.10499289463145985
5 0.28741658722592944 0.3932281053649962 0.04671115347950426 0.10499289463145992
8 0.08913250714966635 0.4833635149070986 0.07530981887511914 0.07923992047657351
8 0.014775977121067681 0.5814229164968583 0.014299332697807431 0.22781477137014883
8 0.04432793136320305 0.8112186858789217 0.010486177311725457 0.1842328151080335
8 0.04337464251668255 0.4249240735556256 0.008579599618684455 0.16442283498889013
8 0.1830314585319351 0.39917109940073936 0.07626310772163976 0.13272686679826046
8 0.6377502383222117 0.3021021968169367 0.07244995233555762 0.05348694632168719
8 0.6372735938989514 0.08518291451231656 0.08293612964728318 0.02773397216680074
8 0.5166825548141086 0.39322810536499625 0.07435653002859866 0.10499289463145998
8 0.38322211630123926 0.4031330954245679 0.07435653002859866 0.12084087872677457
8 0.6458531935176359 0.6002423976100446 0.02001906577693042 0.023771976142972023
8 0.7044804575786463 0.37539912325776714 0.011439466158246035 0.017828982107229052
8 0.9261201143946616 0.47543952285944124 0.060057197330791325 0.05546794433360148
8 0.844137273593899 0.6943398031759755 0.07340324118207803 0.05348694632168716
8 0.8927550047664442 0.7517887455214916 0.021925643469971307 0.02971497017871499
8 0.9342230695900858 0.8528196441291227 0.07816968541468057 0.057448942345515945
8 0.8203050524308867 0.8726296242482661 0.012392755004766371 0.017828982107229052
8 0.7273593898951382 0.777541719676378 0.07435653002859866 0.06537293439317317
8 0.8040991420400383 0.4011520974126535 0.07149666348903722 0.04952495029785837
