10 0.10153994225216553 0.09164031348824418 0.02598652550529355 0.012787020486731748
10 0.14196342637151108 0.14847151565149638 0.008662175168431183 0.06393510243365873
10 0.1429258902791145 0.23655987900453732 0.006737247353224269 0.0639351024336587
10 0.1429258902791145 0.36656125395297673 0.006737247353224269 0.11082084421834182
10 0.19056785370548598 0.41273660571061915 0.10394610202117419 0.01278702048673183
10 0.268046198267565 0.37579632430450516 0.03561116458132819 0.012787020486731748
10 0.2507218479307026 0.3871625647371556 0.008662175168431183 0.02415326091938219
10 0.4547641963426372 0.25503001970759426 0.008662175168431147 0.27136899032952927
10 0.5004812319538017 0.09021953343416288 0.03849855630413856 0.01847014070305697
10 0.5615976900866217 0.08950914340712222 0.04138594802694897 0.017049360648975664
10 0.5312800769971127 0.24224299922086254 0.00962463907603471 0.2855767908703423
10 0.5851780558229066 0.2528988496264723 0.017324350336862367 0.34098721297951323
10 0.6347449470644851 0.34667033319583845 0.008662175168431147 0.07388056281222788
10 0.7377285851780558 0.4162885558458224 0.17228103946102005 0.01704936064897566
10 0.6650625601539943 0.31541317200604974 0.06737247353224247 0.011366240432650443
10 0.7281039461020211 0.5306613501993674 0.012512030798844904 0.4390210367111233
10 0.6924927815206929 0.746619918419726 0.08373435996150136 0.0184701407030569
10 0.3657362848893167 0.37366515422338326 0.0481231953801732 0.011366240432650443
10 0.3883541867179981 0.3850313946560337 0.00481231953801732 0.022732480865300882
10 0.41289701636188636 0.4155781658187817 0.030798845043310832 0.012787020486731748
10 0.3878729547641963 0.45251844722489565 0.011549566891241553 0.038361061460195245
10 0.36140519730510107 0.47880287822539985 0.039461020211741984 0.011366240432650443
10 0.38787295476419636 0.519295109766717 0.0076997112608277254 0.05541042210917084
10 0.2516843118383061 0.5178743297126357 0.008662175168431183 0.05256886200100823
10 0.3205004812319538 0.5391860305238554 0.14629451395572662 0.012787020486731606
10 0.2521655437921078 0.4447041569274485 0.007699711260827726 0.03125716118978872
10 0.4663137632338787 0.4638846876575461 0.008662175168431218 0.041202621568357856
10 0.5298363811357074 0.4603327375223429 0.008662175168431218 0.03694028140611394
10 0.4990375360923965 0.47738209817131855 0.07795957651588069 0.008524680324487832
10 0.62223291626564 0.5079288693340666 0.00866217516843129 0.11792474448874828
10 0.62223291626564 0.6698977954993353 0.010587102983638203 0.10087538383977275
10 0.6212704523580366 0.7984783903936935 0.008662175168431218 0.04546496173060177
10 0.7309913378248316 0.8332875017186855 0.19923002887391716 0.009945460378569066
10 0.8248315688161693 0.6272743938768962 0.005774783445620812 0.42765479627847286
10 0.6217516843118384 0.873069343232962 0.005774783445620883 0.04972730189284562
10 0.7526467757459097 0.9227966451258078 0.20981713185755538 0.01278702048673182
10 0.8633301251203079 0.5150327696044732 0.007699711260827655 0.8027407305559374
10 0.9085659287776707 0.08879875338008157 0.04042348411934554 0.01278702048673175
11 0.11020211742059673 0.08950914340712222 0.008662175168431183 0.014207800540813054
11 0.1424446583253128 0.2543196296805536 0.015399422521655435 0.025574040973463462
11 0.14340712223291624 0.17546633667904118 0.015399422521655435 0.02131170081121958
11 0.23820981713185754 0.41131582565653785 0.010587102983638132 0.01562858059489436
11 0.28007699711260825 0.37082359411522064 0.013474494706448504 0.017049360648975664
11 0.2844080846968239 0.47454053806315594 0.014436958614051996 0.017049360648975664
11 0.2507218479307026 0.4567807873871396 0.012512030798845046 0.02415326091938219
11 0.3878729547641963 0.3921352949264402 0.013474494706448467 0.014207800540813055
11 0.4215591915303176 0.41415738576470046 0.011549566891241625 0.01562858059489436
11 0.3729547641963426 0.4766717081442779 0.014436958614052031 0.009945460378569138
11 0.3873917228103946 0.4979834089554975 0.012512030798845046 0.01562858059489443
11 0.38594802694898944 0.4383106466840826 0.011549566891241553 0.01562858059489436
11 0.4653512993262753 0.45251844722489565 0.010587102983638132 0.01562858059489436
11 0.4557266602502406 0.12360786470507357 0.016361886429258874 0.017049360648975682
11 0.5158806544754572 0.08808836335304092 0.013474494706448467 0.019890920757138275
11 0.5312800769971127 0.3814794445208304 0.015399422521655524 0.02131170081121958
11 0.5861405197305101 0.42126128603510693 0.011549566891241625 0.01562858059489436
11 0.654475457170356 0.41699894587286307 0.013474494706448467 0.02415326091938219
11 0.6217516843118384 0.5640496814702781 0.019249278152069352 0.019890920757138275
11 0.62223291626564 0.7103900270406527 0.016361886429258943 0.019890920757138275
11 0.6207892204042349 0.8133965809615472 0.015399422521655453 0.01847014070305704
11 0.62223291626564 0.8915394839360189 0.014436958614052031 0.01562858059489443
11 0.848893166506256 0.924217425179889 0.013474494706448467 0.01847014070305704
11 0.6337824831568817 0.3772171043585865 0.01443695861405196 0.01847014070305697
11 0.8633301251203079 0.12147669462395161 0.00962463907603464 0.021311700811219598
11 0.924446583253128 0.08950914340712222 0.010587102983638203 0.028415601081626107
7 0.0798845043310876 0.08879875338008159 0.026948989412897015 0.04972730189284568
1 0.9369586140519729 0.08453641321783766 0.025986525505293658 0.035519501352032634
4 0.04956689124157844 0.09021953343416288 0.025986525505293557 0.15486502589486226
4 0.051010587102983646 0.24082221916678123 0.023099133782483162 0.18896374719281359
4 0.05004812319538018 0.4184197259269444 0.023099133782483166 0.20032998762546414
4 0.0519730510105871 0.5924652825519042 0.025024061597690085 0.17617672670608178
4 0.05293551491819057 0.7693523992850269 0.025024061597690092 0.20885466794995197
4 0.0519730510105871 0.9277693753150923 0.026948989412897018 0.1307117649754801
3 0.1434071222329163 0.08879875338008159 0.059672762271414805 0.06109354232549615
3 0.14292589027911454 0.2919703011137082 0.06256015399422524 0.05825198221733345
3 0.45524542829643894 0.08737797332600027 0.06159769008662174 0.05825198221733351
3 0.31183830606352264 0.37366515422338326 0.06352261790182873 0.06251432237957744
3 0.3176130895091434 0.4773820981713186 0.061597690086621776 0.059672762271414895
10 0.27382098171318575 0.47809248819835914 0.03176130895091433 0.012787020486731748
3 0.4542829643888354 0.41415738576470046 0.06737247353224247 0.06961822264998396
3 0.5307988450433109 0.4134469957376598 0.060635226179018314 0.06251432237957744
3 0.6227141482194418 0.4155781658187817 0.06352261790182859 0.07245978275814657
3 0.6212704523580367 0.5917548925248636 0.060635226179018314 0.05541042210917091
3 0.6212704523580365 0.7451991383656446 0.06641000962463912 0.06677666254182128
3 0.6207892204042349 0.926348595261011 0.06159769008662195 0.06819744259590266
5 0.2507218479307026 0.4120262156835785 0.0240615976900866 0.03125716118978872
5 0.25024061597690084 0.4795132682524405 0.02887391722810392 0.041202621568357925
5 0.3864292589027912 0.41699894587286307 0.0240615976900866 0.035519501352032634
5 0.3864292589027912 0.4823548283606031 0.022136669874879687 0.035519501352032704
5 0.5303176130895092 0.09021953343416288 0.02309913378248318 0.035519501352032634
5 0.6183830606352262 0.8354186717998074 0.02021174205967277 0.03409872129795133
0 0.7102983638113571 0.31399239195196843 0.026948989412896935 0.056831202163252215
10 0.6804619826756496 0.5945964526330262 0.059672762271414825 0.012787020486731748
10 0.7107795957651589 0.470278197900912 0.006737247353224376 0.26142352995096013
11 0.7102983638113571 0.34169760300655383 0.011549566891241625 0.01847014070305697
2 0.143888354186718 0.19393647738209815 0.0279114533205005 0.038361061460195245
8 0.02598652550529355 0.50082496906366 0.009624639076034653 0.09519226362344739
8 0.08036573628488931 0.12218708465099222 0.029836381135707402 0.0312571611897887
8 0.05004812319538017 0.08879875338008157 0.013474494706448513 0.1179247444887483
8 0.051010587102983646 0.2308767587882121 0.015399422521655444 0.1179247444887483
8 0.14148219441770934 0.22803519868004948 0.03849855630413858 0.038361061460195245
8 0.05052935514918191 0.4198405059810257 0.014436958614051977 0.1633897062193502
8 0.051010587102983646 0.5903341124707824 0.009624639076034659 0.13497410513772393
8 0.05101058710298363 0.7586965488794166 0.017324350336862318 0.15060268573261823
8 0.050529355149181915 0.9263485952610111 0.008662175168431192 0.06535588248774005
8 0.2526467757459095 0.5129015995233512 0.043310875842155955 0.025574040973463497
8 0.3248315688161694 0.5491314909024244 0.01636188642925891 0.012787020486731748
8 0.1424446583253128 0.28699757092442363 0.04619826756496628 0.03694028140611394
8 0.14196342637151121 0.09092992346120347 0.04716073147256961 0.03694028140611387
8 0.31231953801732437 0.3750859342774646 0.04908565928777666 0.03125716118978865
8 0.31809432146294514 0.4766717081442778 0.05101058710298341 0.02699482102754464
8 0.6020211742059672 0.26142352995096013 0.04523580365736293 0.011366240432650372
8 0.5529355149181906 0.25431962968055366 0.054860442733397505 0.01989092075713831
8 0.5134744947064486 0.032677941243870016 0.07025986525505289 0.01704936064897566
8 0.45524542829643877 0.08879875338008159 0.04427333974975957 0.041202621568357814
8 0.45332050048123196 0.41415738576470046 0.05389797882579394 0.041202621568357856
8 0.5293551491819057 0.4127366057106191 0.055822906641001 0.035519501352032634
8 0.7117420596727624 0.3651404738988954 0.04716073147256978 0.04262340162243916
8 0.6217516843118384 0.4162885558458224 0.061597690086621665 0.045464961730601806
8 0.6217516843118382 0.5917548925248636 0.046198267564966214 0.026994821027544805
8 0.6222329162656409 0.7437783583115636 0.04908565928777674 0.052568862001007785
8 0.8618864292589028 0.08737797332600027 0.03176130895091433 0.029836381135707413
3 0.8628488931665061 0.08808836335304092 0.05871029836381126 0.06251432237957742
8 0.9345524542829645 0.12289747467803287 0.03464870067372473 0.026994821027544785
8 0.8551491819056785 0.6329575140932214 0.058710298363811406 0.01562858059489443
8 0.8599615014436958 0.9632888766671249 0.04138594802694897 0.03978184151427655
2 0.8628488931665061 0.9249278152069297 0.024061597690086672 0.028415601081626107
8 0.6770933589990374 0.8815940235574499 0.11068334937439843 0.01278702048673182
