8 0.5522914218566393 0.19225543478260868 0.2376289332811073 0.025815217391304338
8 0.5470688079383731 0.06861413043478262 0.2637420028724376 0.058423913043478264
8 0.5457631544588066 0.37771739130434784 0.28724376550463515 0.029891304347826095
8 0.7899203551377465 0.5163043478260869 0.054837446141794005 0.016304347826087025
8 0.30552291421856637 0.515625 0.047003525264394844 0.020380434782608602
8 0.3042172607389999 0.5835597826086957 0.34730382556469513 0.03668478260869563
8 0.791226008617313 0.5822010869565217 0.21412717064890985 0.025815217391304445
8 0.30291160725943334 0.6949728260869565 0.14623318971145058 0.03125
8 0.30291160725943334 0.810461956521739 0.2715759237498368 0.033967391304347956
8 0.29507768638203424 0.9341032608695652 0.2767985376681029 0.04755434782608688
10 0.5470688079383732 0.1358695652173913 0.02350176263219737 0.05978260869565217
10 0.5496801148975062 0.24864130434782608 0.03394699046872965 0.0625
10 0.39169604386995693 0.4619565217391305 0.14623318971145058 0.08152173913043477
10 0.7011359185272229 0.4633152173913044 0.13317665491578537 0.07880434782608696
10 0.7873090481786132 0.5400815217391305 0.0287243765504634 0.025815217391304303
10 0.30682856769813294 0.5434782608695652 0.03394699046872965 0.029891304347826095
10 0.30552291421856637 0.6406249999999999 0.03655829742786267 0.06114130434782603
10 0.3094398746572659 0.7554347826086957 0.033946990468729614 0.0625
10 0.3042172607389999 0.8675271739130435 0.02872437655046351 0.0638586956521739
11 0.5483744614179397 0.2710597826086956 0.04700352526439488 0.025815217391304407
11 0.5483744614179397 0.1589673913043478 0.041780911346128706 0.016304347826086935
11 0.7899203551377465 0.5495923913043478 0.04961483222352797 0.02309782608695649
11 0.3016059537798668 0.5495923913043478 0.05483744614179397 0.020380434782608745
11 0.3042172607389999 0.6657608695652175 0.054837446141793894 0.021739130434782653
11 0.30682856769813294 0.7751358695652173 0.03916960438699569 0.01766304347826093
11 0.3042172607389999 0.889266304347826 0.03916960438699576 0.02309782608695656
3 0.5522914218566393 0.06793478260869566 0.5614309962136049 0.08967391304347828
3 0.5522914218566393 0.19293478260869562 0.3577490534012275 0.06521739130434782
3 0.31074552813683254 0.5835597826086957 0.45436741088915006 0.06657608695652172
3 0.30813422117769945 0.5129076086956522 0.052226139182660954 0.03125
3 0.7886147016581799 0.514266304347826 0.07311659485572534 0.028532608695652186
3 0.7938373155764461 0.5842391304347826 0.3446925186055621 0.0625
3 0.3068285676981328 0.6963315217391305 0.2532967750359054 0.06385869565217396
3 0.30813422117769945 0.8077445652173914 0.3864734299516909 0.06385869565217388
3 0.3081342211776993 0.9320652173913038 0.5431518474996733 0.09239130434782589
5 0.5509857683770728 0.3729619565217391 0.39691865778822316 0.2078804347826086
