8 0.5098128019323671 0.059103260869565216 0.5546497584541062 0.03668478260869565
8 0.5064915458937197 0.20380434782608695 0.6941425120772946 0.02445652173913043
8 0.5081521739130435 0.35597826086956524 0.5911835748792271 0.029891304347826095
8 0.5164553140096618 0.5 0.7140700483091788 0.029891304347826164
8 0.504830917874396 0.6474184782608695 0.6376811594202897 0.03396739130434774
8 0.5164553140096618 0.795516304347826 0.46165458937198056 0.028532608695652186
8 0.5015096618357489 0.9415760869565218 0.21256038647342998 0.02717391304347828
10 0.5015096618357487 0.12907608695652173 0.053140096618357544 0.07336956521739131
10 0.5064915458937197 0.2758152173913043 0.04317632850241551 0.07608695652173914
10 0.5081521739130435 0.4239130434782609 0.046497584541062835 0.07336956521739132
10 0.5064915458937197 0.5726902173913043 0.04981884057971008 0.08016304347826086
10 0.5081521739130435 0.7221467391304347 0.053140096618357474 0.0801630434782608
10 0.5064915458937197 0.8695652173913043 0.04317632850241551 0.07880434782608688
11 0.504830917874396 0.1596467391304348 0.053140096618357474 0.01766304347826088
11 0.5064915458937197 0.30774456521739135 0.04981884057971008 0.014945652173913082
11 0.5131340579710144 0.4551630434782609 0.04317632850241551 0.024456521739130394
11 0.5064915458937197 0.6032608695652174 0.06310386473429958 0.01902173913043484
11 0.5015096618357487 0.748641304347826 0.053140096618357544 0.02173913043478251
11 0.5098128019323671 0.8980978260869567 0.06310386473429944 0.016304347826086883
3 0.5081521739130435 0.06046195652173913 0.7971014492753622 0.09103260869565216
3 0.5015096618357489 0.20652173913043476 0.9100241545893719 0.08695652173913043
3 0.5064915458937197 0.35326086956521735 0.8004227053140096 0.08423913043478258
3 0.5131340579710144 0.49728260869565216 0.9199879227053138 0.08423913043478258
3 0.5164553140096618 0.6480978260869565 0.8402777777777777 0.08152173913043477
3 0.5131340579710143 0.7921195652173912 0.6742149758454103 0.08695652173913011
3 0.5064915458937197 0.9422554347826088 0.4085144927536231 0.08288043478260874
