10 0.3969984398573584 0.08220108695652174 0.03571612261692501 0.0421195652173913
10 0.3983721368810862 0.16304347826086957 0.027473940474557635 0.04891304347826086
10 0.21979152379646139 0.3213315217391305 0.04395830475929227 0.042119565217391325
10 0.28847637498285555 0.28125000000000006 0.09890618570840765 0.05163043478260863
10 0.5068942017555891 0.2826086956521739 0.14011709642024406 0.04619565217391301
10 0.5700842648470718 0.32336956521739135 0.04121091071183649 0.03804347826086953
10 0.578326446989439 0.4008152173913044 0.03022133452201345 0.04347826086956523
10 0.578326446989439 0.49388586956521735 0.03022133452201345 0.04755434782608695
10 0.5797001440131669 0.5747282608695652 0.03296872856946919 0.04619565217391305
10 0.5742053559182554 0.6528532608695653 0.043958304759292306 0.05298913043478258
10 0.4491989267590179 0.8023097826086957 0.11264315594568643 0.05842391304347828
10 0.3805140755726237 0.8519021739130435 0.019231758332190346 0.0353260869565215
10 0.7060802701961322 0.8036684782608695 0.1263801261829653 0.05842391304347814
10 0.777512515429982 0.8532608695652175 0.03846351666438082 0.032608695652173905
10 0.3736455904539844 0.9266304347826088 0.032968728569469266 0.043478260869565306
10 0.780259909477438 0.9279891304347825 0.03296872856946919 0.04619565217391298
11 0.3969984398573584 0.09646739130434781 0.05220048690165953 0.019021739130434784
11 0.3969984398573584 0.1800271739130435 0.04121091071183649 0.014945652173913047
11 0.2184178267727335 0.33899456521739124 0.052200486901659564 0.01766304347826086
11 0.578326446989439 0.3383152173913044 0.04670569880674805 0.01358695652173914
11 0.5755790529419832 0.4205163043478261 0.04670569880674812 0.014945652173913047
11 0.5755790529419832 0.5115489130434783 0.0522004869016596 0.01766304347826086
11 0.5810738410368947 0.5889945652173914 0.04670569880674805 0.012228260869565305
11 0.5769527499657111 0.6684782608695652 0.043958304759292306 0.016304347826086883
11 0.37776668152516796 0.8654891304347825 0.04670569880674805 0.010869565217391398
11 0.3708981964065286 0.938858695652174 0.04395830475929223 0.01358695652173907
11 0.780259909477438 0.9429347826086957 0.043958304759292306 0.016304347826086883
11 0.7830073035248937 0.8661684782608695 0.049453092854203934 0.012228260869565305
3 0.4024932279522699 0.042798913043478264 0.3599086202167055 0.05027173913043478
3 0.39425104580990267 0.12296195652173914 0.3269398916472363 0.04755434782608697
3 0.21704412974900564 0.36209239130434784 0.3406768618845152 0.04483695652173914
3 0.5838212350843506 0.359375 0.2664972226032095 0.05298913043478265
3 0.5769527499657111 0.44972826086956524 0.40661431902345363 0.0625
3 0.5797001440131669 0.5373641304347826 0.3461716499794267 0.04755434782608688
3 0.5783264469894389 0.6114130434782609 0.27199201069812085 0.04347826086956516
5 0.5673368707996159 0.7391304347826088 0.3434242559319709 0.13858695652173922
5 0.39562474283363047 0.23369565217391305 0.24726546427101906 0.10597826086956523
3 0.37776668152516796 0.8879076086956522 0.27199201069812096 0.04755434782608702
3 0.7843810005486216 0.8872282608695653 0.354413832121794 0.04891304347826079
3 0.3791403785488959 0.9639945652173912 0.30770813331504593 0.04483695652173921
3 0.7830073035248937 0.9660326086956522 0.4011195309285421 0.04619565217391298
8 0.21292303867782195 0.36413043478260876 0.24451807022356328 0.02173913043478258
8 0.2156704327252777 0.31725543478260865 0.0576952749965711 0.014945652173913013
8 0.39837213688108625 0.2370923913043478 0.15934885475243452 0.02038043478260871
8 0.39150365176244684 0.12432065217391304 0.25550764641338636 0.02038043478260871
8 0.3969984398573584 0.04823369565217392 0.26649722260320924 0.023097826086956492
8 0.589316023179262 0.3614130434782609 0.20055976546427104 0.016304347826086953
8 0.5742053559182553 0.45040760869565205 0.25825504046084213 0.04483695652173914
8 0.5783264469894389 0.5360054347826086 0.2664972226032093 0.0312500000000001
8 0.5700842648470715 0.6127717391304347 0.18957018927444813 0.024456521739130738
8 0.5824475380606227 0.7384510869565217 0.19781237141681524 0.025815217391304372
8 0.37089819640652855 0.841711956521739 0.06044266904402686 0.012228260869565162
8 0.7733914243587985 0.8396739130434782 0.04670569880674804 0.01358695652173907
3 0.3750192874777122 0.8376358695652175 0.04121091071183649 0.020380434782608602
3 0.7761388184062542 0.8376358695652175 0.04121091071183656 0.020380434782608602
8 0.3736455904539843 0.8879076086956522 0.2582550404608421 0.025815217391304372
8 0.3722718934302564 0.963315217391301 0.2280337059388285 0.029891304347825897
8 0.7829815868879448 0.8879076086956492 0.28018275956658756 0.025815217391304185
8 0.7816336065011655 0.9660326086956518 0.33243467974214747 0.019021739130434707
8 0.5824475380606227 0.31453804347826086 0.043958304759292306 0.014945652173913013
3 0.21429673570154983 0.311820652173913 0.06593745713893842 0.031250000000000035
3 0.5714579618707997 0.31453804347826086 0.06044266904402683 0.014945652173913082
