10 0.18705891619407689 0.22961956521739132 0.058018273471959675 0.02445652173913043
10 0.3526110586011342 0.2282608695652174 0.051016068052930096 0.021739130434782615
10 0.522164461247637 0.22961956521739132 0.07602394454946441 0.0190217391304348
10 0.6206954946439823 0.23029891304347827 0.06101921865154381 0.01766304347826086
10 0.43113579080025205 0.12567934782608695 0.010003150598613715 0.11005434782608696
10 0.496656427221172 0.07540760869565222 0.13704316320100823 0.01222826086956521
10 0.702721329552615 0.1236413043478261 0.015004725897920537 0.10597826086956523
10 0.7932498424700694 0.22894021739130432 0.07002205419029607 0.01766304347826086
10 0.5746810018903591 0.3369565217391304 0.01300409577819785 0.17663043478260865
10 0.5116611531190925 0.421875 0.12904064272211727 0.012228260869565162
10 0.4491414618777567 0.4775815217391305 0.010003150598613715 0.11277173913043477
10 0.22557104599873973 0.5591032608695653 0.04901543793320726 0.01766304347826086
10 0.3936239760554506 0.5584239130434782 0.07302299936988028 0.016304347826087025
10 0.49615626969124127 0.5591032608695652 0.06402016383112795 0.014945652173913047
10 0.5236649338374291 0.6739130434782608 0.011003465658475164 0.23913043478260865
10 0.5391698172652803 0.795516304347826 0.04801512287334589 0.014945652173913117
10 0.7087232199117832 0.795516304347826 0.06902173913043484 0.020380434782608745
10 0.6196951795841209 0.877038043478261 0.009002835538752408 0.05842391304347828
10 0.6326992753623187 0.9055706521739131 0.031009766855702524 0.014945652173912976
11 0.20706521739130435 0.22894021739130432 0.018005671077504743 0.03125
11 0.3671156269691241 0.2282608695652174 0.022006931316950258 0.027173913043478243
11 0.5486728103339634 0.22758152173913043 0.017005356017643365 0.020380434782608675
11 0.6417021109010712 0.22961956521739132 0.01900598613736605 0.021739130434782615
11 0.702721329552615 0.17119565217391305 0.021006616257088807 0.027173913043478225
11 0.8172574039067422 0.22826086956521735 0.022006931316950185 0.02989130434782613
11 0.4501417769376181 0.5230978260869565 0.020006301197227502 0.024456521739130394
11 0.4251339004410838 0.5570652173913043 0.022006931316950185 0.024456521739130394
11 0.24407687460617516 0.5591032608695652 0.018005671077504743 0.03125
11 0.5566753308128544 0.798233695652174 0.017005356017643435 0.025815217391304372
11 0.7352315689981096 0.7995923913043478 0.026008191556395558 0.03668478260869563
7 0.13804347826086957 0.22622282608695649 0.04801512287334596 0.06929347826086957
7 0.18305765595463136 0.5577445652173914 0.04401386263390045 0.06657608695652172
1 0.8427654379332072 0.2248641304347826 0.0450141776937619 0.08016304347826086
1 0.7607396030245747 0.7941576086956522 0.043013547574038996 0.06657608695652172
4 0.053516855702583487 0.20448369565217392 0.07102236925015752 0.38722826086956524
4 0.10753386893509767 0.578125 0.05101606805293004 0.2758152173913044
4 0.10503308128544422 0.8335597826086957 0.044013862633900426 0.2622282608695652
3 0.27058522369250154 0.22758152173913043 0.11903749212350348 0.11820652173913042
3 0.43163594833018265 0.2282608695652174 0.11903749212350341 0.11141304347826089
3 0.7027213295526151 0.22486413043478265 0.12503938248267177 0.11005434782608696
3 0.30559625078764957 0.5577445652173914 0.11903749212350345 0.11005434782608703
10 0.6587074669187146 0.07608695652173914 0.08702741020793965 0.019021739130434777
3 0.6191950220541902 0.7961956521739131 0.12003780718336486 0.1114130434782608
0 0.5911862003780718 0.07608695652173914 0.05601764335223699 0.09782608695652174
2 0.5751811594202898 0.22758152173913046 0.04201323251417776 0.06385869565217395
2 0.4501417769376181 0.5604619565217391 0.04401386263390045 0.07201086956521735
8 0.05451717076244487 0.7078804347826088 0.021006616257088852 0.42934782608695643
8 0.4411389413988658 0.6324728260869565 0.0920289855072464 0.06929347826086968
8 0.30609640831758034 0.558423913043478 0.10603339634530563 0.08695652173913086
8 0.4191320100819155 0.32540760869565216 0.1540485192186515 0.025815217391304303
8 0.5646778512917454 0.3036684782608696 0.09502993068683054 0.0747282608695652
8 0.27408632640201636 0.23301630434782608 0.09002835538752361 0.08831521739130441
8 0.4266343730308757 0.2316576086956522 0.09302930056710816 0.07472826086956515
8 0.590686042848141 0.08763586956521731 0.045014177693762036 0.06114130434782619
8 0.702221172022684 0.22690217391304351 0.104032766225583 0.08695652173913043
8 0.741233459357278 0.9028532608695642 0.1840579710144924 0.058423913043478264
8 0.6191950220541902 0.799592391304348 0.09603024574669185 0.07744565217391312
8 0.10403276622558287 0.577445652173913 0.028008821676118477 0.24456521739130443
8 0.05151622558286073 0.20108695652173914 0.029009136735979837 0.266304347826087
8 0.10503308128544418 0.8322010869565217 0.026008191556395797 0.21603260869565225
