10 0.4693879962192816 0.11277173913043478 0.03816162570888466 0.06521739130434785
10 0.47066005040957776 0.2275815217391304 0.03052930056710771 0.06114130434782606
10 0.25186672967863893 0.33016304347826086 0.15264650283553877 0.040760869565217385
10 0.2022566162570888 0.578804347826087 0.058514492753623165 0.4592391304347826
10 0.4884688090737239 0.7004076086956522 0.09158790170132321 0.05842391304347828
10 0.3536310649023314 0.7805706521739131 0.1170289855072464 0.04755434782608702
10 0.7034459672337744 0.7214673913043478 0.04833805923125396 0.05978260869565219
10 0.7263429426591052 0.7934782608695653 0.012720541902961457 0.03532608695652172
10 0.7276149968494013 0.8913043478260869 0.030529300567107783 0.0625
10 0.6194903906742281 0.45040760869565216 0.0330734089477 0.061141304347826095
10 0.5864169817265279 0.3383152173913044 0.10939666036546945 0.06793478260869562
11 0.4693879962192816 0.13858695652173914 0.04324984247006938 0.01630434782608697
11 0.4693879962192816 0.2513586956521739 0.03816162570888466 0.016304347826086987
11 0.31674149338374286 0.311820652173913 0.04833805923125393 0.01766304347826086
11 0.6245786074354127 0.36209239130434784 0.0585144927536232 0.012228260869565234
11 0.6207624448645241 0.4755434782608695 0.06105860113421542 0.019021739130434766
11 0.30783711405166975 0.8009510869565217 0.03561751732829237 0.020380434782608745
11 0.7237988342785129 0.8023097826086957 0.038161625708884796 0.014945652173913117
11 0.7301591052299937 0.9116847826086957 0.04579395085066167 0.016304347826086883
8 0.4693879962192816 0.281929347826087 0.3129253308128544 0.025815217391304372
8 0.47066005040957776 0.17391304347826086 0.1322936357908003 0.02173913043478258
8 0.4732041587901701 0.058423913043478264 0.3052930056710775 0.029891304347826095
8 0.6245786074354127 0.5978260869565217 0.37398393194706997 0.032608695652173836
8 0.6233065532451165 0.39470108695652173 0.27476370510396975 0.025815217391304372
8 0.7288870510396974 0.8349184782608695 0.22642564587271571 0.028532608695652186
8 0.7250708884688088 0.9483695652173912 0.3968809073724007 0.024456521739130467
8 0.24041824196597353 0.8328804347826088 0.2620431632010082 0.02717391304347828
3 0.46684388783868924 0.06046195652173912 0.4299543163201007 0.061141304347826074
3 0.47066005040957776 0.17255434782608695 0.24932262129804664 0.0706521739130435
3 0.47066005040957776 0.28396739130434784 0.4274102079395084 0.06793478260869566
3 0.6220344990548203 0.3960597826086956 0.40451323251417776 0.0638586956521739
3 0.24423440453686196 0.8362771739130436 0.3968809073724007 0.06385869565217403
8 0.4248660995589162 0.7459239130434782 0.15773471959672336 0.021739130434782653
8 0.7263429426591052 0.767663043478261 0.1857199117832387 0.024456521739130467
3 0.7314311594202898 0.8342391304347825 0.35871928166351613 0.0733695652173914
3 0.7263429426591052 0.9456521739130435 0.5164540012602394 0.06793478260869577
3 0.4286822621298046 0.7432065217391304 0.1755434782608696 0.029891304347826095
3 0.7301591052299936 0.7663043478260869 0.19844045368620045 0.03532608695652172
5 0.6347550409577819 0.6032608695652172 0.5011893509766856 0.24184782608695607
