10 0.09440573582130711 0.14587737843551796 0.04238624873609706 0.008456659619450324
10 0.11319055060207737 0.16701902748414377 0.006743266844379079 0.06342494714587738
10 0.09633238349112969 0.2906976744186046 0.04045960106627446 0.014799154334038035
10 0.11126390293225479 0.2748414376321353 0.010596562184024272 0.03805496828752638
10 0.1363103226399485 0.2251585623678647 0.02408309587278243 0.023255813953488344
10 0.1801415571284125 0.1723044397463002 0.011559886018935579 0.03594080338266385
10 0.1801415571284125 0.3964059196617336 0.013486533688758158 0.26849894291754756
10 0.22445445353433213 0.5591966173361522 0.030826362717161507 0.01902748414376319
10 0.2716573214449857 0.5581395348837209 0.030826362717161507 0.021141649048625765
10 0.2504641970769372 0.7526427061310781 0.013486533688758158 0.3298097251585624
10 0.5832925820387902 0.904862579281184 0.6772166559426417 0.01268498942917546
10 0.918047614670466 0.6966173361522198 0.009633238349112928 0.21775898520084566
10 0.9185292765879215 0.8784355179704016 0.004816619174556535 0.06131078224101472
10 0.9565805680669177 0.8298097251585623 0.055872782424855244 0.03171247357293879
10 0.31886018935563926 0.7188160676532769 0.013486533688758158 0.24524312896405917
10 0.5380163617979593 0.7304439746300211 0.5982241014799153 0.019027484143763332
10 0.39929772957073256 0.8234672304439746 0.17821490945858998 0.027484143763213637
10 0.4956301130618623 0.7019027484143763 0.010596562184024307 0.2156448202959831
10 0.5322364187884915 0.8298097251585622 0.049129515580476166 0.031712473572938646
10 0.3183785274381836 0.31395348837209297 0.006743266844379079 0.42494714587737836
10 0.3472782424855225 0.1025369978858351 0.07032263994852464 0.02325581395348836
10 0.40893096791984557 0.17864693446088795 0.012523209853846851 0.06976744186046513
10 0.44361062597665224 0.22727272727272727 0.047202867910653555 0.02748414376321353
10 0.4108576155896681 0.3858350951374207 0.006743266844379079 0.281183932346723
10 0.49466678922695095 0.3953488372093023 0.012523209853846851 0.2706131078224102
10 0.615082268590863 0.21775898520084566 0.052982810920121394 0.025369978858350954
10 0.5876275392958911 0.379492600422833 0.009633238349113 0.3488372093023257
10 0.6184539020130526 0.5602536997885835 0.04431289640591963 0.021141649048625838
10 0.5876275392958911 0.6913319238900634 0.005779943009467772 0.2156448202959831
10 0.7133412997518153 0.5602536997885835 0.03371633422189547 0.016913319238900614
10 0.7152679474216379 0.21775898520084566 0.04142292490118564 0.0211416490486258
10 0.6666200937586174 0.16067653276955604 0.011559886018935544 0.0422832980972516
10 0.7802923062781504 0.21987315010570824 0.04816619174556479 0.021141649048625765
10 0.8303851456935379 0.39852008456659616 0.009633238349112928 0.2938689217758984
10 0.8655464656678002 0.5613107822410148 0.054909458589943935 0.01902748414376326
10 0.8308668076109936 0.6522198731501058 0.010596562184024237 0.15433403805496837
10 0.7870355731225296 0.5591966173361522 0.0751392591230811 0.014799154334038035
11 0.11174556484971043 0.19661733615221988 0.013486533688758158 0.016913319238900614
11 0.11126390293225479 0.26004228329809725 0.014449857523669465 0.012684989429175494
11 0.14498023715415018 0.22304439746300211 0.006743266844379079 0.023255813953488344
11 0.1801415571284125 0.5169133192389007 0.021193124368048544 0.027484143763213495
11 0.23794098722309034 0.5613107822410148 0.013486533688758158 0.027484143763213495
11 0.31886018935563926 0.5137420718816067 0.017339829028403385 0.02536997885835092
11 0.28129055979409867 0.5581395348837209 0.011559886018935544 0.042283298097251676
11 0.24901921132457022 0.5887949260042283 0.01830315286331462 0.027484143763213637
11 0.3174152036032723 0.602536997885835 0.020229800533137235 0.029598308668076143
11 0.37521463369795016 0.5560253699788583 0.012523209853846851 0.02536997885835092
10 0.3641364095964702 0.5613107822410148 0.03660630572662924 0.023255813953488413
11 0.4961117749793179 0.5116279069767442 0.02504641970769363 0.02959830866807607
11 0.46528541226215636 0.2251585623678647 0.017339829028403315 0.02748414376321353
11 0.4103759536722124 0.14693446088794926 0.017339829028403315 0.019027484143763207
11 0.4108576155896681 0.2568710359408034 0.01830315286331462 0.02748414376321353
11 0.49611177497931785 0.8023255813953489 0.019266476698225857 0.03171247357293879
11 0.55342954315654 0.8255813953488371 0.01252320985384678 0.027484143763213495
11 0.6353120691240003 0.5581395348837209 0.012523209853846851 0.029598308668076143
11 0.6348304072065446 0.2167019027484144 0.01541318135858063 0.03171247357293869
11 0.7301994668627629 0.21035940803382666 0.017339829028403243 0.02748414376321353
11 0.8000404448938321 0.2167019027484144 0.014449857523669465 0.03171247357293869
11 0.8299034837760823 0.5306553911205074 0.012523209853846851 0.0422832980972516
11 0.8877029138707602 0.5623678646934461 0.01637650519349208 0.04228329809725153
11 0.8183435977571466 0.5528541226215645 0.020229800533137308 0.03594080338266394
11 0.7253828476882066 0.5581395348837209 0.011559886018935544 0.03382663847780123
7 0.06020773968195605 0.1437632135306554 0.03756962956154057 0.06765327695560255
7 0.0626160492692343 0.28752642706131076 0.028899715047338903 0.08033826638477802
4 0.01830315286331464 0.21775898520084566 0.017339829028403347 0.3128964059196618
4 0.019748138615681584 0.5380549682875264 0.02022980053313723 0.2600422832980972
4 0.01830315286331464 0.8192389006342495 0.021193124368048533 0.28541226215644827
3 0.17917823329350122 0.2219873150105708 0.06743266844379077 0.09302325581395347
3 0.1801415571284125 0.5581395348837209 0.06357937310414558 0.0845665961945032
3 0.3159702178509054 0.5613107822410147 0.06357937310414559 0.10359408033826632
3 0.4132659251769464 0.5560253699788583 0.05779943009467786 0.08879492600422828
3 0.4970750988142292 0.5570824524312897 0.06743266844379078 0.0866807610993657
3 0.49755676073168487 0.2241014799154334 0.06839599227870216 0.10147991543340382
3 0.41182093942457937 0.10359408033826639 0.06454269693905694 0.09725158562367865
3 0.6671017556760731 0.21987315010570824 0.06839599227870216 0.09725158562367862
3 0.8294218218586267 0.21775898520084566 0.06935931611361326 0.08879492600422836
3 0.6671017556760731 0.5613107822410148 0.06454269693905687 0.09513742071881602
3 0.9190109385053773 0.5560253699788583 0.0693593161136134 0.08879492600422828
5 0.24901921132457022 0.554968287526427 0.01637650519349208 0.05708245243128964
5 0.40748598216747856 0.22304439746300211 0.02311977203787109 0.03594080338266387
5 0.49370346539203963 0.8234672304439746 0.026009743542605008 0.06553911205074002
5 0.5881092012133468 0.5517970401691332 0.024083095872782394 0.07610993657505283
5 0.9170842908355548 0.8298097251585623 0.044312896405919705 0.07399577167019032
0 0.1772515856236786 0.113107822410148 0.040459601066274456 0.12473572938689216
0 0.6695100652633513 0.09725158562367865 0.050092839415387405 0.13107822410147993
0 0.9382774152036032 0.45454545454545453 0.08091920213254909 0.12262156448202959
3 0.5861825535435241 0.8298097251585623 0.0664693446088794 0.08668076109936579
8 0.06339370829361296 0.21130629680029692 0.054337464251668265 0.05857996346938922
8 0.06244041944709247 0.35357192236881363 0.0657769304099142 0.05021139725947649
8 0.01811248808388942 0.21758272145773144 0.01143946615824595 0.20084558903790595
8 0.01763584366062916 0.5460489451968068 0.012392755004766443 0.14226562556851674
8 0.017635843660629168 0.8086127100328193 0.012392755004766443 0.11088350228134387
5 0.11010486177311726 0.22804342922012238 0.02573879885605338 0.041842831049563746
8 0.17874165872259298 0.22804342922012238 0.056244041944709264 0.05439568036443287
8 0.17397521448999048 0.07113281278425836 0.0352716873212583 0.033474264839650984
8 0.18303145853193517 0.5617400068403932 0.05529075309818877 0.05230353881195469
8 0.3169685414680648 0.559647865287915 0.06577693040991424 0.04811925570699827
8 0.36129647283126787 0.22281307533892694 0.06101048617731181 0.09414636986151845
8 0.42421353670162065 0.17260167807945045 0.01906577693040994 0.014644990867347297
8 0.44041944709246905 0.223859146115166 0.013346043851286992 0.04184283104956371
8 0.4127740705433748 0.10356100684767025 0.06673021925643476 0.0648563881268238
8 0.4966634890371783 0.2228130753389269 0.059103908484270704 0.09414636986151842
8 0.41277407054337467 0.5596478652879149 0.045757864632983855 0.08996208675656199
8 0.4971401334604384 0.5606939360641542 0.056244041944709194 0.0753170958892148
8 0.45042897998093423 0.8305801963338402 0.01620591039084843 0.020921415524781963
8 0.5328884652049571 0.8368566209912749 0.01715919923736884 0.03347426483965108
8 0.4938036224976167 0.8776533812645995 0.05910390848427077 0.031382123287172874
8 0.5867492850333652 0.8274419840051229 0.0581506196377503 0.08159352054664921
8 0.7464251668255482 0.2887155342419898 0.038131553860819734 0.066948529679302
9 0.7402287893231648 0.5575557237354368 0.027645376549094464 0.06485638812682382
9 0.7464251668255483 0.21444450912901417 0.026692087702573843 0.060672105021867394
8 0.6663489037178263 0.2238591461151661 0.061010486177311654 0.0711328127842585
8 0.6668255481410869 0.06171817579810652 0.042897998093422346 0.05648782191691105
8 0.8336510962821735 0.21862879223397055 0.061963775023832275 0.06904067123178019
8 0.7407054337464252 0.626596394967217 0.034318398474737964 0.06904067123178023
8 0.799809342230696 0.5230353881195469 0.032411820781696715 0.07950137899417115
8 0.8622497616777883 0.5659242899453496 0.014299332697807471 0.031382123287172735
8 0.830791229742612 0.6422874566108036 0.023832221163012406 0.01673713241982554
8 0.9585319351763585 0.8337184086625575 0.018112488083889388 0.035566406392129296
8 0.9180171591992373 0.5648782191691104 0.05529075309818879 0.07950137899417108
8 0.9523355576739754 0.4456261506778538 0.04194470924690194 0.046027114154520064
