8 0.5041750470729203 0.0625 0.5708286973639164 0.04347826086956522
8 0.5178475907223554 0.20516304347826086 0.502465979116741 0.03260869565217394
8 0.5024659791167408 0.36209239130434784 0.5947556487504279 0.05842391304347828
8 0.5058841150290996 0.5230978260869565 0.48537529955494707 0.029891304347826095
8 0.5110113188976377 0.6657608695652175 0.7075541338582677 0.03804347826086953
8 0.4990478432043821 0.8084239130434782 0.5879193769257105 0.02717391304347828
8 0.5058841150290996 0.9483695652173912 0.1914156110920917 0.021739130434782653
10 0.507593182985279 0.1331521739130435 0.044435766860664146 0.0706521739130435
10 0.5007569111605615 0.27717391304347827 0.044435766860664146 0.07880434782608696
10 0.5058841150290996 0.45108695652173914 0.054690174597740435 0.08152173913043484
10 0.5041750470729203 0.5978260869565218 0.05810831051009927 0.08423913043478265
10 0.507593182985279 0.7384510869565217 0.044435766860664146 0.07744565217391312
10 0.5041750470729203 0.8797554347826088 0.06494458233481687 0.07744565217391297
11 0.5041750470729203 0.16032608695652176 0.0717808541595344 0.019021739130434784
11 0.5041750470729203 0.3029891304347826 0.0717808541595344 0.021739130434782615
11 0.5058841150290996 0.48165760869565216 0.06836271824717563 0.020380434782608745
11 0.5024659791167408 0.6195652173913043 0.06836271824717563 0.024456521739130394
11 0.5093022509414584 0.7663043478260869 0.05469017459774058 0.01902173913043484
11 0.5058841150290996 0.9096467391304347 0.08203526189661076 0.020380434782608602
3 0.5075931829852789 0.0625 0.7827531239301608 0.08152173913043478
3 0.5024659791167408 0.20652173913043476 0.704135997945909 0.08423913043478262
3 0.507593182985279 0.3654891304347826 0.9126422885997946 0.11956521739130434
3 0.5058841150290996 0.5230978260869565 0.6904634542964739 0.08152173913043484
3 0.5041750470729203 0.6630434782608695 0.9126422885997947 0.0815217391304347
3 0.5058841150290994 0.8097826086956517 0.7793349880178019 0.08152173913043521
3 0.5041750470729203 0.951086956521739 0.40675817357069505 0.08152173913043484
