10 0.11826013460456698 0.33333333333333326 0.05340780272464315 0.021806853582554523
10 0.19408014025830142 0.43613707165109034 0.008583396866460511 0.1246105919003115
10 0.19837183869153172 0.49454828660436134 0.022889058310561376 0.017133956386292865
10 0.2050478140321121 0.5599688473520249 0.0057222645776403526 0.1355140186915888
10 0.3628869452986915 0.4392523364485982 0.0066759753405803935 0.1339563862928349
10 0.3380904654622499 0.5038940809968847 0.06008377806522354 0.020249221183800542
10 0.3099559979555183 0.5646417445482865 0.005722264577640317 0.12928348909657317
10 0.26513159209733567 0.6643302180685359 0.0476855381470028 0.017133956386292795
10 0.3652712222060416 0.6635514018691588 0.0629449103540437 0.015576323987538956
10 0.39149826818689304 0.7141744548286604 0.008583396866460546 0.10124610591900307
10 0.42201701260097496 0.7609034267912773 0.07534315027226449 0.017133956386292795
10 0.42964669870449534 0.33956386292834895 0.06008377806522361 0.021806853582554523
10 0.49831387363617935 0.19937694704049846 0.008583396866460546 0.09034267912772588
10 0.4868693444808987 0.23909657320872274 0.029565033651141732 0.017133956386292865
10 0.474947959944148 0.2702492211838006 0.00762968610352047 0.07320872274143297
10 0.5417077133499519 0.33099688473520245 0.11635271307868685 0.023364485981308435
10 0.6118054544260461 0.37694704049844235 0.008583396866460475 0.043613707165109046
10 0.6146665867148663 0.3940809968847352 0.01812050449586117 0.012461059190031137
10 0.6203888512925065 0.5358255451713395 0.008583396866460475 0.2897196261682242
10 0.5045129935952898 0.7546728971962616 0.030518744414081807 0.014018691588785118
10 0.6075137559928159 0.751557632398754 0.028611322888201726 0.014018691588785118
10 0.7057459645756415 0.751557632398754 0.022889058310561268 0.014018691588785118
10 0.8054087393028775 0.7531152647975078 0.03147245517702174 0.020249221183800615
10 0.9031640925042334 0.75 0.02479647983644142 0.017133956386292937
10 0.8440340252019499 0.4524922118380062 0.00762968610352047 0.16043613707165108
10 0.815422702313748 0.5334890965732088 0.061037488828163615 0.010903426791277227
10 0.7868113794255465 0.6028037383177569 0.009537107629400623 0.1651090342679128
10 0.9103169232262838 0.33255451713395634 0.06008377806522361 0.014018691588785118
11 0.13781120524483814 0.3364485981308411 0.010490818392340647 0.024922118380062273
11 0.203617247887702 0.6191588785046729 0.014305661444100863 0.017133956386292865
11 0.28039096430437654 0.6612149532710281 0.013351950681160822 0.023364485981308292
11 0.3628869452986913 0.3753894080996885 0.008583396866460546 0.021806853582554523
11 0.45682745544828696 0.33566978193146413 0.013351950681160787 0.023364485981308362
11 0.4997444397805894 0.1557632398753894 0.019074215258801104 0.01869158878504674
11 0.5951155160745951 0.32242990654205606 0.019074215258801173 0.015576323987538956
11 0.6203888512925065 0.6744548286604362 0.018120504495861098 0.018691588785046776
11 0.5150038119876303 0.7538940809968847 0.013351950681160787 0.018691588785046776
11 0.4515820462521167 0.7624610591900313 0.016213082969981016 0.020249221183800615
11 0.6170508636222164 0.75 0.013351950681160787 0.020249221183800615
11 0.712421939916222 0.7531152647975077 0.01716679373292109 0.023364485981308435
11 0.813515280787868 0.7523364485981309 0.013351950681160787 0.021806853582554596
11 0.9122243447521639 0.75 0.014305661444100792 0.020249221183800615
11 0.8445108805834198 0.38084112149532706 0.010490818392340628 0.023364485981308435
11 0.9341596922997851 0.3302180685358255 0.014305661444100792 0.015576323987538956
7 0.0796348487054947 0.33099688473520245 0.037194719754662195 0.05763239875389406
1 0.9293911384850847 0.750778816199377 0.0333798767029019 0.05295950155763251
1 0.9513264860327061 0.32866043613707163 0.03910214128054235 0.059190031152648
4 0.033856732084371996 0.4127725856697819 0.03147245517702185 0.383177570093458
4 0.033856732084371996 0.7912772585669782 0.03147245517702186 0.4174454828660437
4 0.030995599795551828 0.08333333333333331 0.02002792602174118 0.15109034267912771
3 0.1797744788142006 0.33255451713395634 0.07915799332402466 0.0825545171339564
3 0.3633638006801614 0.33255451713395634 0.08011170408696472 0.08878504672897193
3 0.2050478140321121 0.6651090342679127 0.07820428256108461 0.09034267912772584
3 0.84546459134636 0.3341121495327103 0.07915799332402472 0.08878504672897197
3 0.5574439409384628 0.7554517133956387 0.08106541484990473 0.08411214953271028
3 0.6580604264286388 0.7523364485981309 0.0782042825610847 0.08722741433021809
3 0.7534315027226444 0.7531152647975077 0.08011170408696472 0.08878504672897193
3 0.8540479882128205 0.750778816199377 0.08106541484990473 0.08411214953271028
7 0.4773322368514981 0.751557632398754 0.029565033651141732 0.05140186915887867
5 0.3099559979555183 0.6596573208722742 0.051500381198763066 0.09501557632398758
0 0.14305661444100845 0.4369158878504673 0.03814843051760224 0.08255451713395637
2 0.4754248153256181 0.3348909657320872 0.03337987670290197 0.05295950155763236
2 0.6118054544260461 0.3341121495327103 0.0333798767029019 0.04517133956386296
8 0.3910214128054231 0.08800623052959501 0.03242616593996189 0.051401869158878497
8 0.0152593722070409 0.08489096573208724 0.013351950681160787 0.09501557632398754
8 0.03242616593996191 0.07866043613707166 0.00953710762940057 0.10436137071651093
8 0.07772742717961459 0.366822429906542 0.021935347547621296 0.010903426791277298
8 0.1411491929151283 0.49221183800623053 0.06103748882816358 0.024922118380062273
8 0.1826356111030208 0.33099688473520245 0.05817635653934339 0.04205607476635514
8 0.014782516825570871 0.616043613707165 0.01239823991822073 0.13862928348909662
8 0.03194931055849188 0.4080996884735202 0.01049081839234061 0.10280373831775705
8 0.033856732084371996 0.7967289719626168 0.014305661444100845 0.10747663551401883
8 0.3090022871925783 0.7219626168224299 0.05722264577640335 0.020249221183800615
8 0.3943594004757132 0.717289719626168 0.041009562806422435 0.017133956386292795
8 0.4730405384182679 0.3691588785046729 0.13924177138924818 0.015576323987538956
8 0.6132360205704562 0.36838006230529596 0.07629686103520449 0.020249221183800615
8 0.3628869452986913 0.33333333333333326 0.07343572874638432 0.06230529595015575
8 0.33904417622519 0.501557632398754 0.06008377806522354 0.015576323987538958
8 0.20743209093946227 0.6651090342679127 0.0658060426428639 0.015576323987538958
8 0.5221566427096808 0.6900311526479751 0.11921384536750708 0.012461059190031137
8 0.474947959944148 0.7873831775700935 0.028611322888201726 0.014018691588784975
8 0.9503727752697659 0.37227414330218067 0.02384276907350156 0.018691588785046776
8 0.9308217046294948 0.7912772585669782 0.02479647983644142 0.018691588785046776
8 0.5550596640311127 0.749221183800623 0.0553152242505233 0.03738317757009341
8 0.6561530049027584 0.75 0.06675975340580417 0.06386292834890955
8 0.7558157796299946 0.750778816199377 0.05436151348758329 0.015576323987538958
8 0.8535711328313502 0.75 0.0667597534058038 0.02959501557632386
8 0.8449877359648897 0.3325545171339563 0.051500381198763 0.045171339563862885
