10 0.13168124392614197 0.09607535321821054 0.06316812439261417 0.02224714061448756
10 0.25704567541302237 0.09885624579502149 0.04373177842565596 0.016685355460865664
10 0.3814382896015549 0.09885624579502149 0.06316812439261418 0.013904462884054726
10 0.5364431486880467 0.09468490692980508 0.1865889212827989 0.011123570307243789
10 0.6783284742468416 0.12527472527472547 0.04664723032069972 0.06396052926665172
10 0.7944606413994169 0.16420722135007867 0.03790087463556844 0.01668535546086568
10 0.9047619047619047 0.16212155191747044 0.034985422740524824 0.0208566943260821
10 0.4285714285714286 0.16559766763848416 0.00971817298347915 0.09455034761157209
10 0.44800777453838675 0.20731105629064828 0.0524781341107871 0.016685355460865702
10 0.5199222546161322 0.20731105629064828 0.046647230320699645 0.008342677730432832
10 0.3012633624878523 0.1760260148015252 0.01166180758017493 0.07369365328549003
10 0.20116618075801757 0.21078717201166197 0.2137998056365403 0.012514016595649267
10 0.09718172983479115 0.34287956941018183 0.003887269193391649 0.27947970396949984
10 0.12633624878522848 0.49582866113478374 0.040816326530612256 0.012514016595649267
10 0.21525753158406224 0.49860955371159466 0.06899902818270164 0.012514016595649196
10 0.2653061224489796 0.3748598340435077 0.00971817298347915 0.2071764969724153
10 0.41156462585034015 0.27405247813411093 0.30612244897959173 0.016685355460865702
10 0.5646258503401359 0.2650145772594753 0.007774538386783334 0.04588472751738056
10 0.5898931000971818 0.31437542049786965 0.01360544217687078 0.1334828436869253
10 0.3838678328474247 0.4186588921282801 0.007774538386783263 0.0862076698811392
10 0.48445092322643346 0.3769455034761159 0.21865889212827974 0.013904462884054709
10 0.6379980563654034 0.3289751065261271 0.010689990281827093 0.4268670105404799
10 0.5811467444120505 0.534761157210137 0.11856171039844518 0.015294909172460151
10 0.5286686103012633 0.6710248934738732 0.015549076773566525 0.3045077371607984
10 0.3756073858114675 0.682148463781117 0.0204081632653061 0.00973312401883831
10 0.38532555879494657 0.7697465799506616 0.01652089407191454 0.1932720340883607
10 0.4329446064139942 0.8573446961202065 0.11953352769679298 0.02363758690289302
10 0.5845481049562682 0.8594303655528147 0.047619047619047665 0.01946624803767662
10 0.619533527696793 0.7405472078941467 0.01068999028182695 0.1626822157434401
10 0.6700680272108843 0.6564252074456158 0.11758989310009724 0.016685355460865737
10 0.7264334305150633 0.43603947073334837 0.00680272108843539 0.46301861403902217
10 0.7536443148688048 0.4589818344920387 0.014577259475218653 0.5033415564027809
10 0.706025267249757 0.70578605068401 0.10592808551992221 0.00973312401883831
10 0.6545189504373177 0.760708679076026 0.010689990281827022 0.1279210585333034
10 0.695821185617104 0.8573446961202065 0.03692905733722057 0.02363758690289302
10 0.16618075801749277 0.6035882484862078 0.01166180758017493 0.16129176945503482
10 0.22740524781341115 0.679367571204306 0.14188532555879493 0.026418479479704046
10 0.3134110787172012 0.502780892576811 0.07288629737609323 0.020856694326082063
10 0.42711370262390674 0.5006952231442029 0.024295432458697804 0.01946624803767662
10 0.4368318756073859 0.5305898183449206 0.012633624878522837 0.08481722359273385
10 0.3294460641399417 0.5695223144202738 0.23906705539358597 0.012514016595649267
10 0.21525753158406224 0.5465799506615834 0.016520894071914503 0.06674142184346266
10 0.23615160349854236 0.5194662480376767 0.05636540330417876 0.018075801749271106
11 0.1574344023323616 0.09955146893922422 0.017492711370262412 0.03198026463332587
11 0.27016520894071916 0.09607535321821054 0.02137998056365401 0.025028033191298496
11 0.4037900874635569 0.09955146893922422 0.02040816326530603 0.02085669432608208
11 0.6209912536443148 0.09398968378560234 0.01943634596695823 0.018075801749271144
11 0.69533527696793 0.14960753532182122 0.01457725947521851 0.026418479479703976
11 0.8080660835762876 0.16212155191747046 0.01846452866861043 0.023637586902893037
11 0.9178814382896016 0.160731105629065 0.0165208940719144 0.029199372056514933
11 0.5364431486880467 0.20939672572325652 0.011661807580174894 0.029199372056514933
11 0.4659863945578232 0.2045301637138374 0.018464528668610286 0.027808925768109453
11 0.5918367346938775 0.25528145324063706 0.02332361516034993 0.020856694326082063
11 0.3420796890184646 0.49860955371159466 0.017492711370262412 0.01807580174927118
11 0.2643343051506318 0.4708006279434852 0.019436345966958157 0.020856694326082063
11 0.2434402332361517 0.49582866113478374 0.022351797862001987 0.018075801749271037
11 0.14382896015549085 0.4930477685579728 0.013605442176870763 0.026418479479704046
11 0.09620991253644323 0.4728862973760934 0.013605442176870729 0.016685355460865664
11 0.28862973760932953 0.6751962323390895 0.023323615160349823 0.02641847947970376
11 0.25121477162293493 0.5145996860282576 0.010689990281827022 0.030589818344920444
11 0.48590864917395526 0.8573446961202064 0.02332361516034993 0.026418479479704188
11 0.6000971817298348 0.8580399192644091 0.020408163265306242 0.02780892576810956
11 0.640427599611273 0.12249383269791451 0.01749271137026227 0.019466248037676603
11 0.7541302235179785 0.2191298497420948 0.019436345966958157 0.029199372056514933
11 0.6171039844509232 0.808679076026015 0.013605442176870639 0.026418479479703903
11 0.7118561710398444 0.8573446961202065 0.014577259475218653 0.02919937205651479
7 0.08697764820213809 0.09607535321821054 0.045675413022351806 0.05561785153621887
1 0.9382896015549076 0.16420722135007867 0.039844509232264326 0.07230320699708452
1 0.7308066083576287 0.8573446961202065 0.034985422740524824 0.06535097555505728
4 0.03790087463556861 0.160731105629065 0.04275996112730805 0.30728862973760934
4 0.035957240038872795 0.6293115048217091 0.038872691933916424 0.6966135904911416
3 0.20213799805636548 0.09329446064139962 0.08746355685131194 0.10567391791881586
3 0.3129251700680273 0.09607535321821054 0.08940719144800785 0.10011213276519397
3 0.577259475218659 0.20592061000224285 0.07968901846452858 0.10289302534200497
3 0.738581146744412 0.1586454361964568 0.08551992225461617 0.10289302534200495
3 0.847910592808552 0.1614263287732677 0.08649173955296405 0.10289302534200492
3 0.3819241982507289 0.49513343799058096 0.08357628765792029 0.10011213276519385
3 0.32701652089407196 0.679367571204306 0.0845481049562682 0.10706436420722142
3 0.5281827016520895 0.8594303655528147 0.08843537414965986 0.10011213276519385
3 0.6433430515063168 0.8601255886970174 0.08551992225461617 0.09872168647678847
5 0.1647230320699709 0.4902668759811618 0.03790087463556848 0.057008297824624424
5 0.4275996112730807 0.09816102265081876 0.03887269193391638 0.05978919040143531
2 0.09280855199222555 0.502780892576811 0.03595724003887269 0.04588472751738053
2 0.2648202137998057 0.49860955371159466 0.04761904761904759 0.057008297824624424
2 0.641399416909621 0.0932944606413996 0.031098153547133123 0.05005606638259699
8 0.08808762107882345 0.1315426997245179 0.07605379306259072 0.015151515151515138
8 0.029843893480257126 0.16460055096418735 0.011552474895583406 0.10330578512396699
8 0.05679966823661839 0.4621212121212121 0.011552474895583397 0.04545454545454547
8 0.05679966823661839 0.6873278236914601 0.011552474895583397 0.08815426997245183
8 0.056799668236618396 0.8670798898071627 0.015403299860777873 0.10055096418732788
8 0.030806599721555736 0.6329201101928374 0.011552474895583397 0.10055096418732773
8 0.09530791788856305 0.5330578512396694 0.0693148493735004 0.022038567493112993
8 0.2652255694777688 0.5447658402203855 0.06257590568441018 0.03168044077134989
8 0.4837598862525549 0.24517906336088152 0.0548742557540212 0.01928374655647385
9 0.48520394561450286 0.20592286501377408 0.032732012204153026 0.053719008264462825
8 0.6382742379809828 0.13498622589531678 0.07316567433869486 0.019283746556473833
8 0.9343064071803076 0.20110192837465565 0.07605379306259082 0.013774104683195603
8 0.6421250629461775 0.8560606060606061 0.05968778696051416 0.0564738292011019
8 0.5261189608696939 0.8615702479338843 0.05872508071921551 0.053719008264462784
8 0.3316523001273735 0.6818181818181819 0.06450131816700733 0.019283746556473885
8 0.38219437779555077 0.4979338842975206 0.06738943689090326 0.017906336088154264
8 0.5795491572617674 0.209366391184573 0.05391154951272263 0.060606060606060635
8 0.1987988388281643 0.09710743801652891 0.07027755561479904 0.015151515151515136
8 0.31384223466334904 0.09710743801652892 0.07316567433869486 0.01790633608815428
8 0.7393583933173375 0.1604683195592286 0.07316567433869443 0.015151515151515176
8 0.8481441985840813 0.16391184573002754 0.06161319944311146 0.01101928374655648
