10 0.11645813282001924 0.15898796766367265 0.03272377285851784 0.03456260166601579
10 0.16794995187680464 0.23848195149550905 0.01636188642925891 0.0725814634986332
10 0.17228103946102022 0.07862991879018594 0.00962463907603464 0.0708533334153324
10 0.19971126082771895 0.04665951224912133 0.068334937439846 0.024193821166211067
10 0.2974013474494706 0.049251707374072515 0.0904716073147257 0.019009430916308693
10 0.33830606352261794 0.07430959358193397 0.018286814244465786 0.07949398383183634
10 0.287776708373436 0.15639577253872147 0.03272377285851782 0.02246569108291025
10 0.22184793070259864 0.1563957725387215 0.03368623676612128 0.015553170749707128
10 0.25553416746871993 0.5737391876558623 0.01443695861405196 0.7707460171521524
10 0.3897978825794033 0.63422374057139 0.29066410009624644 0.017281300833007832
10 0.5274302213666988 0.5806517079890655 0.013474494706448539 0.13825040666406324
10 0.5009624639076035 0.4864686184491724 0.01828681424446593 0.02592195124951182
10 0.3883541867179981 0.1563957725387215 0.020211742059672702 0.015553170749707128
10 0.3931665062560154 0.3214321954939469 0.010587102983638061 0.3525385369933612
10 0.39990375360923963 0.48042016315761954 0.025986525505293515 0.024193821166211008
10 0.539461020211742 0.15985203270532305 0.0279114533205005 0.01209691058310554
10 0.3041385948026949 0.22206471570415154 0.03657362848893165 0.03629073174931659
10 0.32868142444658327 0.26353983770337047 0.012512030798845046 0.12615349608095766
10 0.3609239653512993 0.2246569108291027 0.015399422521655453 0.04493138216582054
10 0.41097208854667955 0.26440390274502085 0.08277189605389801 0.01728130083300787
10 0.4513955726660251 0.20219121974619242 0.007699711260827726 0.15207544733046952
10 0.4990375360923966 0.13133788633086002 0.10875842155919152 0.020737560999609474
10 0.6616939364773821 0.1347941464974616 0.06256015399422515 0.020737560999609474
10 0.6867179980750722 0.2920539840778335 0.016361886429259016 0.3490822768267596
10 0.6414821944177094 0.1883661790797861 0.0240615976900866 0.06566894316543
10 0.651106833493744 0.5434969111980985 0.020211742059672702 0.5720110575725615
10 0.6910490856592878 0.638544065779642 0.01539942252165531 0.25403512224521607
10 0.7256977863330125 0.6886598381953648 0.007699711260827655 0.1745411384133797
10 0.7569778633301252 0.8087648789847697 0.027911453320500358 0.024193821166210938
10 0.8051010587102984 0.15725983758037188 0.039461020211741984 0.020737560999609456
10 0.7868142444658325 0.4665951224912133 0.012512030798845046 0.6394081308212924
10 0.787776708373436 0.8986276433164108 0.012512030798844904 0.10368780499804743
10 0.526948989412897 0.9487434157321337 0.563041385948027 0.031106341499414186
10 0.7256977863330125 0.345626016660158 0.007699711260827655 0.4458575614916039
10 0.7709335899903753 0.12788162616425847 0.10009624639076037 0.020737560999609456
10 0.8753609239653514 0.25144292712026495 0.02021174205967256 0.09850341474814506
10 0.9138594802694899 0.1538035774137703 0.029836381135707482 0.024193821166211063
10 0.8691049085659287 0.05875642283222686 0.025024061597690092 0.010368780499804746
10 0.8561116458132819 0.054436097623974875 0.006737247353224234 0.10887219524794975
11 0.1246390760346487 0.15898796766367268 0.012512030798845046 0.048387642332422126
11 0.16746871992300288 0.2047834148711436 0.028873917228103937 0.029378211416113444
11 0.2271414821944177 0.04320325208251975 0.00962463907603464 0.02765008133281264
11 0.3368623676612127 0.09763934970649463 0.026948989412897077 0.02592195124951184
11 0.29547641963426374 0.1546676424554207 0.017324350336862367 0.02592195124951184
11 0.23195380173243507 0.1555317074970711 0.015399422521655416 0.031106341499414204
11 0.25072184793070257 0.19787089453794046 0.02598652550529355 0.032834471582715
11 0.3118383060635226 0.21083187016269636 0.015399422521655416 0.03456260166601581
11 0.32771896053897975 0.21083187016269636 0.01443695861405196 0.02765008133281263
11 0.35899903753609236 0.23675382141220822 0.021174205967276195 0.03456260166601581
11 0.40664100096246386 0.4847404883658716 0.010587102983638132 0.043203252082519794
11 0.546679499518768 0.13047382128920965 0.01924927815206921 0.025921951249511858
11 0.6891241578440809 0.7603772366523475 0.01924927815206928 0.03456260166601581
11 0.6578440808469682 0.8208617895678754 0.014436958614052031 0.031106341499414186
11 0.7646775745909529 0.8139492692346721 0.01828681424446586 0.038018861832617434
11 0.8132820019249277 0.16071609774697346 0.011549566891241482 0.02765008133281263
11 0.8118383060635226 0.12615349608095766 0.012512030798845046 0.02765008133281265
11 0.87776708373436 0.21256000024599714 0.01924927815206928 0.03110634149941422
11 0.9220404234841193 0.1512113822888191 0.017324350336862436 0.032834471582715
11 0.4494706448508181 0.5452250412813991 0.013474494706448539 0.015553170749707093
11 0.4287776708373435 0.5417687811147976 0.010587102983638132 0.0224656910829102
10 0.4494706448508181 0.5746032526975127 0.011549566891241625 0.08467837408173871
10 0.42829643888354185 0.5460891063230497 0.011549566891241553 0.02765008133281263
11 0.6819056785370549 0.8666572367753461 0.010587102983638203 0.015553170749707022
10 0.6761308950914341 0.8778900823168013 0.022136669874879687 0.034562601666015665
11 0.5452358036573629 0.16158016278862383 0.010587102983638061 0.015553170749707128
10 0.5274302213666988 0.30501495970258946 0.0076997112608277974 0.30587902474423984
10 0.589990375360924 0.24971479703696417 0.005774783445620883 0.0881346342483403
10 0.6169393647738209 0.2246569108291027 0.017324350336862367 0.03110634149941422
11 0.5885466794995188 0.20996780512104596 0.016361886429258943 0.029378211416113444
11 0.6121270452358036 0.21256000024599714 0.011549566891241482 0.013825040666406316
11 0.6867179980750722 0.44844975661655495 0.025986525505293515 0.029378211416113444
11 0.7266602502406161 0.621262764946634 0.017324350336862294 0.02592195124951182
11 0.5048123195380174 0.4864686184491724 0.008662175168431147 0.032834471582715
7 0.08421559191530317 0.15898796766367265 0.03176130895091433 0.07258146349863315
1 0.9422521655437922 0.15121138228881914 0.026948989412896935 0.060484552915527665
4 0.020211742059672758 0.1667645530385262 0.040423484119345515 0.3335291060770524
4 0.018768046198267566 0.4951092688656763 0.03753609239653513 0.3266165857438494
4 0.019730510105871034 0.8174055294012738 0.03946102021174207 0.35945105732656446
3 0.17131857555341676 0.1555317074970711 0.09047160731472571 0.11405658549785215
3 0.3373435996150145 0.1563957725387215 0.0818094321462945 0.10541593508134818
3 0.5895091434071222 0.1546676424554207 0.0837343599615015 0.1019596749147466
3 0.8585178055822908 0.1546676424554207 0.08469682386910492 0.1019596749147466
3 0.4518768046198268 0.48819674853247313 0.08758421559191526 0.10541593508134824
3 0.7050048123195382 0.8165414643596233 0.0837343599615015 0.11578471558115283
5 0.7868142444658325 0.8122211391513713 0.03176130895091433 0.0794939838318362
5 0.5274302213666988 0.4795560981159692 0.04234841193455246 0.07776585374853554
5 0.25264677574590955 0.14861918716386793 0.0375360923965351 0.0725814634986332
0 0.5654475457170356 0.30501495970258946 0.045235803657362794 0.06739707324873084
0 0.5625601539942252 0.24885073199531377 0.045235803657362794 0.048387642332422126
0 0.6467757459095285 0.242802276703761 0.044273339749759374 0.03974699191591817
0 0.3955726660250241 0.564234472197708 0.044273339749759374 0.057028292748926075
0 0.3946102021174206 0.6091658543635284 0.050048123195380184 0.057028292748926006
10 0.3618864292589028 0.4052465045340352 0.013474494706448467 0.2263850409124035
10 0.37969201154956683 0.5080702444904323 0.05293551491819059 0.03456260166601581
11 0.4003849855630414 0.5158468298652857 0.015399422521655453 0.03283447158271507
0 0.36044273339749766 0.2739086182031752 0.0240615976900866 0.06394081308212925
0 0.287776708373436 0.3240243906188981 0.04812319538017327 0.04665951224912128
0 0.2901828681424447 0.2618117076200697 0.04716073147256978 0.05011577241572294
0 0.13137632338787295 0.2600835775367689 0.05101058710298366 0.03974699191591817
0 0.24109720885466795 0.04752357729077173 0.025986525505293585 0.06739707324873083
0 0.6871992300288738 0.4838764233242212 0.03272377285851789 0.08295024399843796
0 0.7276227141482196 0.5797876429474151 0.04042348411934554 0.08122211391513723
0 0.6410009624639076 0.8865307327333053 0.0519730510105871 0.05875642283222689
0 0.8349374398460057 0.3015586995359879 0.04908565928777662 0.04320325208251976
0 0.8378248315688162 0.23848195149550905 0.051010587102983604 0.048387642332422126
0 0.8902791145332052 0.057892357790576464 0.02887391722810392 0.06048455291552765
8 0.08487605420952565 0.2268835616438356 0.057219811826646504 0.06335616438356162
8 0.13589705308828545 0.2893835616438356 0.04291485886998489 0.013698630136986302
8 0.019073270608882163 0.16780821917808209 0.038146541217764326 0.30821917808219157
8 0.020026934139326283 0.488013698630137 0.0324245600350997 0.28082191780821913
8 0.020503765904548336 0.8287671232876712 0.020026934139326276 0.297945205479452
8 0.16784478135816314 0.16010273972602743 0.06484912007019929 0.053082191780821984
8 0.24366103202846973 0.0881849315068493 0.06389545653975524 0.02226027397260274
8 0.28848321795934284 0.3450342465753425 0.05626614829620241 0.018835616438356125
8 0.28848321795934284 0.2868150684931507 0.04291485886998487 0.018835616438356198
8 0.36143847803831713 0.3099315068493151 0.04386852240042899 0.017123287671232886
8 0.3890947204211963 0.226027397260274 0.032424560035099644 0.020547945205479437
8 0.33902738507288066 0.16095890410958902 0.07152476478330819 0.10273972602739725
8 0.5912713888753474 0.15325342465753425 0.0629417930093112 0.05993150684931506
8 0.6484912007019937 0.264554794520548 0.09918100716618732 0.025684931506849296
8 0.5226076146833715 0.4041095890410959 0.09727368010529908 0.04452054794520542
8 0.3943398698386389 0.6464041095890412 0.056266148296202446 0.018835616438356125
8 0.3938630380734168 0.5847602739726028 0.0629417930093112 0.018835616438356198
8 0.5283295958660361 0.5573630136986302 0.06103446594842296 0.04280821917808218
8 0.589364061814459 0.4777397260273972 0.0743857553746404 0.03767123287671225
8 0.7271684419636327 0.4443493150684931 0.06008080241797884 0.018835616438356125
8 0.6885450689806464 0.5265410958904109 0.04768317652220546 0.018835616438356198
8 0.7610234972943987 0.545376712328767 0.047683176522205314 0.029109589041095844
8 0.7247842831375226 0.625 0.04768317652220546 0.023972602739726057
8 0.6394313971627749 0.9169520547945206 0.10013467069663143 0.02226027397260282
8 0.7891565714424997 0.8912671232876712 0.07915407302686106 0.04280821917808225
8 0.8358860844342612 0.8065068493150684 0.05054416711353781 0.05136986301369859
8 0.8335019256081508 0.3279109589041096 0.05912713888753473 0.025684931506849296
8 0.8382702432603714 0.2654109589041096 0.10681031540974019 0.023972602739726023
8 0.9417427363135572 0.22089041095890408 0.06961743772241988 0.07534246575342461
8 0.8902449056695753 0.09332191780821918 0.048636840052649434 0.018835616438356163
8 0.9269609515916735 0.015410958904109588 0.05531248476575826 0.023972602739726026
8 0.8573435138692537 0.15839041095890413 0.06103446594842296 0.08390410958904113
8 0.562661482962024 0.3210616438356164 0.06294179300931113 0.015410958904109578
8 0.5636151464924681 0.2662671232876712 0.04768317652220546 0.015410958904109612
8 0.4529901769609515 0.48630136986301364 0.06866377419197577 0.0787671232876712
8 0.7042805172329741 0.8184931506849314 0.06580278360064348 0.07534246575342479
