10 0.10057747834456209 0.23929961732964222 0.010587102983638132 0.3363530225004879
10 0.1174205967276227 0.19114334758838297 0.03657362848893166 0.011853851013233054
10 0.18864292589027912 0.24152221439462346 0.036573628488931684 0.01778077651984958
10 0.17276227141482195 0.3126453204740217 0.006737247353224269 0.15410006317202962
10 0.1333012512030799 0.416366516839811 0.045235803657362864 0.014817313766541319
10 0.19826756496631376 0.4185891139047922 0.02117420596727623 0.016299045143195415
10 0.29210779595765163 0.416366516839811 0.024061597690086634 0.011853851013233054
10 0.41193455245428295 0.4185891139047922 0.15399422521655431 0.013335582389887222
10 0.4889316650625601 0.32820349992889014 0.005774783445620741 0.19114334758838297
10 0.4971126082771896 0.24300394577127757 0.025986525505293585 0.011853851013233052
10 0.29162656400384984 0.2407813487062964 0.02309913378248318 0.013335582389887185
10 0.3994225216554379 0.24152221439462346 0.1251203079884504 0.014817313766541319
10 0.45717035611164575 0.3852501579300742 0.011549566891241482 0.3141270518506759
10 0.3185755534167469 0.32820349992889 0.007699711260827837 0.11705677875567648
10 0.33060635226179014 0.5608353260635888 0.0375360923965351 0.010372119636578888
10 0.43166506256015397 0.5593535946869346 0.02021174205967277 0.01333558238988715
10 0.45717035611164575 0.6326992978313142 0.009624639076034568 0.09483080810586443
10 0.4716073147256978 0.6778921048192652 0.050048123195380115 0.010372119636578959
10 0.578922040423484 0.6786329705075922 0.025986525505293585 0.014817313766541248
10 0.526948989412897 0.20077460153663484 0.006737247353224305 0.03704328441635326
10 0.5264677574590952 0.4141439197748298 0.0076997112608277974 0.29486454395417216
10 0.4995187680461982 0.5608353260635889 0.05774783445620784 0.013335582389887222
10 0.5534167468719923 0.24152221439462346 0.02309913378248318 0.01778077651984958
10 0.6515880654475459 0.2407813487062964 0.026948989412897077 0.013335582389887185
10 0.6135707410972089 0.18447555639343938 0.178055822906641 0.010372119636578922
10 0.6621751684311838 0.6778921048192652 0.07892204042348404 0.01333558238988715
10 0.7006737247353223 0.42822036785304396 0.00962463907603464 0.5097155935690212
10 0.607795957651588 0.765314256041859 0.006737247353224234 0.12298370426229298
10 0.631376323387873 0.8268061081730055 0.055822906641001 0.011853851013233054
10 0.6958614051973051 0.877925840667573 0.005774783445620812 0.05186059818289465
10 0.7223291626564002 0.8964474828757496 0.05293551491819059 0.005926925506616526
10 0.802213666987488 0.8920022887457872 0.04138594802694897 0.011853851013233054
10 0.7666025024061597 0.23855875164131518 0.0279114533205005 0.00889038825992479
10 0.8147516200314846 0.24152221439462346 0.03368623676612145 0.011853851013233054
10 0.9148219441770934 0.24152221439462346 0.024061597690086672 0.011853851013233054
10 0.8070259865255054 0.10149859930080801 0.010587102983638061 0.040006747169661544
10 0.794995187680462 0.11853851013233052 0.025024061597690092 0.00889038825992479
10 0.7858517805582291 0.16817651125024394 0.006737247353224234 0.11112985324905987
10 0.7540904716073148 0.529718967153852 0.006737247353224234 0.6001012075449232
10 0.7415784408084697 0.8253243767963514 0.024061597690086672 0.01481731376654139
11 0.10009624639076034 0.3911770834366908 0.01154956689124157 0.014817313766541319
11 0.17179980750721846 0.38154582948843896 0.01636188642925891 0.010372119636578888
11 0.15399422521655437 0.416366516839811 0.011549566891241553 0.02370770202646604
11 0.2078922040423484 0.416366516839811 0.01154956689124159 0.02370770202646604
11 0.2839268527430221 0.23855875164131518 0.01154956689124159 0.023707702026466108
11 0.3402309913378248 0.23929961732964222 0.016361886429258943 0.03111635890973677
11 0.3195380173243504 0.27412030468101434 0.0173243503368624 0.02074423927315781
11 0.5057747834456208 0.24004048301796932 0.01443695861405196 0.01778077651984958
11 0.5250240615976901 0.21114672117321376 0.014436958614052031 0.02222597064981194
11 0.5611164581328201 0.23855875164131518 0.01347449470644861 0.01778077651984958
11 0.5245428296438884 0.2726385733043602 0.011549566891241625 0.02074423927315781
11 0.43695861405197306 0.5586127289986076 0.013474494706448539 0.014817313766541248
11 0.3450433108758421 0.5600944603752618 0.012512030798845046 0.020744239273157845
11 0.30028873917228105 0.41562565115148387 0.01154956689124159 0.019262507896503748
11 0.49230028873917236 0.6764103734426111 0.010587102983638132 0.01926250789650368
11 0.5875842155919153 0.6756695077542841 0.012512030798845117 0.020744239273157775
11 0.6549566891241579 0.8282878395496596 0.014436958614052031 0.020744239273157918
11 0.746390760346487 0.8971883485640767 0.014436958614052031 0.016299045143195485
11 0.8185755534167469 0.8927431544341143 0.016361886429258874 0.016299045143195343
11 0.6616939364773822 0.24226308008295053 0.012512030798844904 0.02518943340312028
11 0.7743022136669875 0.23855875164131518 0.010587102983638203 0.01778077651984958
11 0.7858517805582292 0.21707364667983028 0.014436958614051889 0.01629904514319545
11 0.825828595717308 0.24078134870629633 0.011549566891241625 0.01629904514319545
11 0.9230028873917229 0.23929961732964222 0.011549566891241767 0.019262507896503713
1 0.9374398460057748 0.23929961732964222 0.02887391722810392 0.04889713542958635
1 0.6737247353224254 0.2407813487062964 0.030798845043310763 0.04297020992296982
4 0.02598652550529355 0.2533760654078565 0.03657362848893166 0.1748443024451876
4 0.025505293551491823 0.4134030540865027 0.03176130895091434 0.17188083969187923
4 0.026948989412897015 0.5549084005569722 0.03464870067372473 0.14372794353545074
4 0.026467757459095288 0.6830781646375548 0.03753609239653513 0.1452096749121047
4 0.026948989412897015 0.8416234219395468 0.03657362848893166 0.18966161621172886
3 0.24446583253128007 0.24078134870629636 0.07507218479307028 0.08445868846928548
3 0.2435033686236766 0.41192132270984855 0.07699711260827719 0.08297695709263138
3 0.6015399422521654 0.24152221439462346 0.07699711260827705 0.07408656883270659
3 0.8676612127045236 0.2422630800829505 0.0760346487006737 0.07556830020936073
3 0.3864292589027912 0.5600944603752618 0.07795957651588062 0.08297695709263145
3 0.5332050048123196 0.6778921048192652 0.07507218479307028 0.08445868846928554
3 0.6953801732435033 0.8275469738613325 0.0760346487006737 0.08149522571597728
5 0.17131857555341676 0.4134030540865027 0.03272377285851782 0.06223271781947354
5 0.3200192492781521 0.2333726918230257 0.029836381135707413 0.05778752368951114
5 0.3200192492781517 0.41710738252813795 0.03176130895091434 0.0637144491961276
10 0.3190567853705486 0.5037886680624046 0.008662175168431112 0.124465435638947
5 0.5264677574590952 0.23855875164131518 0.03849855630413856 0.05630579231285701
5 0.45765158806544753 0.5571309976219535 0.03561116458132815 0.059269255066165344
5 0.6077959576515881 0.6764103734426111 0.03176130895091433 0.05482406093620284
0 0.14966313763233877 0.18077122795180403 0.03561116458132821 0.07705003158601485
0 0.7656400384985563 0.8786667063558999 0.039461020211741984 0.07408656883270666
2 0.787776708373436 0.24522654283625875 0.03176130895091447 0.04000674716966156
4 0.09919760855884202 0.04552129221732746 0.18313404657016988 0.06167400881057269
4 0.8093189505978603 0.0565345080763583 0.16119611390811842 0.060205580029368565
8 0.14879641283826303 0.12408223201174744 0.2708857772183763 0.019089574155653467
8 0.8093189505978603 0.0565345080763584 0.14784258967904337 0.022026431718061675
8 0.935223607614852 0.27386196769456683 0.05627556639395848 0.030837004405286344
8 0.7892886642542478 0.2812041116005874 0.0619985053492762 0.03083700440528631
8 0.8660714285714286 0.24375917767988256 0.0648599748269352 0.029368575624082176
8 0.699629287287602 0.43612334801762115 0.08107496853366897 0.041116005873715125
8 0.5255565607300189 0.4552129221732746 0.06676762114537446 0.011747430249632842
8 0.45783511642542474 0.29515418502202645 0.045783511642542435 0.02936857562408225
8 0.3219153162366268 0.33039647577092507 0.0467373348017621 0.0323054331864904
8 0.17645728445563247 0.30249632892804695 0.05913703587161736 0.02936857562408225
8 0.1502271475770925 0.2327459618208517 0.07725967589679042 0.03964757709251103
8 0.07058291378225297 0.3259911894273128 0.08965937696664567 0.020558002936857563
8 0.09872069697923219 0.44713656387665196 0.08298261485210823 0.04552129221732741
2 0.10015143171806166 0.41483113069016153 0.03624528005034613 0.04845814977973568
8 0.32573060887350536 0.5110132158590308 0.05818321271239775 0.020558002936857632
8 0.4120516047828822 0.41629955947136565 0.07058291378225298 0.02496328928046992
8 0.45735820484581496 0.6629955947136562 0.04482968848332284 0.036710719530102694
8 0.5312794996853366 0.6798825256975036 0.047691157960981695 0.07048458149779734
8 0.6099699103209565 0.8046989720998531 0.05627556639395848 0.038179148311306935
8 0.694860171491504 0.8296622613803231 0.06772144430459406 0.03524229074889874
8 0.7683045547514159 0.9214390602055801 0.0753520295783511 0.0161527165932452
8 0.8493795232850849 0.9199706314243759 0.039106749528004914 0.02202643171806173
8 0.3848676447451227 0.5616740088105727 0.05818321271239775 0.03671071953010283
8 0.24513255191944613 0.4118942731277533 0.059137035871617345 0.04258443465491922
8 0.24465564033983633 0.2430249632892804 0.05246027375707993 0.03083700440528638
8 0.673876061988672 0.276064610866373 0.05055262743864063 0.03524229074889867
8 0.5999547671491504 0.24008810572687225 0.07249056010069233 0.04552129221732749
8 0.026707048458149762 0.5572687224669604 0.02479940213971048 0.1071953010279001
8 0.026230136878539954 0.8406754772393541 0.02003028634361234 0.12775330396475781
8 0.026230136878539957 0.6886930983847285 0.01621499370673379 0.09985315712187968
8 0.02432249056010069 0.4133627019089574 0.025753225298930156 0.11894273127753309
8 0.025753225298930146 0.2533039647577093 0.019076463184392694 0.1160058737151248
8 0.09728996224040279 0.049926578560939794 0.1278123033354311 0.02055800293685757
