10 0.08669951546653767 0.28306264501160094 0.01926655899256394 0.03712296983758701
10 0.2167487886663442 0.14849187935034802 0.015413247194051181 0.023201856148491854
10 0.210968820968575 0.20301624129930393 0.011559935395538332 0.1090487238979118
10 0.23168037188558124 0.2842227378190255 0.026009854639961284 0.03480278422273788
10 0.1839956383789855 0.28538283062645015 0.026973182589589514 0.02784222737819025
10 0.30922827183065105 0.14501160092807425 0.023119870791076736 0.025522041763341042
10 0.2904433768129012 0.28886310904872387 0.03564313413624326 0.025522041763341115
10 0.30585662400695235 0.3990719257540603 0.010596607445910173 0.25522041763341063
10 0.3178982233773047 0.5220417633410672 0.03853311798512783 0.027842227378190344
10 0.44024087298008574 0.525522041763341 0.059726332876948195 0.020881670533642805
10 0.5529502430865848 0.5220417633410672 0.040459773884384306 0.018561484918793524
10 0.5722168020791486 0.4037122969837587 0.0038533117985127775 0.25058004640371234
10 0.5866667213235716 0.2877030162412994 0.036606462085871525 0.023201856148491854
10 0.2629885302484976 0.5011600928074246 0.0077066235970255905 0.38051044083526675
10 0.31019159978027927 0.7436194895591648 0.025046526690333124 0.030162412993039425
10 0.33523812647061235 0.6763341067285382 0.0038533117985127775 0.07656612529002331
10 0.593410016970969 0.6844547563805107 0.009633279496281873 0.06496519721577726
10 0.4628790797963484 0.6531322505800463 0.264915186147754 0.02088167053364259
10 0.33475646249579827 0.8120649651972158 0.008669951546653749 0.08352668213457079
10 0.3400547662187533 0.8422273781902553 0.01926655899256389 0.018561484918793524
10 0.4387958810556434 0.8422273781902553 0.02600985463996132 0.03248259860788863
10 0.4652873996704189 0.7749419953596288 0.009633279496281944 0.07888631090487251
10 0.4720306953178162 0.7447795823665894 0.021193214891820345 0.027842227378190358
10 0.5360920039680913 0.8410672853828305 0.12426930550203728 0.02552204176334115
10 0.5674001623310077 0.7424593967517401 0.026973182589589584 0.02320185614849194
10 0.5943733449205972 0.8143851508120651 0.011559935395538332 0.08816705336426921
10 0.613158239938347 0.7378190255220417 0.010596607445910209 0.018561484918793524
10 0.6155665598124175 0.5394431554524363 0.007706623597025555 0.4245939675174015
10 0.6435030703516352 0.2842227378190255 0.025046526690333196 0.025522041763341042
10 0.7355008895411279 0.2900232018561485 0.029863166438474024 0.03712296983758701
10 0.8371319882269026 0.2900232018561485 0.023119870791076663 0.023201856148491906
10 0.9310564633156518 0.29118329466357307 0.026009854639961246 0.020881670533642732
11 0.09440613906356324 0.2853828306264501 0.011559935395538368 0.06032482598607885
11 0.19266558992563929 0.28886310904872387 0.013486591294794757 0.044083526682134604
11 0.22012043649004287 0.14501160092807425 0.014449919244422986 0.030162412993039442
11 0.3164532314528625 0.14269141531322507 0.012523263345166598 0.03944315545243621
11 0.26395185819812583 0.6763341067285382 0.02119321489182031 0.025522041763341292
11 0.33427479852098413 0.5208816705336428 0.011559935395538332 0.044083526682134604
11 0.4633607437711625 0.525522041763341 0.01348659129479472 0.034802784222737915
11 0.6001533126183664 0.2877030162412993 0.017339903093307497 0.04176334106728543
11 0.6507280299738467 0.2842227378190255 0.012523263345166527 0.03480278422273788
11 0.7475424889114803 0.28306264501160094 0.011559935395538332 0.03712296983758701
11 0.8438752838743 0.28538283062645015 0.013486591294794863 0.023201856148491837
11 0.4792556549400277 0.7412993039443155 0.010596607445910138 0.030162412993039425
11 0.31837988735211886 0.7436194895591648 0.010596607445910101 0.048723897911832806
11 0.3492063817402212 0.8457076566125289 0.012523263345166598 0.034802784222737984
11 0.5924466890213407 0.6995359628770301 0.025046526690333196 0.025522041763341004
11 0.4474658326022972 0.8410672853828306 0.016376575143679305 0.03480278422273784
11 0.5914833610717126 0.7842227378190256 0.01733990309330757 0.032482598607888775
11 0.5779967697769177 0.7436194895591648 0.011559935395538332 0.030162412993039425
11 0.6165298877620456 0.3283062645011601 0.01541324719405111 0.039443155452436186
11 0.9402080788371197 0.2865429234338748 0.01541324719405111 0.025522041763341042
4 0.01589491116886524 0.25174013921113686 0.027936510539217693 0.33642691415313225
4 0.01782156706812163 0.7969837587006962 0.02793651053921769 0.33642691415313225
4 0.018303231042935728 0.5174013921113689 0.036606462085871455 0.23201856148491884
2 0.05876300492731998 0.28306264501160094 0.034679806186615064 0.10672853828306263
2 0.9589929738548695 0.2703016241299304 0.04720306953178152 0.10904872389791183
3 0.1358292408975757 0.2865429234338748 0.08477285956728126 0.14153132250580047
3 0.2625068662736835 0.14385150812064965 0.0818828757183967 0.13457076566125292
3 0.26347019422331175 0.7424593967517401 0.07802956391988389 0.14385150812064965
3 0.37425290843055437 0.5243619489559164 0.08188287571839674 0.12993039443155446
3 0.5018938617562902 0.5220417633410672 0.08477285956728131 0.13457076566125287
3 0.691187803858231 0.28654292343387466 0.07802956391988389 0.1322505800464037
3 0.7865572708714222 0.2842227378190255 0.07802956391988389 0.12761020881670537
3 0.8843350577586844 0.2865429234338748 0.0751395800709993 0.14153132250580047
3 0.39207447549867586 0.8445475638051044 0.08284620366802485 0.12529002320185612
3 0.5216220065174529 0.74937159502302 0.08380953161765312 0.12529002320185612
5 0.3328298065965419 0.7331786542923433 0.033716478236986876 0.07424593967517396
5 0.5943733449205972 0.7447795823665894 0.03275315028735868 0.06960556844547554
5 0.4648057356956048 0.8387470997679815 0.033716478236986876 0.07192575406032489
5 0.210968820968575 0.2900232018561485 0.0231198707910767 0.07888631090487237
5 0.2625068662736835 0.2877030162412993 0.026009854639961354 0.07888631090487234
10 0.26202520229886944 0.2459396751740139 0.005779967697769201 0.03712296983758705
10 0.33042148672247135 0.2308584686774942 0.15027916014199863 0.02552204176334108
10 0.5486152673132578 0.23665893271461716 0.1473891762931141 0.02784222737819029
11 0.39978109909570153 0.23085846867749418 0.019266558992563958 0.05336426914153129
11 0.6141215678879752 0.2354988399071926 0.02215654284144854 0.04872389791183292
8 0.06434699714013346 0.36047299352980544 0.0657769304099142 0.04132811390787587
8 0.016682554814108675 0.23763665497028577 0.021925643469971404 0.3007768289962071
8 0.01763584366062917 0.517749427012555 0.021925643469971404 0.2181206011804555
8 0.015729265967588182 0.7806421515932093 0.01620591039084842 0.24796868344725467
8 0.21210676835081033 0.37310102833498976 0.04480457578646327 0.06658418351824437
8 0.2340324118207817 0.26863274040119267 0.012392755004766443 0.0229600632821532
8 0.2111534795042898 0.2238606170009939 0.02001906577693042 0.0114800316410766
8 0.26263107721639656 0.1538324239904266 0.06959008579599618 0.08724824047218224
8 0.334604385128694 0.6796178731517353 0.019065776930409867 0.013776037969291935
3 0.44232602478551003 0.22960063282153215 0.07816968541468071 0.13776037969291932
11 0.24356530028598664 0.28700079102691517 0.006673021925643461 0.027552075938583834
9 0.336510962821735 0.14579640184167292 0.03813155386081977 0.08954424680039756
8 0.3851286939942803 0.7439060503417642 0.06673021925643469 0.027552075938583727
8 0.2616777883698761 0.7404620408494413 0.0638703527168732 0.020664056953937974
8 0.46377502383222113 0.9184025312861286 0.0657769304099142 0.036736101251445205
8 0.49237368922783603 0.8460783319473459 0.014299332697807471 0.029848082266799168
8 0.46568160152526217 0.7794941484291017 0.012392755004766443 0.016072044297507374
8 0.3732125834127741 0.5257854491613085 0.07340324118207818 0.03214408859501447
8 0.5009532888465205 0.528081455489524 0.07340324118207818 0.07806421515932094
8 0.6916110581506197 0.2870007910269152 0.061963775023832275 0.045920126564306434
5 0.617254528122021 0.2904448005192382 0.029551954242135425 0.07117619617467501
8 0.7878932316491898 0.28470478469869986 0.07721639656816023 0.05051213922073708
8 0.8846520495710201 0.2904448005192382 0.08007626310772167 0.04821613289252175
8 0.9561487130600571 0.35014096505283654 0.06291706387035262 0.020664056953937974
8 0.44041944709246905 0.2341926454779628 0.07626310772163969 0.055104151877167704
8 0.13727359389895138 0.28700079102691517 0.07626310772163966 0.027552075938583796
8 0.5185891325071497 0.7450540535058718 0.08579599618684469 0.0482161328925217
8 0.3879885605338418 0.8472263351114537 0.07054337464251674 0.050512139220736996
