8 0.508522201665125 0.06453804347826088 0.6235892691951898 0.03668478260869566
8 0.5140899629972249 0.21399456521739132 0.6124537465309899 0.03396739130434781
8 0.4973866790009251 0.3546195652173914 0.668131359851989 0.024456521739130467
8 0.5178018038852914 0.49932065217391314 0.6569958371877891 0.03125
8 0.521513644773358 0.6474184782608696 0.6495721554116559 0.03125000000000007
8 0.5122340425531915 0.7955163043478263 0.564199814986124 0.03125
8 0.5103781221091582 0.9442934782608696 0.2338459759481961 0.02173913043478251
10 0.5103781221091583 0.13383152173913046 0.04083024976873269 0.07472826086956524
10 0.508522201665125 0.281929347826087 0.05196577243293241 0.07744565217391304
10 0.5103781221091582 0.42934782608695654 0.033406567992599466 0.07880434782608696
10 0.5140899629972249 0.5760869565217392 0.04083024976873261 0.07608695652173914
10 0.5140899629972249 0.7221467391304348 0.033406567992599535 0.08016304347826093
10 0.5122340425531915 0.8675271739130437 0.04454209065679919 0.07744565217391297
11 0.5122340425531915 0.16644021739130438 0.06681313598519878 0.02038043478260871
11 0.5122340425531915 0.31182065217391314 0.08166049953746538 0.020380434782608745
11 0.5122340425531915 0.45923913043478265 0.059389454209065703 0.021739130434782653
11 0.5178018038852915 0.6032608695652175 0.055677613320998985 0.024456521739130536
11 0.5140899629972249 0.75 0.04825393154486583 0.021739130434782653
11 0.5103781221091582 0.8987771739130436 0.055677613320999055 0.025815217391304372
3 0.5066662812210917 0.059782608695652176 0.8574352451433859 0.08423913043478262
3 0.5140899629972248 0.2099184782608696 0.8277405180388528 0.08559782608695653
3 0.5103781221091581 0.3559782608695653 0.8871299722479187 0.08423913043478269
3 0.5178018038852915 0.502038043478261 0.864858926919519 0.08016304347826086
3 0.5215136447733579 0.6487771739130436 0.8797062904717854 0.08559782608695655
3 0.5085222016651249 0.7934782608695653 0.7869102682701202 0.08423913043478265
3 0.5140899629972249 0.9402173913043481 0.4565564292321925 0.08152173913043484
