8 0.4547614164615805 0.6447010869565217 0.34384399781241454 0.025815217391304372
8 0.45892081966092424 0.4673913043478261 0.25233712742685255 0.024456521739130467
8 0.4603072873940388 0.3675271739130435 0.3050229012852065 0.025815217391304372
8 0.46446669059338264 0.2581521739130435 0.3077958367514356 0.03804347826086957
8 0.45892081966092435 0.15013586956521738 0.3133417076838939 0.01766304347826088
8 0.4658531583264971 0.050271739130434784 0.2495641919606234 0.019021739130434784
8 0.20519722450095707 0.8471467391304347 0.2051972245009571 0.02853260869565233
8 0.20519722450095707 0.7839673913043478 0.06100458025704128 0.024456521739130467
8 0.7029391406890895 0.7839673913043478 0.04159403199343728 0.016304347826087025
8 0.7098714793546622 0.845788043478261 0.4103944490019142 0.023097826086956416
8 0.7029391406890895 0.9456521739130435 0.35770867514356036 0.024456521739130325
10 0.4547614164615805 0.09918478260869566 0.027729354662291428 0.05706521739130435
10 0.4533749487284659 0.19701086956521738 0.04159403199343721 0.0625
10 0.45753435192780967 0.3179347826086956 0.044366967459666354 0.05978260869565215
10 0.4533749487284659 0.41779891304347827 0.04159403199343721 0.0557065217391304
10 0.4561478841946951 0.5203804347826088 0.036048161060978856 0.0679347826086957
10 0.286998820754717 0.736413043478261 0.13587383784522827 0.07065217391304358
10 0.20519722450095707 0.8097826086956522 0.02218348372983321 0.024456521739130467
10 0.6183646089691003 0.7364130434782605 0.13864677331145728 0.07608695652173905
10 0.7015526729559748 0.8077445652173914 0.027729354662291428 0.03125
10 0.7070985438884333 0.8953804347826086 0.03327522559474985 0.0625
11 0.45892081966092424 0.12160326086956522 0.04159403199343714 0.02038043478260871
11 0.45337494872846595 0.22010869565217392 0.05823164479081214 0.02445652173913043
11 0.4561478841946951 0.3369565217391305 0.05268577385835385 0.02173913043478258
11 0.4533749487284659 0.43953804347826086 0.05268577385835378 0.02309782608695656
11 0.4533749487284659 0.5414402173913043 0.0471399029258955 0.020380434782608675
11 0.20658369223407164 0.8125 0.03604816106097896 0.019021739130434697
11 0.7043256084222039 0.8165760869565217 0.03882109652720814 0.016304347826086883
11 0.7015526729559748 0.9164402173913043 0.038821096527208 0.020380434782608602
3 0.4533749487284659 0.05163043478260868 0.35770867514356014 0.05978260869565216
3 0.4533749487284658 0.1501358695652174 0.43535086819797625 0.0529891304347827
3 0.4519884809953514 0.25815217391304346 0.5213118676510803 0.08423913043478262
3 0.45892081966092435 0.37092391304347827 0.4076215135356851 0.05978260869565211
3 0.4547614164615804 0.46942934782608703 0.38266509433962254 0.058423913043478354
3 0.2038107567678425 0.783288043478261 0.06377751572327042 0.025815217391304515
3 0.7043256084222039 0.781929347826087 0.044366967459666284 0.020380434782608745
3 0.20519722450095707 0.84375 0.316114643150123 0.05978260869565219
3 0.7057120761553186 0.845108695652174 0.518538932184851 0.05978260869565219
3 0.7015526729559748 0.9449728260869565 0.4658531583264971 0.061141304347826095
5 0.46308022286026784 0.6474184782608695 0.43812380366420534 0.21059782608695662
