4 0.18970448045757862 0.04720482091788097 0.30695900857959957 0.06880702710064006
4 0.03050524308865586 0.4336442870761269 0.05529075309818874 0.5472558899632304
4 0.028598665395614873 0.8040821190249217 0.04957102001906578 0.2512256570883835
10 0.09723546234509056 0.292029824322484 0.01715919923736891 0.011201143946615843
10 0.12059103908484271 0.22642312406373413 0.006673021925643479 0.08160833446820102
10 0.4790276453765492 0.1880192019610513 0.7292659675881794 0.011201143946615848
10 0.1882745471877979 0.16241658722592944 0.008579599618684491 0.17441781288301783
10 0.20543374642516682 0.20962140814381044 0.03717826501429933 0.009600980525670728
10 0.2302192564346997 0.292029824322484 0.018112488083889423 0.01760179763039627
10 0.14394661582459484 0.29443006945390165 0.015252621544327898 0.012801307367560924
10 0.4013346043851287 0.29122974261201146 0.01715919923736891 0.012801307367560959
10 0.4547187797902765 0.292029824322484 0.024785510009532885 0.011201143946615843
10 0.5066730219256435 0.2912297426120114 0.01620591039084843 0.009600980525670693
10 0.5581506196377503 0.29443006945390165 0.021925643469971376 0.012801307367560924
10 0.2554814108674928 0.3496357074765082 0.00762631077216394 0.05600571973307915
10 0.4051477597712106 0.37523832221163006 0.3031458531935176 0.014401470788506074
10 0.5309818875119161 0.36163693313359657 0.009532888465205005 0.08000817104725584
10 0.2554814108674928 0.24162467656271275 0.005719733079122911 0.04800490262835353
10 0.3408007626310773 0.22082255209042623 0.1820781696854147 0.01600163420945119
10 0.42659675881792175 0.2440249216941305 0.012392755004766514 0.05920604657496934
10 0.2797902764537655 0.2912297426120114 0.016205910390848465 0.009600980525670693
10 0.3179218303145853 0.29362998774342913 0.016205910390848358 0.011201143946615809
10 0.5338417540514776 0.21762222524853597 0.10867492850333654 0.009600980525670728
10 0.48236415633937085 0.2368241862998774 0.007626310772163976 0.04800490262835353
10 0.5857959961868446 0.2408245948522402 0.006673021925643425 0.05280539289118888
10 0.6372735938989514 0.29122974261201146 0.06959008579599618 0.012801307367560959
10 0.6901811248808388 0.5936606291706387 0.007626310772164118 0.5440555631213401
10 0.7826501429933272 0.8584876753370557 0.20019065776930423 0.020802124472286517
10 0.7640610104861773 0.41844273457714837 0.008579599618684455 0.17441781288301791
10 0.7640610104861773 0.6648679014026965 0.010486177311725414 0.24482500340460306
10 0.7802669208770258 0.7904807299468882 0.04099142040038117 0.012801307367560924
10 0.8098188751191612 0.2912297426120114 0.021925643469971307 0.019201961051341455
10 0.717349857006673 0.2928299060329565 0.025738798856053364 0.01600163420945119
10 0.8369876072449952 0.22562304235326158 0.005719733079122875 0.08640882473103638
10 0.8374642516682556 0.5336545008851968 0.008579599618684455 0.43364428707612696
10 0.8860819828408008 0.7904807299468881 0.029551954242135425 0.009600980525670764
10 0.9437559580552908 0.7904807299468882 0.030505243088655903 0.012801307367560924
10 0.5767397521448998 0.43524445049707194 0.02097235462345097 0.009600980525670693
10 0.6367969494756912 0.4360445322075445 0.03241182078169693 0.011201143946615772
10 0.6053384175405148 0.5176528666757456 0.011439466158245964 0.11361160288710337
10 0.5066730219256435 0.5304541740433065 0.050524308865586176 0.017601797630396376
10 0.5300285986653956 0.7080723137682144 0.007626310772163976 0.4656475554950292
10 0.6043851286939943 0.7968813836306685 0.009532888465204933 0.2880294157701212
10 0.6205910390848427 0.7936810567887784 0.041944709246901794 0.016001634209451224
11 0.10009532888465206 0.2896295791910663 0.007626310772163958 0.02240228789323165
11 0.11868446139180172 0.2584263924826365 0.014299332697807437 0.017601797630396307
11 0.1491897044804576 0.29443006945390165 0.010486177311725431 0.022402287893231617
11 0.2349857006673022 0.2896295791910663 0.012392755004766443 0.02240228789323165
11 0.2550047664442326 0.25762631077216397 0.012392755004766443 0.016001634209451224
11 0.28265014299332697 0.29122974261201146 0.008579599618684491 0.022402287893231686
11 0.25595805529075305 0.3248331744518589 0.010486177311725449 0.016001634209451224
11 0.3217349857006673 0.2904296609015389 0.010486177311725485 0.01440147078850604
11 0.4070543374642516 0.2896295791910663 0.013346043851286992 0.016001634209451224
11 0.4632983794089609 0.29362998774342913 0.011439466158245893 0.01760179763039634
11 0.4814108674928504 0.2536259022198012 0.011439466158245964 0.017601797630396307
11 0.511439466158246 0.292029824322484 0.012392755004766443 0.014401470788506074
11 0.5653002859866539 0.292029824322484 0.011439466158245964 0.011201143946615843
11 0.5314585319351763 0.3912399564210813 0.012392755004766443 0.011201143946615843
11 0.6701620591039085 0.2888294974805937 0.011439466158245893 0.014401470788506074
11 0.7264061010486177 0.292029824322484 0.011439466158245893 0.020802124472286607
11 0.817445185891325 0.2888294974805937 0.01429933269780733 0.020802124472286534
11 0.7645376549094377 0.5040514775977121 0.01334604385128685 0.022402287893231686
11 0.7974261201143946 0.7912808116573606 0.014299332697807471 0.020802124472286465
11 0.8350810295519541 0.7472763175813699 0.01715919923736891 0.016001634209451224
11 0.8946615824594852 0.7920808933678333 0.012392755004766514 0.019201961051341386
11 0.9532888465204956 0.788880566525943 0.009532888465205076 0.019201961051341244
11 0.6053384175405148 0.9320951927005311 0.015252621544327952 0.020802124472286607
11 0.5290753098188751 0.4792489445730628 0.009532888465204933 0.020802124472286534
11 0.6043851286939943 0.5648576875936265 0.013346043851286921 0.02880294157701208
11 0.6525262154432793 0.611262426801035 0.012392755004766371 0.016001634209451155
11 0.6463298379408959 0.4328442053656543 0.011439466158245893 0.020802124472286465
11 0.5834127740705434 0.4344443687865994 0.009532888465205076 0.020802124472286534
7 0.07435653002859867 0.29362998774342913 0.028598665395614883 0.059206046574969376
1 0.9690181124880839 0.7872804031049979 0.027645376549094464 0.054405556312133854
1 0.6625357483317444 0.4360445322075446 0.0285986653956148 0.04640473920740845
1 0.6682554814108675 0.6128625902219801 0.026692087702573843 0.04800490262835353
3 0.18875119161105813 0.2888294974805937 0.07244995233555768 0.09120931499387172
3 0.35748331744518586 0.2904296609015389 0.07435653002859866 0.08800898815198145
3 0.7635843660629171 0.29362998774342913 0.07816968541468057 0.09760996867765219
3 0.5295519542421353 0.43524445049707194 0.07912297426120105 0.09280947841481683
3 0.6043851286939943 0.6136626719324526 0.07816968541468057 0.09120931499387183
3 0.8374642516682554 0.7896806482364156 0.07530981887511928 0.08160833446820107
5 0.12154432793136322 0.29523015116437423 0.0257387988560534 0.05600571973307912
5 0.2550047664442326 0.29122974261201146 0.03908484270734032 0.06080620999591449
5 0.4265967588179218 0.29443006945390165 0.03145853193517638 0.060806209995914455
5 0.4799809342230696 0.2904296609015389 0.039084842707340355 0.06880702710064007
5 0.5300285986653956 0.2904296609015389 0.03241182078169686 0.06560670025874984
5 0.5834127740705434 0.292029824322484 0.034318398474737964 0.06560670025874984
5 0.6906577693040993 0.2880294157701212 0.04099142040038131 0.07040719052158514
5 0.8331744518589133 0.28802941577012114 0.041944709246901794 0.06400653683780469
5 0.9103908484270734 0.7864803213945254 0.038131553860819734 0.07200735394253016
0 0.23355576739752146 0.21282173498570067 0.024785510009532885 0.048004902628353496
0 0.4718779790276454 0.5288540106223614 0.026692087702573843 0.05920604657496931
0 0.7626310772163966 0.5248536020699986 0.036224976167778776 0.05440555631213399
0 0.6506196377502382 0.7928809750783057 0.023832221163012406 0.052805392891188914
5 0.6048617731172545 0.4320441236551818 0.03145853193517631 0.05440555631213407
4 0.5638703527168732 0.9656986245403786 0.3136320305052431 0.06560670025874984
8 0.08055290753098189 0.34723546234509056 0.06005719733079123 0.05760588315402423
8 0.032411820781696854 0.41204208089336786 0.020972354623450908 0.4176426528666758
8 0.029075309818875093 0.8104827727087022 0.020019065776930387 0.2128217349857006
8 0.4747378455672069 0.5816594035135503 0.06291706387035276 0.06240637341685961
8 0.2974261201143947 0.3296336647146943 0.030505243088655865 0.012801307367560853
9 0.29933269780743565 0.2912297426120114 0.02859866539561484 0.051205229470243765
8 0.23450905624404192 0.24162467656271275 0.032411820781696826 0.012801307367560959
8 0.13727359389895136 0.12081233828135637 0.25929456625357483 0.04000408552362792
8 0.18589132507149664 0.05040514775977121 0.14489990467111538 0.017601797630396286
8 0.18636796949475692 0.2896295791910663 0.05243088655862728 0.08000817104725584
8 0.36081982840800747 0.292029824322484 0.06387035271687325 0.07840800762631082
8 0.33889418493803625 0.21922238866948113 0.12297426120114395 0.02240228789323165
8 0.5347950428979981 0.2240228789323165 0.07626310772163969 0.05760588315402426
8 0.6320305052430887 0.292029824322484 0.059103908484270634 0.1264129102546643
8 0.5819828408007627 0.36083685142312405 0.060057197330791186 0.059206046574969376
8 0.5309818875119161 0.43764469562848973 0.06291706387035269 0.056005719733079155
8 0.6039084842707341 0.5112522129919651 0.06768350810295516 0.0720073539425303
8 0.6615824594852241 0.4888499250987335 0.04766444232602481 0.052805392891188914
8 0.6715919923736893 0.6760690453493122 0.04861773117254529 0.0720073539425303
8 0.6029551954242137 0.6144627536429251 0.06768350810295526 0.06720686367969494
8 0.7621544327931363 0.5608572790412637 0.06768350810295516 0.024002451314176766
8 0.8379408960915157 0.22562304235326158 0.07816968541468057 0.054405556312134035
8 0.6496663489037178 0.8296847337600434 0.031458531935176524 0.014401470788506145
8 0.5624404194470924 0.9640984611194335 0.15633937082936128 0.020802124472286465
8 0.9122974261201143 0.8584876753370557 0.06482364156339372 0.05920604657496924
8 0.9685414680648237 0.8456863679694948 0.04766444232602481 0.06240637341685968
8 0.7631077216396572 0.2920298243224839 0.0657769304099138 0.0464047392074086
