10 0.3303808589579693 0.4014065582943131 0.01756675633090303 0.21144756603940262
10 0.23760932944606414 0.5956632653061223 0.05344995140913504 0.025786288541390617
10 0.4319727891156463 0.20807488475778385 0.07288629737609319 0.024198183686430945
10 0.4606784218972299 0.33865992284359625 0.017566756330902863 0.3128736343022057
10 0.5432458697764821 0.5535784059504677 0.10495626822157433 0.020694521357012313
10 0.46307094266277943 0.7151397355478986 0.008746355685131206 0.23035751096975574
10 0.5174927113702624 0.8286157777609923 0.12536443148688045 0.024230928948381
10 0.740038872691934 0.5509670318343787 0.03790087463556844 0.036100803957946966
10 0.7886482488494896 0.7185779073534172 0.014688326916179488 0.23723385458079327
10 0.7541302235179788 0.8268312013343331 0.09135082604470356 0.024361909996180552
10 0.8561710398445093 0.5516955937379585 0.08163265306122437 0.02089099292871159
11 0.25801749271137026 0.5956632653061223 0.018464528668610355 0.04985349118002169
11 0.32847424684159376 0.3051377477397885 0.031098153547133158 0.04297714756898429
11 0.4606413994169097 0.489939482286421 0.034985422740524755 0.04125806166622496
11 0.5879494655004859 0.5561242895426568 0.025267249757045605 0.053291662985540424
11 0.5748299319727892 0.8260207762758782 0.022351797862001917 0.0464153193745031
11 0.7526724975704567 0.5475288600288599 0.022351797862001917 0.06016800659657797
11 0.7886297376093296 0.6162922961392349 0.0359572400388727 0.04985349118002183
11 0.8921282798833821 0.5440906882233412 0.025267249757045675 0.04641531937450303
7 0.1880466472303207 0.5870678357923255 0.06316812439261417 0.10830241187384054
1 0.9169096209912536 0.5535456606885177 0.06511175898931 0.10314515416556233
4 0.1054421768707481 0.20800939423388398 0.04178814382896015 0.29568277527461195
4 0.10155490767735666 0.6480953853402832 0.037900874635568516 0.6360617840209676
5 0.45578231292517 0.5466693170774802 0.07385811467444121 0.10314515416556233
3 0.326530612244898 0.20543076537974492 0.1418853255587949 0.19769487881732778
3 0.3309037900874635 0.5888687848499596 0.13896987366375121 0.2081731205436337
3 0.6540330417881438 0.5509670318343787 0.13994169096209924 0.20800939423388398
3 0.6496598639455782 0.8268803192272578 0.13119533527696794 0.19597579291456838
5 0.7847424684159379 0.5380738875636834 0.07094266277939752 0.13065052860971227
10 0.3425655976676385 0.7065443060341019 0.01652089407191454 0.044696233471743625
3 0.3561710398445092 0.8303184910327767 0.13313896987366372 0.20285213652560585
8 0.06387150589858125 0.5160202360876898 0.020972733280131148 0.3811129848229342
8 0.10438701337156185 0.19983136593591902 0.023832651454694515 0.2209106239460371
8 0.10200374822609193 0.6534569983136594 0.017159509047380003 0.4637436762225967
8 0.18970790557936815 0.6728499156829679 0.10677027851703132 0.050590219224283285
8 0.5357580047015322 0.5202360876897133 0.07435787253864674 0.028667790893760526
8 0.6563512210622864 0.5539629005059022 0.10391036034246795 0.13659359190556494
8 0.5205051077705276 0.6652613827993253 0.10486366640065575 0.07588532883642493
8 0.5286082092651239 0.7875210792580102 0.0791244028295857 0.030354131534570002
8 0.6463415074513147 0.830522765598651 0.09342399370240237 0.14333895446880263
8 0.327937284016596 0.5902192242833054 0.11820995121528474 0.09443507588532912
8 0.32841393704569005 0.21922428330522767 0.1153500330407213 0.1281618887015177
