10 0.5180166384533144 0.1331521739130435 0.06011114575908771 0.07336956521739131
10 0.5162486635780471 0.28125 0.04243139700641486 0.0815217391304348
10 0.5162486635780471 0.43274456521739135 0.05657519600855309 0.08288043478260874
10 0.5127127138275125 0.5788043478260869 0.04950329650748394 0.07880434782608703
10 0.5197846133285816 0.7302989130434783 0.0353594975053457 0.08288043478260874
10 0.5180166384533144 0.875 0.06011114575908771 0.08423913043478279
11 0.5127127138275125 0.1644021739130435 0.04950329650748394 0.016304347826086953
11 0.5162486635780471 0.3125 0.05657519600855309 0.016304347826086883
11 0.5127127138275125 0.4612771739130435 0.06364709550962225 0.025815217391304372
11 0.5197846133285816 0.6114130434782609 0.056575196008553166 0.024456521739130325
11 0.5162486635780471 0.7581521739130435 0.05657519600855309 0.021739130434782653
11 0.5180166384533144 0.906929347826087 0.05303924625801855 0.028532608695652186
3 0.5144806887027797 0.059103260869565216 0.845091990377762 0.08559782608695653
8 0.5144806887027797 0.06046195652173913 0.6187912063435497 0.02853260869565219
8 0.5197846133285816 0.2112771739130435 0.7496213471133285 0.028532608695652186
8 0.5215525882038489 0.35597826086956524 0.6258631058446187 0.029891304347826095
8 0.5303924625801854 0.5047554347826086 0.5940395580898076 0.03396739130434781
8 0.5127127138275125 0.6494565217391305 0.6011114575908767 0.027173913043478208
8 0.5215525882038489 0.8029891304347825 0.6329350053456878 0.032608695652173905
8 0.5162486635780471 0.9490489130434783 0.2192288845331433 0.03396739130434781
3 0.5127127138275125 0.20720108695652173 0.9617783321454028 0.0828804347826087
3 0.5197846133285816 0.3580163043478261 0.8486279401282966 0.09103260869565219
3 0.5109447389522451 0.5054347826086957 0.8097324928724161 0.08695652173913039
3 0.5197846133285817 0.6528532608695652 0.8203403421240201 0.08288043478260868
3 0.5144806887027797 0.8023097826086957 0.8592357893799002 0.08559782608695655
3 0.5162486635780471 0.9490489130434782 0.4313858695652175 0.0801630434782608
