10 0.06835578178767861 0.07308377896613191 0.08183438664722086 0.07308377896613191 0.08183438664722086 0.6024955436720143 0.06835578178767861 0.6024955436720143
10 0.2060301028530031 0.19964349376114082 0.26475830974100867 0.19964349376114082 0.26475830974100867 0.21925133689839568 0.2060301028530031 0.21925133689839568
10 0.2021790728931339 0.19429590017825313 0.21373216277274154 0.19429590017825313 0.21373216277274154 0.5935828877005348 0.2021790728931339 0.5935828877005348
10 0.12515847369574956 0.6452762923351159 0.1376743210653245 0.6452762923351159 0.1376743210653245 0.9090909090909088 0.12515847369574956 0.9090909090909088
10 0.15019016843489946 0.6452762923351159 0.16174325831450712 0.6452762923351159 0.16174325831450712 0.9037433155080213 0.15019016843489946 0.9037433155080213
10 0.08375990162715546 0.5989304812834224 0.11938192875594573 0.5989304812834224 0.11938192875594573 0.622103386809269 0.08375990162715546 0.622103386809269
10 0.16944531823424555 0.5953654188948306 0.2012163154031666 0.5953654188948306 0.2012163154031666 0.622103386809269 0.16944531823424555 0.622103386809269
10 0.2021790728931339 0.6256684491978609 0.2156576777526762 0.6256684491978609 0.2156576777526762 0.7023172905525847 0.2021790728931339 0.7023172905525847
10 0.2002535579131993 0.6880570409982175 0.4544215352645676 0.6880570409982175 0.4544215352645676 0.7023172905525847 0.2002535579131993 0.7023172905525847
10 0.44286844538496 0.5062388591800356 0.4534587777746003 0.5062388591800356 0.4534587777746003 0.6951871657754011 0.44286844538496 0.6951871657754011
10 0.31482169921930847 0.19607843137254904 0.3311885765487526 0.19607843137254904 0.3311885765487526 0.21925133689839568 0.31482169921930847 0.21925133689839568
10 0.35622027128790257 0.19607843137254904 0.39473057088659474 0.19607843137254904 0.39473057088659474 0.21568627450980393 0.35622027128790257 0.21568627450980393
10 0.408209175746137 0.2014260249554367 0.4457567178548619 0.2014260249554367 0.4457567178548619 0.21390374331550802 0.408209175746137 0.21390374331550802
10 0.49774562231309627 0.2014260249554367 0.5680269190807095 0.2014260249554367 0.5680269190807095 0.21212121212121215 0.49774562231309627 0.21212121212121215
10 0.28208794456042013 0.0748663101604278 0.29749206439989695 0.0748663101604278 0.29749206439989695 0.1711229946524064 0.28208794456042013 0.1711229946524064
10 0.37258714861734676 0.0748663101604278 0.3841402384969544 0.0748663101604278 0.3841402384969544 0.3868092691622103 0.37258714861734676 0.3868092691622103
10 0.39569332837656207 0.07130124777183601 0.408209175746137 0.07130124777183601 0.408209175746137 0.19607843137254904 0.39569332837656207 0.19607843137254904
10 0.3398533939584583 0.2281639928698752 0.34948096885813146 0.2281639928698752 0.34948096885813146 0.40285204991087337 0.3398533939584583 0.40285204991087337
10 0.3360023639985891 0.38859180035650626 0.37162439112737944 0.38859180035650626 0.37162439112737944 0.40819964349376114 0.3360023639985891 0.40819964349376114
10 0.386065753476889 0.39037433155080214 0.452496020284633 0.39037433155080214 0.452496020284633 0.4117647058823529 0.386065753476889 0.4117647058823529
10 0.43612914295518884 0.3850267379679144 0.4563470502445023 0.3850267379679144 0.4563470502445023 0.46524064171123 0.43612914295518884 0.46524064171123
10 0.4582725652244368 0.47593582887700536 0.4929318348632597 0.47593582887700536 0.4929318348632597 0.49197860962566853 0.4582725652244368 0.49197860962566853
10 0.5429952243415596 0.47771836007130125 0.572840706530546 0.47771836007130125 0.572840706530546 0.4937611408199643 0.5429952243415596 0.4937611408199643
10 0.6238668534988131 0.47237076648841353 0.6556378506677343 0.47237076648841353 0.6556378506677343 0.49732620320855614 0.6238668534988131 0.49732620320855614
10 0.6671909405473418 0.47237076648841353 0.6902971203065571 0.47237076648841353 0.6902971203065571 0.49197860962566853 0.6671909405473418 0.49197860962566853
10 0.7095522701059032 0.4705882352941176 0.7384349948049224 0.4705882352941176 0.7384349948049224 0.4937611408199643 0.7095522701059032 0.4937611408199643
10 0.7528763571544319 0.47237076648841353 0.7788708093835492 0.47237076648841353 0.7788708093835492 0.4937611408199644 0.7528763571544319 0.4937611408199644
10 0.8308597138417837 0.47593582887700536 0.8876624057498547 0.47593582887700536 0.8876624057498547 0.49910873440285203 0.8308597138417837 0.49910873440285203
10 0.8741838008903122 0.4705882352941176 0.8915134357097237 0.4705882352941176 0.8915134357097237 0.5918003565062389 0.8741838008903122 0.5918003565062389
10 0.6960736652463609 0.5026737967914439 0.7085895126159358 0.5026737967914439 0.7085895126159358 0.748663101604278 0.6960736652463609 0.748663101604278
10 0.6931853927764591 0.7254901960784313 0.7422860247647914 0.7254901960784313 0.7422860247647914 0.748663101604278 0.6931853927764591 0.748663101604278
10 0.74998808468453 0.7290552584670231 0.8154555940023066 0.7290552584670231 0.8154555940023066 0.7468805704099821 0.74998808468453 0.7468805704099821
10 0.8616679535207373 0.7272727272727273 0.892476193199691 0.7272727272727273 0.892476193199691 0.7504456327985739 0.8616679535207373 0.7504456327985739
10 0.9088430705291352 0.6060606060606061 0.9367630377381871 0.6060606060606061 0.9367630377381871 0.6345811051693405 0.9088430705291352 0.6345811051693405
10 0.9463906126378602 0.6381461675579323 0.9512044000876967 0.6381461675579323 0.9512044000876967 0.8966131907308377 0.9463906126378602 0.8966131907308377
11 0.10494056640643618 0.5882352941176471 0.12034468624591302 0.5882352941176471 0.12034468624591302 0.6256684491978609 0.10494056640643618 0.6256684491978609
11 0.06546750931777669 0.5757575757575758 0.08472265911712278 0.5757575757575758 0.08472265911712278 0.590017825311943 0.06546750931777669 0.590017825311943
11 0.18388668058375507 0.5918003565062389 0.2002535579131993 0.5918003565062389 0.2002535579131993 0.6274509803921567 0.18388668058375507 0.6274509803921567
11 0.2512797048814664 0.1925133689839572 0.26475830974100867 0.1925133689839572 0.26475830974100867 0.21746880570409982 0.2512797048814664 0.21746880570409982
11 0.319635486669145 0.1871657754010695 0.33215133403872 0.1871657754010695 0.33215133403872 0.21925133689839568 0.319635486669145 0.21925133689839568
11 0.386065753476889 0.1925133689839572 0.3976188433564967 0.1925133689839572 0.3976188433564967 0.2121212121212121 0.386065753476889 0.2121212121212121
11 0.3937678133966274 0.16934046345811052 0.41206020570600627 0.16934046345811052 0.41206020570600627 0.1925133689839572 0.3937678133966274 0.1925133689839572
11 0.2772741571105836 0.07308377896613191 0.2994175793798316 0.07308377896613191 0.2994175793798316 0.0944741532976827 0.2772741571105836 0.0944741532976827
11 0.4342036279752542 0.19964349376114082 0.4467194753448291 0.19964349376114082 0.4467194753448291 0.21568627450980393 0.4342036279752542 0.21568627450980393
11 0.5583993441810364 0.19429590017825313 0.5661014041007748 0.19429590017825313 0.5661014041007748 0.21568627450980393 0.5583993441810364 0.21568627450980393
11 0.35910854375780443 0.3850267379679144 0.37162439112737944 0.3850267379679144 0.37162439112737944 0.41532976827094475 0.35910854375780443 0.41532976827094475
11 0.3687361186574776 0.36185383244206776 0.38510299598692177 0.36185383244206776 0.38510299598692177 0.38324420677361853 0.3687361186574776 0.38324420677361853
11 0.4313153555053523 0.4420677361853833 0.4592353227144042 0.4420677361853833 0.4592353227144042 0.4616755793226381 0.4313153555053523 0.4616755793226381
11 0.47849047251375015 0.4616755793226381 0.49774562231309627 0.4616755793226381 0.49774562231309627 0.49910873440285203 0.47849047251375015 0.49910873440285203
11 0.43901741542509076 0.5026737967914439 0.4544215352645676 0.5026737967914439 0.4544215352645676 0.5240641711229947 0.43901741542509076 0.5240641711229947
11 0.14826465345496484 0.6470588235294117 0.16366877329444174 0.6470588235294117 0.16366877329444174 0.6684491978609626 0.14826465345496484 0.6684491978609626
11 0.11841917126597842 0.8805704099821747 0.14056259353522643 0.8805704099821747 0.14056259353522643 0.8948306595365418 0.11841917126597842 0.8948306595365418
11 0.5603248591609711 0.47237076648841353 0.572840706530546 0.47237076648841353 0.572840706530546 0.49554367201426025 0.5603248591609711 0.49554367201426025
11 0.6411964883182246 0.4670231729055258 0.6566006081577015 0.4670231729055258 0.6566006081577015 0.5008912655971479 0.6411964883182246 0.5008912655971479
11 0.6806695454068842 0.4688057040998218 0.6922226352864919 0.4688057040998218 0.6922226352864919 0.4937611408199644 0.6806695454068842 0.4937611408199644
11 0.7278446624152821 0.4688057040998218 0.7393977522948898 0.4688057040998218 0.7393977522948898 0.49019607843137253 0.7278446624152821 0.49019607843137253
11 0.7692432344838761 0.4634581105169341 0.7798335668735165 0.4634581105169341 0.7798335668735165 0.49197860962566853 0.7692432344838761 0.49197860962566853
11 0.870332770930443 0.5632798573975044 0.9021037680993641 0.5632798573975044 0.9021037680993641 0.5846702317290553 0.870332770930443 0.5846702317290553
11 0.7220681174754782 0.7219251336898396 0.7413232672748241 0.7219251336898396 0.7413232672748241 0.750445632798574 0.7220681174754782 0.750445632798574
11 0.8029397466327317 0.7272727272727273 0.8154555940023066 0.7272727272727273 0.8154555940023066 0.7468805704099821 0.8029397466327317 0.7468805704099821
11 0.882848618300018 0.7219251336898396 0.8972899806495277 0.7219251336898396 0.8972899806495277 0.7486631016042781 0.882848618300018 0.7486631016042781
11 0.9300237353084159 0.6024955436720143 0.9435023401679582 0.6024955436720143 0.9435023401679582 0.6381461675579323 0.9300237353084159 0.6381461675579323
11 0.9406140676980562 0.8787878787878787 0.9560181875375331 0.8787878787878787 0.9560181875375331 0.9019607843137255 0.9406140676980562 0.9019607843137255
4 0.021180664779280694 0.13012477718360071 0.052951661948201736 0.13012477718360071 0.052951661948201736 0.5472370766488415 0.021180664779280694 0.5472370766488415
4 0.028882724699019126 0.5508021390374331 0.046212359518430605 0.5508021390374331 0.046212359518430605 0.8467023172905527 0.028882724699019126 0.8467023172905527
4 0.4438312028749273 0.8948306595365418 0.5535855567311999 0.8948306595365418 0.5535855567311999 0.9768270944741534 0.4438312028749273 0.9768270944741534
4 0.4669373826341426 0.0071301247771836 0.5362559219117885 0.0071301247771836 0.5362559219117885 0.08377896613190731 0.4669373826341426 0.08377896613190731
3 0.2541679773513683 0.1586452762923351 0.3186727291791777 0.1586452762923351 0.3186727291791777 0.25133689839572193 0.2541679773513683 0.25133689839572193
3 0.43901741542509076 0.1586452762923351 0.5073731972127693 0.1586452762923351 0.5073731972127693 0.2602495543672014 0.43901741542509076 0.2602495543672014
3 0.4881180474134233 0.43315508021390386 0.5478090117913961 0.43315508021390386 0.5478090117913961 0.5347593582887702 0.4881180474134233 0.5347593582887702
3 0.5651386466108076 0.43137254901960786 0.6334944283984862 0.43137254901960786 0.6334944283984862 0.5347593582887701 0.5651386466108076 0.5347593582887701
3 0.1155308987960765 0.5614973262032086 0.17233359070414744 0.5614973262032086 0.17233359070414744 0.6559714795008912 0.1155308987960765 0.6559714795008912
3 0.7759825369136473 0.4367201426024955 0.8395245312514894 0.4367201426024955 0.8395245312514894 0.5311942959001782 0.7759825369136473 0.5311942959001782
3 0.8558914085809335 0.5668449197860963 0.9155823729589064 0.5668449197860963 0.9155823729589064 0.6684491978609627 0.8558914085809335 0.6684491978609627
3 0.8048652616126664 0.6844919786096255 0.8722582859103777 0.6844919786096255 0.8722582859103777 0.7860962566844919 0.8048652616126664 0.7860962566844919
5 0.19158874050349353 0.5828877005347594 0.22047146520251265 0.5828877005347594 0.22047146520251265 0.6310160427807487 0.19158874050349353 0.6310160427807487
5 0.4293898405254177 0.4491978609625669 0.46501186765420793 0.4491978609625669 0.46501186765420793 0.5026737967914439 0.4293898405254177 0.5026737967914439
5 0.33022581905878534 0.1746880570409982 0.35622027128790257 0.1746880570409982 0.35622027128790257 0.22638146167557932 0.33022581905878534 0.22638146167557932
5 0.6912598777965244 0.4491978609625669 0.7143660575557397 0.4491978609625669 0.7143660575557397 0.5080213903743316 0.6912598777965244 0.5080213903743316
0 0.594984128799794 0.29590017825311943 0.6296433984386169 0.29590017825311943 0.6296433984386169 0.3832442067736185 0.594984128799794 0.3832442067736185
10 0.6546750931777668 0.07308377896613191 0.6671909405473417 0.07308377896613191 0.6671909405473417 0.463458110516934 0.6546750931777668 0.463458110516934
10 0.7442115397447262 0.07130124777183601 0.7509508421744973 0.07130124777183601 0.7509508421744973 0.463458110516934 0.7442115397447262 0.463458110516934
11 0.6527495781978323 0.0659536541889483 0.6681536980373092 0.0659536541889483 0.6681536980373092 0.089126559714795 0.6527495781978323 0.089126559714795
11 0.7413232672748242 0.4474153297682709 0.7528763571544319 0.4474153297682709 0.7528763571544319 0.4705882352941176 0.7413232672748242 0.4705882352941176
1 0.8886251632398218 0.7130124777183601 0.9126941004890046 0.7130124777183601 0.9126941004890046 0.7593582887700535 0.8886251632398218 0.7593582887700535
1 0.5651386466108076 0.18181818181818182 0.5872820688800556 0.18181818181818182 0.5872820688800556 0.2281639928698752 0.5651386466108076 0.2281639928698752
2 0.06257923684787478 0.5918003565062389 0.08664817409705738 0.5918003565062389 0.08664817409705738 0.6256684491978609 0.06257923684787478 0.6256684491978609
2 0.6498613057279303 0.4634581105169341 0.671041970507211 0.4634581105169341 0.671041970507211 0.5026737967914439 0.6498613057279303 0.5026737967914439
2 0.7374722373149551 0.4634581105169341 0.7576901446042685 0.4634581105169341 0.7576901446042685 0.5062388591800357 0.7374722373149551 0.5062388591800357
2 0.9396513102080888 0.5918003565062389 0.9579437025174679 0.5918003565062389 0.9579437025174679 0.6452762923351159 0.9396513102080888 0.6452762923351159
2 0.36969887614744484 0.3832442067736185 0.39087954092672544 0.3832442067736185 0.39087954092672544 0.4224598930481284 0.36969887614744484 0.4224598930481284
2 0.3889540259467909 0.19607843137254904 0.4168739931558427 0.19607843137254904 0.4168739931558427 0.22638146167557938 0.3889540259467909 0.22638146167557938
8 0.05052430886558627 0.6371650511094961 0.10009532888465203 0.6371650511094961 0.10009532888465203 0.6689350536578921 0.05052430886558627 0.6689350536578921
8 0.032411820781696854 0.6495200521005389 0.0438512869399428 0.6495200521005389 0.0438512869399428 0.7254150581883736 0.032411820781696854 0.7254150581883736
8 0.011439466158245948 0.40418503242125925 0.024785510009532892 0.40418503242125925 0.024785510009532892 0.5718600458711267 0.011439466158245948 0.5718600458711267
8 0.03145853193517636 0.3071100246344939 0.044804575786463297 0.3071100246344939 0.044804575786463297 0.4006550321381041 0.03145853193517636 0.4006550321381041
8 0.22783603431839844 0.5965700478532123 0.26787416587225926 0.5965700478532123 0.26787416587225926 0.6248100501184533 0.22783603431839844 0.6248100501184533
8 0.32125834127740704 0.6742300540826246 0.3326978074356531 0.6742300540826246 0.3326978074356531 0.6918800554984001 0.32125834127740704 0.6918800554984001
8 0.12106768350810294 0.5842150468621695 0.1696854146806482 0.5842150468621695 0.1696854146806482 0.6371650511094961 0.12106768350810294 0.6371650511094961
8 0.3603431839847474 0.4271300342617675 0.4003813155386081 0.4271300342617675 0.4003813155386081 0.45007503610227567 0.3603431839847474 0.45007503610227567
8 0.22688274547187798 0.18709001500722044 0.2411820781696854 0.18709001500722044 0.2411820781696854 0.20121001613984082 0.22688274547187798 0.20121001613984082
8 0.2621544327931363 0.17473501401617755 0.3126787416587226 0.17473501401617755 0.3126787416587226 0.2365100189713919 0.2621544327931363 0.2365100189713919
8 0.38322211630123926 0.23298001868823676 0.4204003813155386 0.23298001868823676 0.4204003813155386 0.2612200209534775 0.38322211630123926 0.2612200209534775
8 0.550047664442326 0.23474501882981433 0.5996186844613918 0.23474501882981433 0.5996186844613918 0.26298502109505517 0.550047664442326 0.26298502109505517
8 0.5862726406101049 0.3777100302975959 0.6377502383222117 0.3777100302975959 0.6377502383222117 0.3971250318549491 0.5862726406101049 0.3971250318549491
11 0.6072449952335558 0.36712002944813066 0.6167778836987607 0.36712002944813066 0.6167778836987607 0.3883000311470613 0.6072449952335558 0.3883000311470613
8 0.4432793136320305 0.16414501316671232 0.4995233555767398 0.16414501316671232 0.4995233555767398 0.2471000198208572 0.4432793136320305 0.2471000198208572
8 0.49189704480457574 0.4518400362438532 0.5433746425166825 0.4518400362438532 0.5433746425166825 0.508320040774335 0.49189704480457574 0.508320040774335
8 0.5710200190657769 0.4518400362438532 0.6234509056244042 0.4518400362438532 0.6234509056244042 0.5171450414822226 0.5710200190657769 0.5171450414822226
10 0.5967588179218303 0.38300503072232867 0.6167778836987606 0.38300503072232867 0.6167778836987606 0.4430150355359654 0.5967588179218303 0.4430150355359654
8 0.6367969494756911 0.5065550406327572 0.6854146806482365 0.5065550406327572 0.6854146806482365 0.5242050420485326 0.6367969494756911 0.5242050420485326
8 0.4718779790276454 0.9072100727708614 0.5319351763584366 0.9072100727708614 0.5319351763584366 0.9566300767350328 0.4718779790276454 0.9566300767350328
8 0.7187797902764538 0.7642450613030796 0.7740705433746425 0.7642450613030796 0.7740705433746425 0.7783650624357001 0.7187797902764538 0.7783650624357001
9 0.7349857006673023 0.7095300569141757 0.757864632983794 0.7095300569141757 0.757864632983794 0.7677750615862348 0.7349857006673023 0.7677750615862348
8 0.8779790276453765 0.7624800611615021 0.9237368922783603 0.7624800611615021 0.9237368922783603 0.7942500637098984 0.8779790276453765 0.7942500637098984
8 0.9218303145853193 0.5718600458711266 0.973307912297426 0.5718600458711266 0.973307912297426 0.5948050477116348 0.9218303145853193 0.5948050477116348
8 0.7778836987607244 0.45537003652700825 0.8303145853193518 0.45537003652700825 0.8303145853193518 0.515380041340645 0.7778836987607244 0.515380041340645
8 0.7273593898951383 0.5083200407743348 0.7693040991420401 0.5083200407743348 0.7693040991420401 0.5242050420485326 0.7273593898951383 0.5242050420485326
8 0.8141086749285033 0.704235056489443 0.86558627264061 0.704235056489443 0.86558627264061 0.77130506186939 0.8141086749285033 0.77130506186939
8 0.8617731172545282 0.5930400475700572 0.9065776930409915 0.5930400475700572 0.9065776930409915 0.653050052383694 0.8617731172545282 0.653050052383694
