10 0.08551992225461615 0.3763207410623825 0.1098153547133139 0.3763207410623825 0.1098153547133139 0.4007815892314373 0.08551992225461615 0.4007815892314373
10 0.1282798833819242 0.3744391373570705 0.16034985422740525 0.3744391373570705 0.16034985422740525 0.3932551744101896 0.1282798833819242 0.3932551744101896
10 0.1758989310009718 0.3725575336517586 0.2040816326530612 0.3725575336517586 0.2040816326530612 0.3932551744101896 0.1758989310009718 0.3932551744101896
10 0.2429543245869777 0.3763207410623825 0.27113702623906705 0.3763207410623825 0.27113702623906705 0.3894919669995659 0.2429543245869777 0.3894919669995659
10 0.293488824101069 0.3744391373570705 0.3216715257531584 0.3744391373570705 0.3216715257531584 0.3970183818208135 0.293488824101069 0.3970183818208135
10 0.34402332361516036 0.3763207410623825 0.3722060252672498 0.3763207410623825 0.3722060252672498 0.3932551744101896 0.34402332361516036 0.3932551744101896
10 0.3955296404275997 0.3725575336517586 0.4198250728862974 0.3725575336517586 0.4198250728862974 0.3932551744101896 0.3955296404275997 0.3932551744101896
10 0.45675413022351796 0.3744391373570705 0.5053449951409135 0.3744391373570705 0.5053449951409135 0.39137357070487777 0.45675413022351796 0.39137357070487777
10 0.5247813411078717 0.3744391373570705 0.564625850340136 0.3744391373570705 0.564625850340136 0.39137357070487777 0.5247813411078717 0.39137357070487777
10 0.586977648202138 0.3725575336517586 0.6161321671525753 0.3725575336517586 0.6161321671525753 0.39137357070487777 0.586977648202138 0.39137357070487777
10 0.653061224489796 0.3763207410623825 0.6841593780369292 0.3763207410623825 0.6841593780369292 0.3951367781155016 0.653061224489796 0.3951367781155016
10 0.7405247813411079 0.3706759299464466 0.8104956268221574 0.3706759299464466 0.8104956268221574 0.38949196699956573 0.7405247813411079 0.38949196699956573
10 0.826044703595724 0.3725575336517586 0.8629737609329446 0.3725575336517586 0.8629737609329446 0.3932551744101896 0.826044703595724 0.3932551744101896
10 0.9047619047619047 0.37820234476769427 0.9329446064139939 0.37820234476769427 0.9329446064139939 0.39513677811550146 0.9047619047619047 0.39513677811550146
10 0.1661807580174927 0.4045447966420611 0.17492711370262393 0.4045447966420611 0.17492711370262393 0.470400926327978 0.1661807580174927 0.470400926327978
10 0.1652089407191448 0.4534664929801708 0.2031098153547133 0.4534664929801708 0.2031098153547133 0.4798089448545376 0.1652089407191448 0.4798089448545376
10 0.2400388726919339 0.4572297003907947 0.2818270165208941 0.4572297003907947 0.2818270165208941 0.4779273411492257 0.2400388726919339 0.4779273411492257
10 0.27793974732750243 0.4083080040526849 0.2847424684159378 0.4083080040526849 0.2847424684159378 0.48169054855984955 0.27793974732750243 0.48169054855984955
10 0.21379980563654033 0.11665942972933856 0.22448979591836732 0.11665942972933856 0.22448979591836732 0.3706759299464466 0.21379980563654033 0.3706759299464466
10 0.2293488824101069 0.08843537414965986 0.2672497570456755 0.08843537414965986 0.2672497570456755 0.10348820379215516 0.2293488824101069 0.10348820379215516
10 0.33138969873663754 0.08279056303372415 0.369290573372206 0.08279056303372415 0.369290573372206 0.10160660008684323 0.33138969873663754 0.10160660008684323
10 0.4169096209912536 0.08467216673903605 0.5218658892128281 0.08467216673903605 0.5218658892128281 0.10348820379215513 0.4169096209912536 0.10348820379215513
10 0.5413022351797862 0.08655377044434795 0.653061224489796 0.08655377044434795 0.653061224489796 0.10348820379215516 0.5413022351797862 0.10348820379215516
10 0.6715257531584062 0.08467216673903605 0.7074829931972789 0.08467216673903605 0.7074829931972789 0.09972499638153134 0.6715257531584062 0.09972499638153134
10 0.7570456754130223 0.0809089593284122 0.8231292517006802 0.0809089593284122 0.8231292517006802 0.10160660008684323 0.7570456754130223 0.10160660008684323
10 0.6579203109815355 0.12042263713996239 0.6676384839650147 0.12042263713996239 0.6676384839650147 0.451584889274859 0.6579203109815355 0.451584889274859
10 0.6229348882410107 0.19192357794181503 0.6355685131195336 0.19192357794181503 0.6355685131195336 0.37255753365175853 0.6229348882410107 0.37255753365175853
10 0.5267249757045676 0.10725141120277898 0.5354713313896987 0.10725141120277898 0.5354713313896987 0.1731075408886959 0.5267249757045676 0.1731075408886959
10 0.5208940719144801 0.1542915038355768 0.6161321671525753 0.1542915038355768 0.6161321671525753 0.1843971631205674 0.5208940719144801 0.1843971631205674
10 0.641399416909621 0.1655811260674483 0.7123420796890184 0.1655811260674483 0.7123420796890184 0.18251555941525546 0.641399416909621 0.18251555941525546
10 0.7560738581146744 0.16369952236213636 0.8202137998056367 0.16369952236213636 0.8202137998056367 0.18251555941525546 0.7560738581146744 0.18251555941525546
10 0.11370262390670555 0.4026631929367491 0.12439261418853256 0.4026631929367491 0.12439261418853256 0.5531914893617021 0.11370262390670555 0.5531914893617021
10 0.11175898931000973 0.5306122448979592 0.16034985422740525 0.5306122448979592 0.16034985422740525 0.5663627152988855 0.11175898931000973 0.5663627152988855
10 0.19630709426627793 0.5456650745404545 0.25267249757045673 0.5456650745404545 0.25267249757045673 0.5607179041829498 0.19630709426627793 0.5607179041829498
10 0.21477162293488825 0.4892169633810971 0.22546161321671526 0.4892169633810971 0.22546161321671526 0.7526414821247648 0.21477162293488825 0.7526414821247648
10 0.17395529640427598 0.577652337530757 0.1817298347910593 0.577652337530757 0.1817298347910593 0.8580112896222318 0.17395529640427598 0.8580112896222318
10 0.23129251700680273 0.7582862932407005 0.3547133138969873 0.7582862932407005 0.3547133138969873 0.7789839339991317 0.23129251700680273 0.7789839339991317
10 0.37220602526724966 0.7620495006513244 0.4237123420796889 0.7620495006513244 0.4237123420796889 0.7808655377044434 0.37220602526724966 0.7808655377044434
10 0.44314868804664725 0.7601678969460124 0.49854227405247814 0.7601678969460124 0.49854227405247814 0.7808655377044434 0.44314868804664725 0.7808655377044434
10 0.5267249757045676 0.7620495006513244 0.564625850340136 0.7620495006513244 0.564625850340136 0.7808655377044434 0.5267249757045676 0.7808655377044434
10 0.6141885325558795 0.7639311043566362 0.6724975704567542 0.7639311043566362 0.6724975704567542 0.7789839339991317 0.6141885325558795 0.7789839339991317
10 0.7201166180758016 0.7601678969460124 0.8085519922254616 0.7601678969460124 0.8085519922254616 0.7789839339991317 0.7201166180758016 0.7789839339991317
10 0.5685131195335277 0.4854537559704733 0.5801749271137026 0.4854537559704733 0.5801749271137026 0.7451150673035171 0.5685131195335277 0.7451150673035171
10 0.4703595724003887 0.5738891301201332 0.4800777453838678 0.5738891301201332 0.4800777453838678 0.8542480822116081 0.4703595724003887 0.8542480822116081
10 0.3294460641399417 0.3988999855261254 0.33527696793002915 0.3988999855261254 0.33527696793002915 0.5475466782457664 0.3294460641399417 0.5475466782457664
10 0.32750242954324593 0.534375452308583 0.37123420796890183 0.534375452308583 0.37123420796890183 0.5625995078882617 0.32750242954324593 0.5625995078882617
10 0.39261418853255586 0.5456650745404545 0.4577259475218659 0.5456650745404545 0.4577259475218659 0.5644811115935735 0.39261418853255586 0.5644811115935735
10 0.42857142857142855 0.4007815892314373 0.4402332361516035 0.4007815892314373 0.4402332361516035 0.7469966710088292 0.42857142857142855 0.7469966710088292
10 0.511175898931001 0.3970183818208134 0.5238095238095238 0.3970183818208134 0.5238095238095238 0.47980894485453757 0.511175898931001 0.47980894485453757
10 0.5063168124392614 0.4591113040961065 0.5636540330417882 0.4591113040961065 0.5636540330417882 0.48169054855984955 0.5063168124392614 0.48169054855984955
10 0.5840621963070942 0.46475611521204224 0.6433430515063168 0.46475611521204224 0.6433430515063168 0.4816905485598495 0.5840621963070942 0.4816905485598495
10 0.6783284742468416 0.46475611521204224 0.7123420796890184 0.46475611521204224 0.7123420796890184 0.4835721522651613 0.6783284742468416 0.4835721522651613
10 0.7784256559766763 0.4553480966854827 0.8182701652089407 0.4553480966854827 0.8182701652089407 0.47604573744391376 0.7784256559766763 0.47604573744391376
10 0.8114674441205054 0.4007815892314373 0.8202137998056365 0.4007815892314373 0.8202137998056365 0.5513098856563904 0.8114674441205054 0.5513098856563904
10 0.4946550048590865 0.5381386597192068 0.8221574344023324 0.5381386597192068 0.8221574344023324 0.556954696772326 0.4946550048590865 0.556954696772326
10 0.880466472303207 0.41207121146330866 0.8892128279883382 0.41207121146330866 0.8892128279883382 0.5607179041829498 0.880466472303207 0.5607179041829498
10 0.8610301263362486 0.5400202634245187 0.8862973760932945 0.5400202634245187 0.8862973760932945 0.556954696772326 0.8610301263362486 0.556954696772326
10 0.18853255587949466 0.8693009118541036 0.29640427599611274 0.8693009118541036 0.29640427599611274 0.8881169489072227 0.18853255587949466 0.8881169489072227
10 0.28668610301263364 0.8636561007381676 0.304178814382896 0.8636561007381676 0.304178814382896 0.940801852655956 0.28668610301263364 0.940801852655956
10 0.282798833819242 0.9106961933709654 0.6666666666666667 0.9106961933709654 0.6666666666666667 0.9426834563612679 0.282798833819242 0.9426834563612679
10 0.358600583090379 0.7902735562310031 0.36929057337220594 0.7902735562310031 0.36929057337220594 0.8768273266753511 0.358600583090379 0.8768273266753511
10 0.3556851311953353 0.8580112896222318 0.4606413994169097 0.8580112896222318 0.4606413994169097 0.8843537414965986 0.3556851311953353 0.8843537414965986
10 0.4859086491739554 0.8693009118541036 0.5665694849368319 0.8693009118541036 0.5665694849368319 0.8843537414965987 0.4859086491739554 0.8843537414965987
10 0.6132167152575316 0.8674193081487915 0.6511175898931 0.8674193081487915 0.6511175898931 0.8862353452019107 0.6132167152575316 0.8862353452019107
10 0.6724975704567542 0.8693009118541036 0.7181729834791059 0.8693009118541036 0.7181729834791059 0.8843537414965987 0.6724975704567542 0.8843537414965987
10 0.760932944606414 0.8674193081487915 0.8095238095238094 0.8674193081487915 0.8095238095238094 0.8881169489072227 0.760932944606414 0.8881169489072227
11 0.09620991253644316 0.3725575336517586 0.11175898931000974 0.3725575336517586 0.11175898931000974 0.4007815892314373 0.09620991253644316 0.4007815892314373
11 0.1457725947521866 0.3650311188305109 0.15937803692905733 0.3650311188305109 0.15937803692905733 0.39889998552612543 0.1457725947521866 0.39889998552612543
11 0.1856171039844509 0.3706759299464466 0.206025267249757 0.3706759299464466 0.206025267249757 0.3970183818208134 0.1856171039844509 0.3970183818208134
11 0.25461613216715256 0.3706759299464466 0.27599611273080665 0.3706759299464466 0.27599611273080665 0.39513677811550146 0.25461613216715256 0.39513677811550146
11 0.30709426627793973 0.3650311188305109 0.3245869776482021 0.3650311188305109 0.3245869776482021 0.3970183818208135 0.30709426627793973 0.3970183818208135
11 0.3566569484936831 0.3725575336517586 0.3760932944606414 0.3725575336517586 0.3760932944606414 0.3932551744101896 0.3566569484936831 0.3932551744101896
11 0.40330417881438296 0.3650311188305109 0.4198250728862974 0.3650311188305109 0.4198250728862974 0.3932551744101896 0.40330417881438296 0.3932551744101896
11 0.4907677356656948 0.3687943262411348 0.5082604470359572 0.3687943262411348 0.5082604470359572 0.3951367781155016 0.4907677356656948 0.3951367781155016
11 0.5471331389698737 0.3706759299464466 0.5665694849368319 0.3706759299464466 0.5665694849368319 0.39137357070487766 0.5471331389698737 0.39137357070487766
11 0.6025267249757046 0.3650311188305109 0.6151603498542274 0.3650311188305109 0.6151603498542274 0.3970183818208135 0.6025267249757046 0.3970183818208135
11 0.6715257531584062 0.3725575336517586 0.6841593780369292 0.3725575336517586 0.6841593780369292 0.3951367781155016 0.6715257531584062 0.3951367781155016
11 0.7910592808551994 0.3650311188305109 0.8095238095238095 0.3650311188305109 0.8095238095238095 0.4007815892314373 0.7910592808551994 0.4007815892314373
11 0.8415937803692906 0.363149515125199 0.8620019436345967 0.363149515125199 0.8620019436345967 0.4007815892314373 0.8415937803692906 0.4007815892314373
11 0.9173955296404276 0.3725575336517586 0.9310009718172985 0.3725575336517586 0.9310009718172985 0.4007815892314373 0.9173955296404276 0.4007815892314373
11 0.8765792031098155 0.40642640034737293 0.8931000971817299 0.40642640034737293 0.8931000971817299 0.4384136633376755 0.8765792031098155 0.4384136633376755
11 0.8075801749271135 0.4007815892314373 0.8250728862973761 0.4007815892314373 0.8250728862973761 0.4308872485164279 0.8075801749271135 0.4308872485164279
11 0.6967930029154519 0.4628745115067304 0.7152575315840621 0.4628745115067304 0.7152575315840621 0.48545375597047336 0.6967930029154519 0.48545375597047336
11 0.6268221574344023 0.46099290780141844 0.6443148688046646 0.46099290780141844 0.6443148688046646 0.4873353596757853 0.6268221574344023 0.4873353596757853
11 0.5471331389698737 0.4534664929801708 0.5626822157434402 0.4534664929801708 0.5626822157434402 0.48921696338109716 0.5471331389698737 0.48921696338109716
11 0.3556851311953353 0.5324938486032711 0.37512147716229355 0.5324938486032711 0.37512147716229355 0.5625995078882617 0.3556851311953353 0.5625995078882617
11 0.18853255587949466 0.44405847445361124 0.20699708454810495 0.44405847445361124 0.20699708454810495 0.48169054855984955 0.18853255587949466 0.48169054855984955
11 0.13994169096209913 0.5249674337820235 0.16229348882410108 0.5249674337820235 0.16229348882410108 0.5682443190041975 0.13994169096209913 0.5682443190041975
11 0.23323615160349853 0.5400202634245187 0.249757045675413 0.5400202634245187 0.249757045675413 0.5588363004776379 0.23323615160349853 0.5588363004776379
11 0.16812439261418854 0.8316688377478652 0.1836734693877551 0.8316688377478652 0.1836734693877551 0.8580112896222319 0.16812439261418854 0.8580112896222319
11 0.3401360544217687 0.748878274714141 0.3537414965986395 0.748878274714141 0.3537414965986395 0.7827471414097555 0.3401360544217687 0.7827471414097555
11 0.41010689990281823 0.7564046895353885 0.42759961127308066 0.7564046895353885 0.42759961127308066 0.788391952525691 0.41010689990281823 0.788391952525691
11 0.42371234207968894 0.7168910117238386 0.4412050534499514 0.7168910117238386 0.4412050534499514 0.7432334635982054 0.42371234207968894 0.7432334635982054
11 0.4859086491739554 0.7582862932407005 0.500485908649174 0.7582862932407005 0.500485908649174 0.7846287451150673 0.4859086491739554 0.7846287451150673
11 0.5500485908649174 0.7601678969460124 0.5685131195335278 0.7601678969460124 0.5685131195335278 0.7827471414097555 0.5500485908649174 0.7827471414097555
11 0.653061224489796 0.7582862932407005 0.67444120505345 0.7582862932407005 0.67444120505345 0.7846287451150673 0.653061224489796 0.7846287451150673
11 0.7852283770651117 0.7545230858300768 0.8104956268221576 0.7545230858300768 0.8104956268221576 0.7827471414097555 0.7852283770651117 0.7827471414097555
11 0.6355685131195336 0.8561296859169201 0.6550048590864919 0.8561296859169201 0.6550048590864919 0.8881169489072225 0.6355685131195336 0.8881169489072225
11 0.6967930029154519 0.8636561007381676 0.7240038872691935 0.8636561007381676 0.7240038872691935 0.8843537414965986 0.6967930029154519 0.8843537414965986
11 0.793002915451895 0.8598928933275439 0.8143828960155489 0.8598928933275439 0.8143828960155489 0.8899985526125345 0.793002915451895 0.8899985526125345
11 0.4509232264334305 0.854248082211608 0.46355685131195334 0.854248082211608 0.46355685131195334 0.8881169489072224 0.4509232264334305 0.8881169489072224
11 0.5539358600583091 0.8655377044434797 0.5685131195335277 0.8655377044434797 0.5685131195335277 0.8899985526125345 0.5539358600583091 0.8899985526125345
11 0.652089407191448 0.899406571139094 0.6724975704567542 0.899406571139094 0.6724975704567542 0.9219858156028369 0.652089407191448 0.9219858156028369
11 0.2099125364431487 0.1091330149080909 0.2274052478134111 0.1091330149080909 0.2274052478134111 0.1392386741930815 0.2099125364431487 0.1392386741930815
11 0.249757045675413 0.0771457519177884 0.272108843537415 0.0771457519177884 0.272108843537415 0.10348820379215516 0.249757045675413 0.10348820379215516
11 0.3508260447035958 0.0771457519177884 0.3663751214771623 0.0771457519177884 0.3663751214771623 0.10536980749746708 0.3508260447035958 0.10536980749746708
11 0.5034013605442177 0.08279056303372415 0.5238095238095238 0.08279056303372415 0.5238095238095238 0.10348820379215516 0.5034013605442177 0.10348820379215516
11 0.6336248785228377 0.08279056303372415 0.6579203109815355 0.08279056303372415 0.6579203109815355 0.10536980749746708 0.6336248785228377 0.10536980749746708
11 0.6929057337220602 0.07338254450716457 0.7103984450923226 0.07338254450716457 0.7103984450923226 0.11289622231871473 0.6929057337220602 0.11289622231871473
11 0.80466472303207 0.07526414821247648 0.8250728862973761 0.07526414821247648 0.8250728862973761 0.10725141120277899 0.80466472303207 0.10725141120277899
11 0.5957240038872692 0.14864669271964104 0.620991253644315 0.14864669271964104 0.620991253644315 0.18627876682587927 0.5957240038872692 0.18627876682587927
11 0.6899902818270165 0.1618179186568244 0.7152575315840621 0.1618179186568244 0.7152575315840621 0.18627876682587927 0.6899902818270165 0.18627876682587927
11 0.80466472303207 0.1618179186568244 0.8241010689990282 0.1618179186568244 0.8241010689990282 0.1900419742365031 0.80466472303207 0.1900419742365031
11 0.6180758017492711 0.19380518164712693 0.6375121477162294 0.19380518164712693 0.6375121477162294 0.22391084093211752 0.6180758017492711 0.22391084093211752
11 0.6550048590864919 0.10725141120277898 0.6724975704567543 0.10725141120277898 0.6724975704567543 0.13735707048776957 0.6550048590864919 0.13735707048776957
1 0.9310009718172985 0.3462150817773918 0.9591836734693877 0.3462150817773918 0.9591836734693877 0.425242437400492 0.9310009718172985 0.425242437400492
1 0.8056365403304179 0.726299030250398 0.8318756073858115 0.726299030250398 0.8318756073858115 0.8109711969894341 0.8056365403304179 0.8109711969894341
1 0.8027210884353742 0.837313648863801 0.8318756073858115 0.837313648863801 0.8318756073858115 0.9031697785497178 0.8027210884353742 0.9031697785497178
1 0.8163265306122449 0.13735707048776957 0.8445092322643344 0.13735707048776957 0.8445092322643344 0.20321320017368646 0.8163265306122449 0.20321320017368646
1 0.8172983479105929 0.05268490374873354 0.8435374149659863 0.05268490374873354 0.8435374149659863 0.12042263713996239 0.8172983479105929 0.12042263713996239
4 0.024295432458697766 0.030105659284990597 0.04859086491739553 0.030105659284990597 0.04859086491739553 0.24084527427992478 0.024295432458697766 0.24084527427992478
4 0.02235179786200194 0.2954117817339702 0.05053449951409135 0.2954117817339702 0.05053449951409135 0.6529164857432335 0.02235179786200194 0.6529164857432335
4 0.021379980563654036 0.6999565783760313 0.050534499514091356 0.6999565783760313 0.050534499514091356 0.9765523230568822 0.021379980563654036 0.9765523230568822
3 0.19714921240183395 0.3462150817773913 0.2478134110787171 0.3462150817773913 0.2478134110787171 0.42321733674911244 0.19714921240183395 0.42321733674911244
3 0.2585034013605442 0.04892169633810972 0.33624878522837715 0.04892169633810972 0.33624878522837715 0.12042263713996239 0.2585034013605442 0.12042263713996239
3 0.358600583090379 0.05644811115935736 0.4207968901846453 0.05644811115935736 0.4207968901846453 0.12418584455058619 0.358600583090379 0.12418584455058619
3 0.7055393586005833 0.060211318569981194 0.760932944606414 0.060211318569981194 0.760932944606414 0.11289622231871473 0.7055393586005833 0.11289622231871473
10 0.3799805636540331 0.11289622231871473 0.39067055393586003 0.11289622231871473 0.39067055393586003 0.363149515125199 0.3799805636540331 0.363149515125199
11 0.3741496598639456 0.3330438558402084 0.39067055393586003 0.3330438558402084 0.39067055393586003 0.3669127225358228 0.3741496598639456 0.3669127225358228
3 0.2011661807580175 0.4384136633376755 0.2429543245869777 0.4384136633376755 0.2429543245869777 0.5061513967289043 0.2011661807580175 0.5061513967289043
3 0.15840621963070942 0.5193226226660878 0.1992225461613217 0.5193226226660878 0.1992225461613217 0.5814155449413809 0.15840621963070942 0.5814155449413809
3 0.45286686103012636 0.5174410189607758 0.5014577259475218 0.5174410189607758 0.5014577259475218 0.5832971486466928 0.45286686103012636 0.5832971486466928
3 0.4149659863945579 0.3462150817773918 0.4616132167152575 0.3462150817773918 0.4616132167152575 0.41207121146330866 0.4149659863945579 0.41207121146330866
3 0.6112730806608357 0.3480966854827037 0.6550048590864919 0.3480966854827037 0.6550048590864919 0.41395281516862065 0.6112730806608357 0.41395281516862065
3 0.6802721088435374 0.34997828918801566 0.7453838678328474 0.34997828918801566 0.7453838678328474 0.41771602257924445 0.6802721088435374 0.41771602257924445
3 0.7035957240038871 0.1430018816037053 0.7677356656948494 0.1430018816037053 0.7677356656948494 0.20321320017368646 0.7035957240038871 0.20321320017368646
3 0.8620019436345967 0.3462150817773918 0.9096209912536443 0.3462150817773918 0.9096209912536443 0.4195976262845564 0.8620019436345967 0.4195976262845564
3 0.7103984450923226 0.4290056448111159 0.7852283770651115 0.4290056448111159 0.7852283770651115 0.5042697930235923 0.7103984450923226 0.5042697930235923
3 0.6384839650145773 0.4365320596323636 0.6812439261418853 0.4365320596323636 0.6812439261418853 0.5061513967289043 0.6384839650145773 0.5061513967289043
3 0.5529640427599611 0.7244174265450862 0.6190476190476191 0.7244174265450862 0.6190476190476191 0.8090895932841223 0.5529640427599611 0.8090895932841223
3 0.6656948493683188 0.7319438413663338 0.7298347910592807 0.7319438413663338 0.7298347910592807 0.8015631784628746 0.6656948493683188 0.8015631784628746
3 0.4936831875607386 0.7338254450716457 0.5344995140913509 0.7338254450716457 0.5344995140913509 0.8034447821681865 0.4936831875607386 0.8034447821681865
3 0.5597667638483965 0.833550441453177 0.620019436345967 0.833550441453177 0.620019436345967 0.9050513822550298 0.5597667638483965 0.9050513822550298
3 0.7142857142857143 0.8316688377478652 0.7648202137998056 0.8316688377478652 0.7648202137998056 0.9125777970762774 0.7142857142857143 0.9125777970762774
5 0.10495626822157435 0.35185989289332753 0.1282798833819242 0.35185989289332753 0.1282798833819242 0.41018960775799684 0.10495626822157435 0.41018960775799684
5 0.15937803692905733 0.3556231003039514 0.17978620019436345 0.3556231003039514 0.17978620019436345 0.41018960775799684 0.15937803692905733 0.41018960775799684
5 0.27113702623906705 0.3556231003039514 0.2925170068027211 0.3556231003039514 0.2925170068027211 0.41207121146330866 0.27113702623906705 0.41207121146330866
5 0.3216715257531584 0.35374149659863946 0.3420796890184646 0.35374149659863946 0.3420796890184646 0.40642640034737293 0.3216715257531584 0.40642640034737293
5 0.5034013605442177 0.3556231003039514 0.5364431486880467 0.3556231003039514 0.5364431486880467 0.4214792299898683 0.5034013605442177 0.4214792299898683
5 0.803692905733722 0.3443334780720799 0.8318756073858112 0.3443334780720799 0.8318756073858112 0.4083080040526849 0.803692905733722 0.4083080040526849
5 0.5131195335276968 0.05644811115935736 0.543245869776482 0.05644811115935736 0.543245869776482 0.11477782602402661 0.5131195335276968 0.11477782602402661
5 0.34985422740524785 0.7300622376610219 0.37998056365403315 0.7300622376610219 0.37998056365403315 0.7959183673469388 0.34985422740524785 0.7959183673469388
5 0.6472303206997084 0.8448400636850485 0.6773566569484937 0.8448400636850485 0.6773566569484937 0.9088145896656535 0.6472303206997084 0.9088145896656535
2 0.20505344995140912 0.7432334635982053 0.23420796890184645 0.7432334635982053 0.23420796890184645 0.8053263858734983 0.20505344995140912 0.8053263858734983
2 0.41788143828960167 0.748878274714141 0.447035957240039 0.748878274714141 0.447035957240039 0.7996815747575626 0.41788143828960167 0.7996815747575626
2 0.4586977648202138 0.8410768562744246 0.4888241010689991 0.8410768562744246 0.4888241010689991 0.9050513822550298 0.4586977648202138 0.9050513822550298
2 0.163265306122449 0.850484874800984 0.19144800777453838 0.850484874800984 0.19144800777453838 0.9031697785497177 0.163265306122449 0.9031697785497177
2 0.3712342079689018 0.35374149659863946 0.3994169096209912 0.35374149659863946 0.3994169096209912 0.41395281516862065 0.3712342079689018 0.41395281516862065
2 0.2031098153547133 0.063974525980605 0.23226433430515067 0.063974525980605 0.23226433430515067 0.10913301490809091 0.2031098153547133 0.10913301490809091
2 0.653061224489796 0.05832971486466928 0.6802721088435374 0.05832971486466928 0.6802721088435374 0.11854103343465044 0.653061224489796 0.11854103343465044
2 0.6151603498542274 0.13171225937183384 0.6423712342079688 0.13171225937183384 0.6423712342079688 0.20133159646837462 0.6151603498542274 0.20133159646837462
2 0.5607385811467445 0.4290056448111159 0.5879494655004859 0.4290056448111159 0.5879494655004859 0.5061513967289042 0.5607385811467445 0.5061513967289042
7 0.8357628765792033 0.5155594152554639 0.8668610301263364 0.5155594152554639 0.8668610301263364 0.5851787523520047 0.8357628765792033 0.5851787523520047
8 0.02955195424213537 0.08674928503336511 0.04194470924690181 0.08674928503336511 0.04194470924690181 0.17534429953552524 0.02955195424213537 0.17534429953552524
8 0.1916110581506196 0.13289252175324023 0.27073403241182076 0.13289252175324023 0.27073403241182076 0.15504127537878026 0.1916110581506196 0.15504127537878026
8 0.09818875119161107 0.3193111981015354 0.14489990467111535 0.3193111981015354 0.14489990467111535 0.34330568119587046 0.09818875119161107 0.34330568119587046
8 0.04957102001906578 0.42636350729164557 0.10295519542421357 0.42636350729164557 0.10295519542421357 0.44482080197959567 0.04957102001906578 0.44482080197959567
8 0.02955195424213537 0.4042147536661055 0.03908484270734032 0.4042147536661055 0.03908484270734032 0.5131127923250107 0.02955195424213537 0.5131127923250107
8 0.02955195424213537 0.7844350242378763 0.04003813155386082 0.7844350242378763 0.04003813155386082 0.8730300387400363 0.02955195424213537 0.8730300387400363
8 0.15824594852240229 0.9099446281159362 0.1954242135367016 0.9099446281159362 0.1954242135367016 0.9302476522726812 0.15824594852240229 0.9302476522726812
8 0.20972354623450903 0.8065837778634161 0.23450905624404192 0.8065837778634161 0.23450905624404192 0.8176581546761861 0.20972354623450903 0.8176581546761861
8 0.25166825548141086 0.5832505121392207 0.26406101048617736 0.5832505121392207 0.26406101048617736 0.5998620773583758 0.25166825548141086 0.5998620773583758
8 0.3622497616777885 0.5832505121392207 0.4013346043851288 0.5832505121392207 0.4013346043851288 0.5980163478895808 0.3622497616777885 0.5980163478895808
9 0.3698760724499523 0.5223414396689857 0.3984747378455672 0.5223414396689857 0.3984747378455672 0.5777133237328358 0.3698760724499523 0.5777133237328358
9 0.55767397521449 0.3506885990710505 0.5881792183031459 0.3506885990710505 0.5881792183031459 0.4060604831349005 0.55767397521449 0.4060604831349005
8 0.555767397521449 0.41528913047887556 0.5919923736892279 0.41528913047887556 0.5919923736892279 0.43374642516682566 0.555767397521449 0.43374642516682566
8 0.551954242135367 0.5094213333874207 0.5900857959961868 0.5094213333874207 0.5900857959961868 0.5278786280753707 0.551954242135367 0.5278786280753707
8 0.15538608198284076 0.5315700870129607 0.1973307912297426 0.5315700870129607 0.1973307912297426 0.5758675942640408 0.15538608198284076 0.5758675942640408
8 0.20114394661582458 0.4503579903859807 0.24404194470924687 0.4503579903859807 0.24404194470924687 0.49280976816826577 0.20114394661582458 0.49280976816826577
8 0.20400381315538602 0.3691458937590005 0.23927550047664434 0.3691458937590005 0.23927550047664434 0.39867756525972053 0.20400381315538602 0.39867756525972053
8 0.3126787416587226 0.31746546863274044 0.38608198284080075 0.31746546863274044 0.38608198284080075 0.34699714013346045 0.3126787416587226 0.34699714013346045
8 0.47950428979980936 0.33223130438310045 0.553860819828408 0.33223130438310045 0.553860819828408 0.3525343285398455 0.47950428979980936 0.3525343285398455
8 0.263107721639657 0.06460053140782503 0.3317445185891325 0.06460053140782503 0.3317445185891325 0.11997241547167513 0.263107721639657 0.11997241547167513
8 0.3632030505243089 0.0719834492830051 0.421353670162059 0.0719834492830051 0.421353670162059 0.10889803865890516 0.3632030505243089 0.10889803865890516
8 0.5033365109628217 0.04614323671987506 0.55767397521449 0.04614323671987506 0.55767397521449 0.06644626087662009 0.5033365109628217 0.06644626087662009
8 0.640610104861773 0.11997241547167516 0.6701620591039085 0.11997241547167516 0.6701620591039085 0.13842971015962519 0.640610104861773 0.13842971015962519
8 0.6120114394661582 0.20118451209865526 0.631077216396568 0.20118451209865526 0.631077216396568 0.2159503478490153 0.6120114394661582 0.2159503478490153
8 0.6101048617731173 0.36360870535261547 0.6558627264061012 0.36360870535261547 0.6558627264061012 0.4023690241973105 0.6101048617731173 0.4023690241973105
8 0.6816015252621542 0.3673001642902055 0.7397521448999044 0.3673001642902055 0.7397521448999044 0.40236902419731063 0.6816015252621542 0.40236902419731063
8 0.8141086749285035 0.20303024156745025 0.8427073403241182 0.20303024156745025 0.8427073403241182 0.21964180678660528 0.8141086749285035 0.21964180678660528
8 0.8122020972354623 0.11997241547167516 0.8474737845567207 0.11997241547167516 0.8474737845567207 0.13473825122203514 0.8122020972354623 0.13473825122203514
8 0.7035271687321261 0.15319554590998516 0.7635843660629169 0.15319554590998516 0.7635843660629169 0.19380159422347526 0.7035271687321261 0.19380159422347526
8 0.7073403241182078 0.0738291787518001 0.7588179218303146 0.0738291787518001 0.7588179218303146 0.11443522706529015 0.7073403241182078 0.11443522706529015
8 0.3698760724499523 0.4171348599476705 0.3984747378455672 0.4171348599476705 0.3984747378455672 0.4319006956980306 0.3698760724499523 0.4319006956980306
8 0.13918017159199236 0.3506885990710505 0.15824594852240226 0.3506885990710505 0.15824594852240226 0.37837454110297547 0.13918017159199236 0.37837454110297547
8 0.12202097235462345 0.43374642516682566 0.1325071496663489 0.43374642516682566 0.1325071496663489 0.45774090826116065 0.12202097235462345 0.45774090826116065
8 0.42421353670162065 0.8028923189258261 0.44232602478551003 0.8028923189258261 0.44232602478551003 0.813966695738596 0.42421353670162065 0.813966695738596
8 0.4632983794089609 0.9080988986471412 0.48045757864632976 0.9080988986471412 0.48045757864632976 0.9247104638662962 0.4632983794089609 0.9247104638662962
8 0.45471877979027636 0.5260328986065756 0.49475691134413724 0.5260328986065756 0.49475691134413724 0.5795590532016307 0.45471877979027636 0.5795590532016307
8 0.4204003813155386 0.3617629758838205 0.4594852240228789 0.3617629758838205 0.4594852240228789 0.40236902419731047 0.4204003813155386 0.40236902419731047
8 0.6377502383222117 0.4540494493235706 0.6796949475691136 0.4540494493235706 0.6796949475691136 0.4872725797618806 0.6377502383222117 0.4872725797618806
8 0.7140133460438512 0.45035799038598073 0.7778836987607245 0.45035799038598073 0.7778836987607245 0.48911830923067584 0.7140133460438512 0.48911830923067584
8 0.8608198284080076 0.3617629758838204 0.905624404194471 0.3617629758838204 0.905624404194471 0.4079062126036956 0.8608198284080076 0.4079062126036956
8 0.4966634890371783 0.745674705393181 0.5281220209723547 0.745674705393181 0.5281220209723547 0.788126483175466 0.4966634890371783 0.788126483175466
8 0.5633937082936123 0.7475204348619758 0.6120114394661581 0.7475204348619758 0.6120114394661581 0.799200859988236 0.5633937082936123 0.799200859988236
8 0.6682554814108675 0.749366164330771 0.7187797902764538 0.749366164330771 0.7187797902764538 0.7862807537066709 0.6682554814108675 0.7862807537066709
8 0.7959961868446139 0.8028923189258261 0.8350810295519542 0.8028923189258261 0.8350810295519542 0.8195038841449811 0.7959961868446139 0.8195038841449811
8 0.8436606291706387 0.5850962416080158 0.8570066730219256 0.5850962416080158 0.8570066730219256 0.6017078068271708 0.8436606291706387 0.6017078068271708
8 0.8017159199237369 0.9025617102407562 0.8322211630123928 0.9025617102407562 0.8322211630123928 0.9284019228038862 0.8017159199237369 0.9284019228038862
8 0.5605338417540515 0.8545727440520863 0.6186844613918019 0.8545727440520863 0.6186844613918019 0.8970245218343712 0.5605338417540515 0.8970245218343712
8 0.7102001906577687 0.8582642029896761 0.762631077216396 0.8582642029896761 0.762631077216396 0.8970245218343712 0.7102001906577687 0.8970245218343712
11 0.4432793136320305 0.5407987343569357 0.45757864632983797 0.5407987343569357 0.45757864632983797 0.5740218647952458 0.4432793136320305 0.5740218647952458
11 0.27645376549094375 0.4079062126036955 0.2888465204957102 0.4079062126036955 0.2888465204957102 0.4337464251668256 0.27645376549094375 0.4337464251668256
