10 0.08854667949951876 0.08524680324487831 0.1145332050048123 0.08524680324487831 0.1145332050048123 0.09803382373161004 0.08854667949951876 0.09803382373161004
10 0.13763233878729547 0.11650396443466703 0.14629451395572668 0.11650396443466703 0.14629451395572668 0.18043906686832578 0.13763233878729547 0.18043906686832578
10 0.1395572666025024 0.20459232778770794 0.14629451395572668 0.20459232778770794 0.14629451395572668 0.26852743022136666 0.1395572666025024 0.26852743022136666
10 0.1395572666025024 0.3111508318438058 0.14629451395572668 0.3111508318438058 0.14629451395572668 0.42197167606214764 0.1395572666025024 0.42197167606214764
10 0.1385948026948989 0.40634309546725333 0.2425409047160731 0.40634309546725333 0.2425409047160731 0.41913011595398514 0.1385948026948989 0.41913011595398514
10 0.2502406159769009 0.36940281406113934 0.2858517805582291 0.36940281406113934 0.2858517805582291 0.3821898345478711 0.2502406159769009 0.3821898345478711
10 0.24639076034648702 0.37508593427746456 0.2550529355149182 0.37508593427746456 0.2550529355149182 0.39923919519684675 0.24639076034648702 0.39923919519684675
10 0.4504331087584216 0.11934552454282964 0.4590952839268527 0.11934552454282964 0.4590952839268527 0.3907145148723589 0.4504331087584216 0.3907145148723589
10 0.4812319538017325 0.08098446308263439 0.519730510105871 0.08098446308263439 0.519730510105871 0.09945460378569136 0.4812319538017325 0.09945460378569136
10 0.5409047160731473 0.08098446308263439 0.5822906641000963 0.08098446308263439 0.5822906641000963 0.09803382373161006 0.5409047160731473 0.09803382373161006
10 0.5264677574590952 0.09945460378569136 0.53609239653513 0.09945460378569136 0.53609239653513 0.38503139465603364 0.5264677574590952 0.38503139465603364
10 0.5765158806544755 0.0824052431367157 0.5938402309913379 0.0824052431367157 0.5938402309913379 0.42339245611622894 0.5765158806544755 0.42339245611622894
10 0.6304138594802695 0.3097300517897245 0.6390760346487007 0.3097300517897245 0.6390760346487007 0.38361061460195245 0.6304138594802695 0.38361061460195245
10 0.6515880654475459 0.40776387552133453 0.8238691049085659 0.40776387552133453 0.8238691049085659 0.4248132361703102 0.6515880654475459 0.4248132361703102
10 0.631376323387873 0.3097300517897245 0.6987487969201155 0.3097300517897245 0.6987487969201155 0.32109629222237496 0.631376323387873 0.32109629222237496
10 0.7218479307025987 0.3111508318438058 0.7343599615014436 0.3111508318438058 0.7343599615014436 0.7501718685549291 0.7218479307025987 0.7501718685549291
10 0.6506256015399423 0.7373848480681974 0.7343599615014437 0.7373848480681974 0.7343599615014437 0.7558549887712542 0.6506256015399423 0.7558549887712542
10 0.34167468719923005 0.36798203400705803 0.3897978825794033 0.36798203400705803 0.3897978825794033 0.3793482744397085 0.34167468719923005 0.3793482744397085
10 0.38594802694898944 0.3736651542233832 0.39076034648700675 0.3736651542233832 0.39076034648700675 0.3963976350886841 0.38594802694898944 0.3963976350886841
10 0.397497593840231 0.4091846555754159 0.4282964388835418 0.4091846555754159 0.4282964388835418 0.42197167606214764 0.397497593840231 0.42197167606214764
10 0.38209817131857554 0.4333379164947981 0.39364773820981713 0.4333379164947981 0.39364773820981713 0.4716989779549933 0.38209817131857554 0.4716989779549933
10 0.34167468719923005 0.47311975800907463 0.381135707410972 0.47311975800907463 0.381135707410972 0.4844859984417251 0.34167468719923005 0.4844859984417251
10 0.3840230991337825 0.4915898987121316 0.3917228103946102 0.4915898987121316 0.3917228103946102 0.5470003208213025 0.3840230991337825 0.5470003208213025
10 0.24735322425409048 0.4915898987121316 0.25601539942252166 0.4915898987121316 0.25601539942252166 0.5441587607131398 0.24735322425409048 0.5441587607131398
10 0.24735322425409048 0.5327925202804895 0.39364773820981713 0.5327925202804895 0.39364773820981713 0.5455795407672211 0.24735322425409048 0.5455795407672211
10 0.24831568816169397 0.4290755763325542 0.25601539942252166 0.4290755763325542 0.25601539942252166 0.4603327375223429 0.24831568816169397 0.4603327375223429
10 0.46198267564966305 0.4432833768733672 0.47064485081809426 0.4432833768733672 0.47064485081809426 0.484485998441725 0.46198267564966305 0.484485998441725
10 0.5255052935514918 0.44186259681928586 0.5341674687199229 0.44186259681928586 0.5341674687199229 0.47880287822539985 0.5255052935514918 0.47880287822539985
10 0.46005774783445624 0.47311975800907463 0.5380173243503369 0.47311975800907463 0.5380173243503369 0.48164443833356246 0.46005774783445624 0.48164443833356246
10 0.6179018286814244 0.44896649708969244 0.6265640038498557 0.44896649708969244 0.6265640038498557 0.5668912415784407 0.6179018286814244 0.5668912415784407
10 0.6169393647738209 0.619460103579449 0.6275264677574592 0.619460103579449 0.6275264677574592 0.7203354874192218 0.6169393647738209 0.7203354874192218
10 0.6169393647738209 0.7757459095283926 0.6256015399422522 0.7757459095283926 0.6256015399422522 0.8212108712589944 0.6169393647738209 0.8212108712589944
10 0.631376323387873 0.8283147715294009 0.8306063522617901 0.8283147715294009 0.8306063522617901 0.8382602319079699 0.631376323387873 0.8382602319079699
10 0.8219441770933588 0.4134469957376598 0.8277189605389796 0.4134469957376598 0.8277189605389796 0.8411017920161327 0.8219441770933588 0.8411017920161327
10 0.6188642925890279 0.8482056922865391 0.6246390760346489 0.8482056922865391 0.6246390760346489 0.8979329941793848 0.6188642925890279 0.8979329941793848
10 0.6477382098171318 0.9164031348824417 0.8575553416746873 0.9164031348824417 0.8575553416746873 0.9291901553691735 0.6477382098171318 0.9291901553691735
10 0.8594802694898941 0.11366240432650442 0.8671799807507218 0.11366240432650442 0.8671799807507218 0.9164031348824417 0.8594802694898941 0.9164031348824417
10 0.888354186717998 0.0824052431367157 0.9287776708373436 0.0824052431367157 0.9287776708373436 0.09519226362344745 0.888354186717998 0.09519226362344745
11 0.10587102983638114 0.0824052431367157 0.11453320500481232 0.0824052431367157 0.11453320500481232 0.09661304367752876 0.10587102983638114 0.09661304367752876
11 0.1347449470644851 0.24153260919382188 0.15014436958614052 0.24153260919382188 0.15014436958614052 0.26710665016728535 0.1347449470644851 0.26710665016728535
11 0.13570741097208855 0.1648104862734314 0.15110683349374399 0.1648104862734314 0.15110683349374399 0.186122187084651 0.13570741097208855 0.186122187084651
11 0.23291626564003848 0.40350153535909067 0.2435033686236766 0.40350153535909067 0.2435033686236766 0.4191301159539851 0.23291626564003848 0.4191301159539851
11 0.273339749759384 0.36229891379073276 0.28681424446583254 0.36229891379073276 0.28681424446583254 0.3793482744397084 0.273339749759384 0.3793482744397084
11 0.27718960538979787 0.4660158577386681 0.29162656400384984 0.4660158577386681 0.29162656400384984 0.4830652183876437 0.27718960538979787 0.4830652183876437
11 0.24446583253128007 0.4447041569274485 0.2569778633301251 0.4447041569274485 0.2569778633301251 0.4688574178468307 0.24446583253128007 0.4688574178468307
11 0.3811357074109721 0.38503139465603364 0.39461020211742054 0.38503139465603364 0.39461020211742054 0.39923919519684675 0.3811357074109721 0.39923919519684675
11 0.4157844080846968 0.40634309546725333 0.4273339749759384 0.40634309546725333 0.4273339749759384 0.4219716760621477 0.4157844080846968 0.4219716760621477
11 0.3657362848893166 0.4716989779549933 0.3801732435033686 0.4716989779549933 0.3801732435033686 0.48164443833356246 0.3657362848893166 0.48164443833356246
11 0.3811357074109721 0.4901691186580503 0.39364773820981713 0.4901691186580503 0.39364773820981713 0.5057976992529447 0.3811357074109721 0.5057976992529447
11 0.3801732435033686 0.4304963563866354 0.39172281039461015 0.4304963563866354 0.39172281039461015 0.44612493698152983 0.3801732435033686 0.44612493698152983
11 0.46005774783445624 0.4447041569274485 0.4706448508180944 0.4447041569274485 0.4706448508180944 0.4603327375223429 0.46005774783445624 0.4603327375223429
11 0.4475457170356112 0.11508318438058572 0.4639076034648701 0.11508318438058572 0.4639076034648701 0.1321325450295614 0.4475457170356112 0.1321325450295614
11 0.5091434071222329 0.07814290297447178 0.5226179018286814 0.07814290297447178 0.5226179018286814 0.09803382373161006 0.5091434071222329 0.09803382373161006
11 0.5235803657362849 0.37082359411522064 0.5389797882579404 0.37082359411522064 0.5389797882579404 0.3921352949264402 0.5235803657362849 0.3921352949264402
11 0.5803657362848893 0.4134469957376598 0.591915303176131 0.4134469957376598 0.591915303176131 0.4290755763325542 0.5803657362848893 0.4290755763325542
11 0.6477382098171318 0.404922315413172 0.6612127045235804 0.404922315413172 0.6612127045235804 0.4290755763325542 0.6477382098171318 0.4290755763325542
11 0.6121270452358036 0.554104221091709 0.631376323387873 0.554104221091709 0.631376323387873 0.5739951418488473 0.6121270452358036 0.5739951418488473
11 0.6140519730510106 0.7004445666620834 0.6304138594802695 0.7004445666620834 0.6304138594802695 0.7203354874192217 0.6140519730510106 0.7203354874192217
11 0.6130895091434071 0.8041615106100187 0.6284889316650625 0.8041615106100187 0.6284889316650625 0.8226316513130758 0.6130895091434071 0.8226316513130758
11 0.615014436958614 0.8837251936385717 0.629451395572666 0.8837251936385717 0.629451395572666 0.8993537742334662 0.615014436958614 0.8993537742334662
11 0.8421559191530318 0.9149823548283605 0.8556304138594804 0.9149823548283605 0.8556304138594804 0.9334524955314175 0.8421559191530318 0.9334524955314175
11 0.6265640038498557 0.36798203400705803 0.6410009624639076 0.36798203400705803 0.6410009624639076 0.386452174710115 0.6265640038498557 0.386452174710115
11 0.8585178055822906 0.1108208442183418 0.8681424446583252 0.1108208442183418 0.8681424446583252 0.1321325450295614 0.8585178055822906 0.1321325450295614
11 0.9191530317613088 0.07530134286630917 0.9297401347449471 0.07530134286630917 0.9297401347449471 0.10371694394793528 0.9191530317613088 0.10371694394793528
7 0.06641000962463908 0.06393510243365874 0.0933589990375361 0.06393510243365874 0.0933589990375361 0.11366240432650443 0.06641000962463908 0.11366240432650443
1 0.9239653512993261 0.06677666254182134 0.9499518768046197 0.06677666254182134 0.9499518768046197 0.10229616389385399 0.9239653512993261 0.10229616389385399
4 0.03657362848893166 0.012787020486731747 0.06256015399422521 0.012787020486731747 0.06256015399422521 0.167652046381594 0.03657362848893166 0.167652046381594
4 0.03946102021174206 0.14634034557037442 0.06256015399422522 0.14634034557037442 0.06256015399422522 0.335304092763188 0.03946102021174206 0.335304092763188
4 0.03849855630413859 0.31825473211421235 0.061597690086621755 0.31825473211421235 0.061597690086621755 0.5185847197396765 0.03849855630413859 0.5185847197396765
4 0.03946102021174206 0.5043769191988634 0.06448508180943215 0.5043769191988634 0.06448508180943215 0.6805536459049452 0.03946102021174206 0.6805536459049452
4 0.040423484119345515 0.6649250653100508 0.06544754571703561 0.6649250653100508 0.06544754571703561 0.8737797332600028 0.040423484119345515 0.8737797332600028
4 0.03849855630413859 0.8624134928273522 0.06544754571703562 0.8624134928273522 0.06544754571703562 0.9931252578028323 0.03849855630413859 0.9931252578028323
3 0.11357074109720887 0.05825198221733351 0.17324350336862365 0.05825198221733351 0.17324350336862365 0.11934552454282965 0.11357074109720887 0.11934552454282965
3 0.11164581328200192 0.2628443100050415 0.17420596727622717 0.2628443100050415 0.17420596727622717 0.32109629222237496 0.11164581328200192 0.32109629222237496
3 0.424446583253128 0.05825198221733351 0.4860442733397497 0.05825198221733351 0.4860442733397497 0.11650396443466703 0.424446583253128 0.11650396443466703
3 0.28007699711260825 0.34240799303359454 0.343599615014437 0.34240799303359454 0.343599615014437 0.4049223154131719 0.28007699711260825 0.4049223154131719
3 0.28681424446583254 0.44754571703561113 0.3484119345524544 0.44754571703561113 0.3484119345524544 0.507218479307026 0.28681424446583254 0.507218479307026
10 0.2579403272377286 0.4716989779549933 0.2897016361886429 0.4716989779549933 0.2897016361886429 0.4844859984417251 0.2579403272377286 0.4844859984417251
3 0.42059672762271416 0.3793482744397085 0.4879692011549566 0.3793482744397085 0.4879692011549566 0.44896649708969244 0.42059672762271416 0.44896649708969244
3 0.5004812319538018 0.3821898345478711 0.5611164581328202 0.3821898345478711 0.5611164581328202 0.4447041569274486 0.5004812319538018 0.4447041569274486
3 0.5909528392685275 0.3793482744397085 0.654475457170356 0.3793482744397085 0.654475457170356 0.4518080571978551 0.5909528392685275 0.4518080571978551
3 0.5909528392685275 0.5640496814702781 0.6515880654475459 0.5640496814702781 0.6515880654475459 0.619460103579449 0.5909528392685275 0.619460103579449
3 0.588065447545717 0.7118108070947338 0.6544754571703562 0.7118108070947338 0.6544754571703562 0.7785874696365551 0.588065447545717 0.7785874696365551
3 0.5899903753609239 0.8922498739630597 0.6515880654475459 0.8922498739630597 0.6515880654475459 0.9604473165589623 0.5899903753609239 0.9604473165589623
5 0.2386910490856593 0.3963976350886841 0.2627526467757459 0.3963976350886841 0.2627526467757459 0.4276547962784728 0.2386910490856593 0.4276547962784728
5 0.2358036573628489 0.4589119574682616 0.2646775745909528 0.4589119574682616 0.2646775745909528 0.5001145790366195 0.2358036573628489 0.5001145790366195
5 0.37439846005774785 0.39923919519684675 0.39846005774783444 0.39923919519684675 0.39846005774783444 0.4347586965488794 0.37439846005774785 0.4347586965488794
5 0.3753609239653513 0.46459507768458674 0.397497593840231 0.46459507768458674 0.397497593840231 0.5001145790366195 0.3753609239653513 0.5001145790366195
5 0.5187680461982676 0.07245978275814656 0.5418671799807507 0.07245978275814656 0.5418671799807507 0.10797928411017921 0.5187680461982676 0.10797928411017921
5 0.6082771896053898 0.8183693111508318 0.6284889316650625 0.8183693111508318 0.6284889316650625 0.8524680324487831 0.6082771896053898 0.8524680324487831
0 0.6968238691049087 0.2855767908703423 0.7237728585178055 0.2855767908703423 0.7237728585178055 0.34240799303359454 0.6968238691049087 0.34240799303359454
10 0.6506256015399423 0.5882029423896603 0.7102983638113571 0.5882029423896603 0.7102983638113571 0.6009899628763921 0.6506256015399423 0.6009899628763921
10 0.7074109720885466 0.33956643292543187 0.714148219441771 0.33956643292543187 0.714148219441771 0.6009899628763921 0.7074109720885466 0.6009899628763921
11 0.7045235803657363 0.3324625326550254 0.7160731472569779 0.3324625326550254 0.7160731472569779 0.3509326733580823 0.7045235803657363 0.3509326733580823
2 0.12993262752646775 0.17475594665200056 0.15784408084696827 0.17475594665200056 0.15784408084696827 0.21311700811219578 0.12993262752646775 0.21311700811219578
8 0.021174205967276226 0.4532288372519363 0.030798845043310877 0.4532288372519363 0.030798845043310877 0.5484211008753838 0.021174205967276226 0.5484211008753838
8 0.06544754571703561 0.10655850405609789 0.09528392685274299 0.10655850405609789 0.09528392685274299 0.1378156652458866 0.06544754571703561 0.1378156652458866
8 0.04331087584215591 0.02983638113570741 0.05678537054860443 0.02983638113570741 0.05678537054860443 0.1477611256244557 0.04331087584215591 0.1477611256244557
8 0.04331087584215591 0.17191438654383792 0.058710298363811364 0.17191438654383792 0.058710298363811364 0.28983913103258624 0.04331087584215591 0.28983913103258624
8 0.12223291626564003 0.2088546679499519 0.1607314725697786 0.2088546679499519 0.1607314725697786 0.2472157294101471 0.12223291626564003 0.2472157294101471
8 0.04331087584215591 0.3381456528713506 0.057747834456207896 0.3381456528713506 0.057747834456207896 0.5015353590907008 0.04331087584215591 0.5015353590907008
8 0.04619826756496631 0.5228470599019204 0.055822906641000966 0.5228470599019204 0.055822906641000966 0.6578211650396443 0.04619826756496631 0.6578211650396443
8 0.04234841193455248 0.6833952060131075 0.0596727622714148 0.6833952060131075 0.0596727622714148 0.8339978917457258 0.04234841193455248 0.8339978917457258
8 0.04619826756496631 0.8936706540171409 0.0548604427333975 0.8936706540171409 0.0548604427333975 0.9590265365048809 0.04619826756496631 0.9590265365048809
8 0.23099133782483153 0.5001145790366195 0.2743022136669875 0.5001145790366195 0.2743022136669875 0.525688620010083 0.23099133782483153 0.525688620010083
8 0.31665062560153995 0.5427379806590585 0.3330125120307989 0.5427379806590585 0.3330125120307989 0.5555250011457903 0.31665062560153995 0.5555250011457903
8 0.11934552454282965 0.26852743022136666 0.16554379210779593 0.26852743022136666 0.16554379210779593 0.30546771162748054 0.11934552454282965 0.30546771162748054
8 0.11838306063522641 0.07245978275814653 0.16554379210779602 0.07245978275814653 0.16554379210779602 0.10940006416426042 0.11838306063522641 0.10940006416426042
8 0.28777670837343605 0.3594573536825702 0.3368623676612127 0.3594573536825702 0.3368623676612127 0.39071451487235886 0.28777670837343605 0.39071451487235886
8 0.29258902791145347 0.46317429763050555 0.3435996150144369 0.46317429763050555 0.3435996150144369 0.49016911865805013 0.29258902791145347 0.49016911865805013
8 0.5794032723772858 0.25574040973463497 0.6246390760346487 0.25574040973463497 0.6246390760346487 0.26710665016728535 0.5794032723772858 0.26710665016728535
8 0.5255052935514918 0.2443741693019845 0.5803657362848893 0.2443741693019845 0.5803657362848893 0.2642650900591228 0.5255052935514918 0.2642650900591228
8 0.4783445620789221 0.024153260919382188 0.548604427333975 0.024153260919382188 0.548604427333975 0.04120262156835785 0.4783445620789221 0.04120262156835785
8 0.433108758421559 0.06819744259590267 0.4773820981713185 0.06819744259590267 0.4773820981713185 0.10940006416426049 0.433108758421559 0.10940006416426049
8 0.426371511068335 0.39355607498052153 0.480269489894129 0.39355607498052153 0.480269489894129 0.4347586965488794 0.426371511068335 0.4347586965488794
8 0.5014436958614052 0.3949768550346029 0.5572666025024062 0.3949768550346029 0.5572666025024062 0.4304963563866355 0.5014436958614052 0.4304963563866355
8 0.6881616939364774 0.34382877308767584 0.7353224254090471 0.34382877308767584 0.7353224254090471 0.386452174710115 0.6881616939364774 0.386452174710115
8 0.5909528392685275 0.39355607498052153 0.6525505293551491 0.39355607498052153 0.6525505293551491 0.4390210367111233 0.5909528392685275 0.4390210367111233
8 0.5986525505293552 0.5782574820110912 0.6448508180943214 0.5782574820110912 0.6448508180943214 0.605252303038636 0.5986525505293552 0.605252303038636
8 0.5976900866217525 0.7174939273110597 0.6467757459095292 0.7174939273110597 0.6467757459095292 0.7700627893120675 0.5976900866217525 0.7700627893120675
8 0.8460057747834456 0.07245978275814656 0.87776708373436 0.07245978275814656 0.87776708373436 0.10229616389385399 0.8460057747834456 0.10229616389385399
3 0.8334937439846005 0.05683120216325221 0.8922040423484118 0.05683120216325221 0.8922040423484118 0.11934552454282964 0.8334937439846005 0.11934552454282964
8 0.9172281039461021 0.1094000641642605 0.9518768046198267 0.1094000641642605 0.9518768046198267 0.1363948851918053 0.9172281039461021 0.1363948851918053
8 0.8257940327237727 0.6251432237957742 0.8845043310875842 0.6251432237957742 0.8845043310875842 0.6407718043906687 0.8257940327237727 0.6407718043906687
8 0.8392685274302214 0.9433979559099867 0.8806544754571703 0.9433979559099867 0.8806544754571703 0.9831797974242632 0.8392685274302214 0.9831797974242632
2 0.8508180943214628 0.9107200146661166 0.8748796920115495 0.9107200146661166 0.8748796920115495 0.9391356157477428 0.8508180943214628 0.9391356157477428
8 0.6217516843118384 0.875200513314084 0.7324350336862369 0.875200513314084 0.7324350336862369 0.8879875338008157 0.6217516843118384 0.8879875338008157
