8 0.204897433801896 0.017663043478260868 0.8063705459300424 0.017663043478260868 0.8063705459300424 0.035326086956521736 0.204897433801896 0.035326086956521736
8 0.15863027133050014 0.08559782608695653 0.8592473030402091 0.08559782608695653 0.8592473030402091 0.10326086956521739 0.15863027133050014 0.10326086956521739
8 0.18506864988558347 0.16032608695652173 0.8394185191238966 0.16032608695652173 0.8394185191238966 0.20788043478260873 0.18506864988558347 0.20788043478260873
8 0.3503085158548545 0.26766304347826086 0.6609594638770839 0.26766304347826086 0.6609594638770839 0.28125 0.3503085158548545 0.28125
8 0.13880148741418763 0.33967391304347827 0.8526377084014382 0.33967391304347827 0.8526377084014382 0.37228260869565216 0.13880148741418763 0.37228260869565216
8 0.17184946060804182 0.4307065217391305 0.8394185191238968 0.4307065217391305 0.8394185191238968 0.44565217391304346 0.17184946060804182 0.44565217391304346
8 0.1784590552468127 0.501358695652174 0.8394185191238966 0.501358695652174 0.8394185191238966 0.5217391304347826 0.1784590552468127 0.5217391304347826
8 0.14541108205295847 0.5774456521739131 0.8328089244851257 0.5774456521739131 0.8328089244851257 0.6073369565217391 0.14541108205295847 0.6073369565217391
8 0.204897433801896 0.6671195652173914 0.8129801405688132 0.6671195652173914 0.8129801405688132 0.6847826086956521 0.204897433801896 0.6847826086956521
8 0.2842125694671461 0.736413043478261 0.7468841941811049 0.736413043478261 0.7468841941811049 0.7567934782608696 0.2842125694671461 0.7567934782608696
8 0.2577741909120627 0.8111413043478262 0.7402745995423339 0.8111413043478262 0.7402745995423339 0.830163043478261 0.2577741909120627 0.830163043478261
8 0.2577741909120627 0.8845108695652172 0.7336650049035632 0.8845108695652172 0.7336650049035632 0.9171195652173912 0.2577741909120627 0.9171195652173912
8 0.2643837855508335 0.96875 0.746884194181105 0.96875 0.746884194181105 0.9850543478260869 0.2643837855508335 0.9850543478260869
10 0.4692812193527296 0.03940217391304348 0.5419867603792088 0.03940217391304348 0.5419867603792088 0.07744565217391304 0.4692812193527296 0.07744565217391304
10 0.47589081399150046 0.1127717391304348 0.535377165740438 0.1127717391304348 0.535377165740438 0.14945652173913046 0.47589081399150046 0.14945652173913046
10 0.47589081399150046 0.21739130434782608 0.5287675711016672 0.21739130434782608 0.5287675711016672 0.25679347826086957 0.47589081399150046 0.25679347826086957
10 0.47589081399150046 0.2921195652173913 0.5419867603792088 0.2921195652173913 0.5419867603792088 0.3301630434782608 0.47589081399150046 0.3301630434782608
10 0.47589081399150046 0.3804347826086957 0.5287675711016672 0.3804347826086957 0.5287675711016672 0.4198369565217391 0.47589081399150046 0.4198369565217391
10 0.48250040863027116 0.4524456521739131 0.528767571101667 0.4524456521739131 0.528767571101667 0.4932065217391305 0.48250040863027116 0.4932065217391305
10 0.4692812193527296 0.5271739130434783 0.535377165740438 0.5271739130434783 0.535377165740438 0.5679347826086957 0.4692812193527296 0.5679347826086957
10 0.47589081399150046 0.6168478260869565 0.5419867603792088 0.6168478260869565 0.5419867603792088 0.654891304347826 0.47589081399150046 0.654891304347826
10 0.47589081399150046 0.6915760869565217 0.535377165740438 0.6915760869565217 0.535377165740438 0.7296195652173915 0.47589081399150046 0.7296195652173915
10 0.47589081399150046 0.763586956521739 0.535377165740438 0.763586956521739 0.535377165740438 0.8057065217391304 0.47589081399150046 0.8057065217391304
10 0.48250040863027116 0.8315217391304345 0.535377165740438 0.8315217391304345 0.535377165740438 0.8777173913043474 0.48250040863027116 0.8777173913043474
10 0.48250040863027116 0.9252717391304349 0.535377165740438 0.9252717391304349 0.535377165740438 0.9646739130434784 0.48250040863027116 0.9646739130434784
11 0.44284284079764624 0.06521739130434782 0.5552059496567506 0.06521739130434782 0.5552059496567506 0.08016304347826085 0.44284284079764624 0.08016304347826085
11 0.4692812193527296 0.1358695652173913 0.5419867603792088 0.1358695652173913 0.5419867603792088 0.1521739130434783 0.4692812193527296 0.1521739130434783
11 0.4626716247139588 0.24592391304347827 0.535377165740438 0.24592391304347827 0.535377165740438 0.2581521739130434 0.4626716247139588 0.2581521739130434
11 0.4692812193527296 0.3179347826086957 0.5419867603792088 0.3179347826086957 0.5419867603792088 0.3328804347826087 0.4692812193527296 0.3328804347826087
11 0.4626716247139588 0.40625 0.5485963550179797 0.40625 0.5485963550179797 0.4211956521739131 0.4626716247139588 0.4211956521739131
11 0.4692812193527296 0.4836956521739131 0.5419867603792088 0.4836956521739131 0.5419867603792088 0.49184782608695654 0.4692812193527296 0.49184782608695654
11 0.4560620300751879 0.5557065217391305 0.5419867603792088 0.5557065217391305 0.5419867603792088 0.5665760869565217 0.4560620300751879 0.5665760869565217
11 0.4626716247139588 0.6440217391304348 0.5485963550179797 0.6440217391304348 0.5485963550179797 0.654891304347826 0.4626716247139588 0.654891304347826
11 0.4560620300751879 0.720108695652174 0.5419867603792088 0.720108695652174 0.5419867603792088 0.7296195652173915 0.4560620300751879 0.7296195652173915
11 0.4692812193527296 0.7880434782608695 0.5485963550179797 0.7880434782608695 0.5485963550179797 0.8057065217391304 0.4692812193527296 0.8057065217391304
11 0.4626716247139588 0.8627717391304349 0.535377165740438 0.8627717391304349 0.535377165740438 0.8763586956521738 0.4626716247139588 0.8763586956521738
11 0.47589081399150046 0.951086956521739 0.535377165740438 0.951086956521739 0.535377165740438 0.9660326086956521 0.47589081399150046 0.9660326086956521
3 0.16523986596927098 0.010869565217391304 0.8460281137626675 0.010869565217391304 0.8460281137626675 0.043478260869565216 0.16523986596927098 0.043478260869565216
3 0.052876757110166726 0.07201086956521739 0.9583912226217717 0.07201086956521739 0.9583912226217717 0.11684782608695653 0.052876757110166726 0.11684782608695653
3 0.04626716247139587 0.1453804347826087 0.9650008172605425 0.1453804347826087 0.9650008172605425 0.22418478260869565 0.04626716247139587 0.22418478260869565
3 0.2445550016345211 0.25407608695652173 0.7865417620137298 0.25407608695652173 0.7865417620137298 0.2948369565217392 0.2445550016345211 0.2948369565217392
3 0.039657567832625036 0.32336956521739135 0.9716104118993134 0.32336956521739135 0.9716104118993134 0.3899456521739131 0.039657567832625036 0.3899456521739131
3 0.07931513566525007 0.41576086956521746 0.9253432494279176 0.41576086956521746 0.9253432494279176 0.45923913043478265 0.07931513566525007 0.45923913043478265
3 0.08592473030402091 0.4891304347826087 0.9385624387054592 0.4891304347826087 0.9385624387054592 0.53125 0.08592473030402091 0.53125
3 0.039657567832625036 0.5597826086956522 0.9716104118993134 0.5597826086956522 0.9716104118993134 0.6222826086956522 0.039657567832625036 0.6222826086956522
3 0.10575351422033345 0.6508152173913043 0.9187336547891466 0.6508152173913043 0.9187336547891466 0.6956521739130433 0.10575351422033345 0.6956521739130433
3 0.17184946060804182 0.7214673913043478 0.826199329846355 0.7214673913043478 0.826199329846355 0.7703804347826085 0.17184946060804182 0.7703804347826085
3 0.17184946060804182 0.794836956521739 0.8460281137626676 0.794836956521739 0.8460281137626676 0.84375 0.17184946060804182 0.84375
3 0.052876757110166726 0.8682065217391304 0.9650008172605425 0.8682065217391304 0.9650008172605425 0.9347826086956521 0.052876757110166726 0.9347826086956521
3 0.204897433801896 0.9592391304347826 0.7865417620137299 0.9592391304347826 0.7865417620137299 0.9945652173913043 0.204897433801896 0.9945652173913043
