10 0.11058150619637751 0.17496381033082653 0.16587225929456625 0.17496381033082653 0.16587225929456625 0.20632524803163507 0.11058150619637751 0.20632524803163507
10 0.2059103908484271 0.25584330755922746 0.22020972354623453 0.25584330755922746 0.22020972354623453 0.31691558097659145 0.2059103908484271 0.31691558097659145
10 0.20781696854146806 0.3053613670868199 0.24880838894184937 0.3053613670868199 0.24880838894184937 0.3202167849450976 0.20781696854146806 0.3202167849450976
10 0.23832221163012393 0.3119637750238322 0.2497616777883699 0.3119637750238322 0.2497616777883699 0.389542068283727 0.23832221163012393 0.389542068283727
10 0.29361296472831266 0.44401193376407866 0.3794089609151573 0.44401193376407866 0.3794089609151573 0.47042156551212794 0.29361296472831266 0.47042156551212794
10 0.4204003813155386 0.4506143417010909 0.5214489990467112 0.4506143417010909 0.5214489990467112 0.4704215655121278 0.4204003813155386 0.4704215655121278
10 0.3937082936129647 0.49187939130741803 0.40800762631077214 0.49187939130741803 0.40800762631077214 0.7048070472760655 0.3937082936129647 0.7048070472760655
10 0.446139180171592 0.7658793206934295 0.5033365109628217 0.7658793206934295 0.5033365109628217 0.7856865445044664 0.446139180171592 0.7856865445044664
10 0.6110581506196378 0.4506143417010911 0.7683508102955195 0.4506143417010911 0.7683508102955195 0.46546975955936876 0.6110581506196378 0.46546975955936876
10 0.5195424213536701 0.6338311619531829 0.790276453765491 0.6338311619531829 0.790276453765491 0.6470359778272076 0.5195424213536701 0.6470359778272076
10 0.5195424213536701 0.6371323659216891 0.5281220209723547 0.6371323659216891 0.5281220209723547 0.7361684849768738 0.5195424213536701 0.7361684849768738
10 0.544327931363203 0.7642287187091763 0.5967588179218303 0.7642287187091763 0.5967588179218303 0.7807347385517069 0.544327931363203 0.7807347385517069
10 0.6901811248808388 0.7642287187091763 0.7731172545281219 0.7642287187091763 0.7731172545281219 0.7840359425202132 0.6901811248808388 0.7840359425202132
10 0.7836034318398475 0.48197577940189945 0.7940896091515729 0.48197577940189945 0.7940896091515729 0.7427708929138862 0.7836034318398475 0.7427708929138862
10 0.8083889418493804 0.7658793206934295 0.9037178265014298 0.7658793206934295 0.9037178265014298 0.7840359425202134 0.8083889418493804 0.7840359425202134
11 0.1515729265967588 0.17496381033082653 0.16682554814108674 0.17496381033082653 0.16682554814108674 0.21457825795290045 0.1515729265967588 0.21457825795290045
11 0.23736892278360344 0.36643364050418387 0.25166825548141086 0.36643364050418387 0.25166825548141086 0.3928432722522332 0.23736892278360344 0.3928432722522332
11 0.36320305052430885 0.4423613317798256 0.3851286939942803 0.4423613317798256 0.3851286939942803 0.47042156551212794 0.36320305052430885 0.47042156551212794
11 0.5052430886558628 0.44731313773258485 0.5204957102001907 0.44731313773258485 0.5204957102001907 0.4720721674963812 0.5052430886558628 0.4720721674963812
11 0.39275500476644426 0.6767468135437631 0.40896091515729266 0.6767468135437631 0.40896091515729266 0.7114094552130777 0.39275500476644426 0.7114094552130777
11 0.4880838894184938 0.759276912756417 0.5033365109628217 0.759276912756417 0.5033365109628217 0.7856865445044664 0.4880838894184938 0.7856865445044664
11 0.5824594852240229 0.7559757087879109 0.5996186844613918 0.7559757087879109 0.5996186844613918 0.7906383504572254 0.5824594852240229 0.7906383504572254
11 0.7597712106768352 0.4456625357483317 0.7740705433746427 0.4456625357483317 0.7740705433746427 0.4737227694806341 0.7597712106768352 0.4737227694806341
11 0.782650142993327 0.4786745754333934 0.7950428979980934 0.4786745754333934 0.7950428979980934 0.510036013134202 0.782650142993327 0.510036013134202
11 0.7540514775977121 0.757626310772164 0.7712106768350809 0.757626310772164 0.7712106768350809 0.7856865445044663 0.7540514775977121 0.7856865445044663
11 0.8875119161105816 0.759276912756417 0.9046711153479503 0.759276912756417 0.9046711153479503 0.7889877484729726 0.8875119161105816 0.7889877484729726
7 0.06959008579599618 0.14690357659852415 0.11439466158245949 0.14690357659852415 0.11439466158245949 0.23438548176393742 0.06959008579599618 0.23438548176393742
1 0.8970448045757865 0.7229636691028493 0.9408960915157292 0.7229636691028493 0.9408960915157292 0.8120961762525156 0.8970448045757865 0.8120961762525156
1 0.7664442326024785 0.41099989407901705 0.8122020972354624 0.41099989407901705 0.8122020972354624 0.49518059527592406 0.7664442326024785 0.49518059527592406
4 0.008579599618684462 0.021457825795290045 0.04671115347950429 0.021457825795290045 0.04671115347950429 0.3466264166931469 0.008579599618684462 0.3466264166931469
4 0.009532888465204958 0.3301203968506161 0.04575786463298379 0.3301203968506161 0.04575786463298379 0.6899516294177875 0.009532888465204958 0.6899516294177875
4 0.009532888465204958 0.6651925996539915 0.043851286939942793 0.6651925996539915 0.043851286939942793 0.9755057726935706 0.009532888465204958 0.9755057726935706
3 0.16110581506196373 0.11389153691346258 0.26596758817921823 0.11389153691346258 0.26596758817921823 0.26244571549623985 0.16110581506196373 0.26244571549623985
3 0.19161105815061966 0.37963845637820853 0.2955195424213537 0.37963845637820853 0.2955195424213537 0.5364456448822512 0.19161105815061966 0.5364456448822512
3 0.5166825548141082 0.3895420682837269 0.6186844613918016 0.3895420682837269 0.6186844613918016 0.5314938389294916 0.5166825548141082 0.5314938389294916
3 0.3489037178265014 0.7031564452918123 0.44995233555767394 0.7031564452918123 0.44995233555767394 0.8451082159375772 0.3489037178265014 0.8451082159375772
3 0.5919923736892279 0.7015058433075592 0.6949475691134414 0.7015058433075592 0.6949475691134414 0.8451082159375773 0.5919923736892279 0.8451082159375773
5 0.37750238322211627 0.40934929209476395 0.42897998093422307 0.40934929209476395 0.42897998093422307 0.5001324012286833 0.37750238322211627 0.5001324012286833
5 0.5004766444232602 0.7312166790241147 0.5471877979027645 0.7312166790241147 0.5471877979027645 0.8186985841895278 0.5004766444232602 0.8186985841895278
5 0.765490943755958 0.7295660770398615 0.8160152526215444 0.7295660770398615 0.8160152526215444 0.8236503901422871 0.765490943755958 0.8236503901422871
8 0.17349857006673006 0.15680718850404265 0.2545281220209723 0.15680718850404265 0.2545281220209723 0.2393372877166967 0.17349857006673006 0.2393372877166967
8 0.0219256434699714 0.11719274088196871 0.03813155386081983 0.11719274088196871 0.03813155386081983 0.26244571549623985 0.0219256434699714 0.26244571549623985
8 0.01906577693040993 0.430807117890054 0.036224976167778845 0.430807117890054 0.036224976167778845 0.5942167143311089 0.01906577693040993 0.5942167143311089
8 0.016205910390848427 0.7543251068036578 0.035271687321258335 0.7543251068036578 0.035271687321258335 0.9061804893549412 0.016205910390848427 0.9061804893549412
8 0.34795042897998096 0.5991685202838682 0.3965681601525263 0.5991685202838682 0.3965681601525263 0.6222769480634114 0.34795042897998096 0.6222769480634114
8 0.438512869399428 0.47042156551212794 0.48141086749285034 0.47042156551212794 0.48141086749285034 0.48362638138615255 0.438512869399428 0.48362638138615255
8 0.20019065776930386 0.40439748614200477 0.28979980934223076 0.40439748614200477 0.28979980934223076 0.5133372171027077 0.20019065776930386 0.5133372171027077
8 0.5243088655862727 0.4275059139215479 0.6139180171591992 0.4275059139215479 0.6139180171591992 0.49022878932316494 0.5243088655862727 0.49022878932316494
8 0.8131553860819828 0.44401193376407866 0.8836987607244996 0.44401193376407866 0.8836987607244996 0.48857818733891184 0.8131553860819828 0.48857818733891184
8 0.6072449952335558 0.6453853758429544 0.6549094375595806 0.6453853758429544 0.6549094375595806 0.6618913956854853 0.6072449952335558 0.6618913956854853
8 0.7931363203050524 0.6816986194965221 0.8388941849380361 0.6816986194965221 0.8388941849380361 0.701505843307559 0.7931363203050524 0.701505843307559
8 0.540514775977121 0.7889877484729725 0.5900857959961868 0.7889877484729725 0.5900857959961868 0.8071443702997564 0.540514775977121 0.8071443702997564
8 0.3593898951382269 0.73946968894538 0.44423260247855106 0.73946968894538 0.44423260247855106 0.8203491861737808 0.3593898951382269 0.8203491861737808
8 0.8284080076263107 0.7774335345832009 0.875119161105815 0.7774335345832009 0.875119161105815 0.8054937683155031 0.8284080076263107 0.8054937683155031
8 0.8836987607244996 0.8219997881580341 0.9637750238322212 0.8219997881580341 0.9637750238322212 0.8385058080005651 0.8836987607244996 0.8385058080005651
8 0.5986653956148713 0.73946968894538 0.6892278360343184 0.73946968894538 0.6892278360343184 0.823650390142287 0.5986653956148713 0.823650390142287
