8 0.232487922705314 0.04076086956521739 0.7871376811594203 0.04076086956521739 0.7871376811594203 0.07744565217391304 0.232487922705314 0.07744565217391304
8 0.15942028985507245 0.19157608695652173 0.853562801932367 0.19157608695652173 0.853562801932367 0.21603260869565213 0.15942028985507245 0.21603260869565213
8 0.21256038647342992 0.34103260869565216 0.8037439613526571 0.34103260869565216 0.8037439613526571 0.37092391304347827 0.21256038647342992 0.37092391304347827
8 0.15942028985507245 0.485054347826087 0.8734903381642511 0.485054347826087 0.8734903381642511 0.5149456521739132 0.15942028985507245 0.5149456521739132
8 0.1859903381642512 0.6304347826086957 0.8236714975845408 0.6304347826086957 0.8236714975845408 0.6644021739130435 0.1859903381642512 0.6644021739130435
8 0.2856280193236715 0.78125 0.7472826086956521 0.78125 0.7472826086956521 0.8097826086956522 0.2856280193236715 0.8097826086956522
8 0.3952294685990338 0.9279891304347827 0.6077898550724637 0.9279891304347827 0.6077898550724637 0.955163043478261 0.3952294685990338 0.955163043478261
10 0.47493961352656994 0.09239130434782608 0.5280797101449275 0.09239130434782608 0.5280797101449275 0.16576086956521738 0.47493961352656994 0.16576086956521738
10 0.484903381642512 0.23777173913043476 0.5280797101449276 0.23777173913043476 0.5280797101449276 0.3138586956521739 0.484903381642512 0.3138586956521739
10 0.484903381642512 0.38722826086956524 0.5314009661835748 0.38722826086956524 0.5314009661835748 0.4605978260869566 0.484903381642512 0.4605978260869566
10 0.48158212560386476 0.532608695652174 0.5314009661835748 0.532608695652174 0.5314009661835748 0.6127717391304348 0.48158212560386476 0.6127717391304348
10 0.48158212560386476 0.6820652173913043 0.5347222222222222 0.6820652173913043 0.5347222222222222 0.7622282608695652 0.48158212560386476 0.7622282608695652
10 0.484903381642512 0.830163043478261 0.5280797101449276 0.830163043478261 0.5280797101449276 0.9089673913043478 0.484903381642512 0.9089673913043478
11 0.47826086956521735 0.15081521739130435 0.5314009661835748 0.15081521739130435 0.5314009661835748 0.16847826086956522 0.47826086956521735 0.16847826086956522
11 0.48158212560386476 0.30027173913043476 0.5314009661835748 0.30027173913043476 0.5314009661835748 0.31521739130434784 0.48158212560386476 0.31521739130434784
11 0.4915458937198068 0.4429347826086956 0.5347222222222222 0.4429347826086956 0.5347222222222222 0.467391304347826 0.4915458937198068 0.467391304347826
11 0.47493961352656994 0.59375 0.5380434782608695 0.59375 0.5380434782608695 0.6127717391304348 0.47493961352656994 0.6127717391304348
11 0.47493961352656994 0.7377717391304348 0.5280797101449275 0.7377717391304348 0.5280797101449275 0.7595108695652174 0.47493961352656994 0.7595108695652174
11 0.47826086956521735 0.8899456521739134 0.5413647342995168 0.8899456521739134 0.5413647342995168 0.9062500000000002 0.47826086956521735 0.9062500000000002
3 0.1096014492753623 0.014945652173913044 0.9067028985507245 0.014945652173913044 0.9067028985507245 0.1059782608695652 0.1096014492753623 0.1059782608695652
3 0.0464975845410628 0.16304347826086957 0.9565217391304346 0.16304347826086957 0.9565217391304346 0.25 0.0464975845410628 0.25
3 0.10628019323671496 0.3111413043478261 0.9067028985507245 0.3111413043478261 0.9067028985507245 0.3953804347826087 0.10628019323671496 0.3953804347826087
3 0.05314009661835748 0.45516304347826086 0.9731280193236713 0.45516304347826086 0.9731280193236713 0.5394021739130435 0.05314009661835748 0.5394021739130435
3 0.09631642512077293 0.6073369565217391 0.9365942028985506 0.6073369565217391 0.9365942028985506 0.6888586956521738 0.09631642512077293 0.6888586956521738
3 0.17602657004830916 0.7486413043478263 0.8502415458937195 0.7486413043478263 0.8502415458937195 0.8355978260869563 0.17602657004830916 0.8355978260869563
3 0.30223429951690817 0.9008152173913043 0.7107487922705312 0.9008152173913043 0.7107487922705312 0.983695652173913 0.30223429951690817 0.983695652173913
