10 0.11570387868375845 0.07201086956521739 0.174140181049293 0.07201086956521739 0.174140181049293 0.09510869565217393 0.11570387868375845 0.09510869565217393
10 0.24660119598255584 0.07472826086956522 0.2886753336857407 0.07472826086956522 0.2886753336857407 0.09103260869565216 0.24660119598255584 0.09103260869565216
10 0.37165488304479977 0.07744565217391304 0.5002147482489758 0.07744565217391304 0.5002147482489758 0.09239130434782608 0.37165488304479977 0.09239130434782608
10 0.5270954473371218 0.07472826086956522 0.6720174772036475 0.07472826086956522 0.6720174772036475 0.08967391304347827 0.5270954473371218 0.08967391304347827
10 0.7000669023391041 0.07472826086956522 0.7409723139949782 0.07472826086956522 0.7409723139949782 0.08967391304347827 0.7000669023391041 0.08967391304347827
10 0.8204456852121053 0.08016304347826086 0.897581604334611 0.08016304347826086 0.897581604334611 0.09239130434782608 0.8204456852121053 0.09239130434782608
10 0.7970711642658913 0.11141304347826086 0.8204456852121053 0.11141304347826086 0.8204456852121053 0.8559782608695652 0.7970711642658913 0.8559782608695652
10 0.7514908484207745 0.11684782608695653 0.7713591912250563 0.11684782608695653 0.7713591912250563 0.8614130434782609 0.7514908484207745 0.8614130434782609
10 0.6825360116294437 0.10054347826086957 0.69305454605524 0.10054347826086957 0.69305454605524 0.13858695652173914 0.6825360116294437 0.13858695652173914
10 0.6252684353112198 0.13043478260869565 0.6883796418659971 0.13043478260869565 0.6883796418659971 0.14130434782608695 0.6252684353112198 0.14130434782608695
10 0.6217622571692878 0.12771739130434784 0.632280791595084 0.12771739130434784 0.632280791595084 0.8559782608695654 0.6217622571692878 0.8559782608695654
10 0.299193868111537 0.12364130434782608 0.3108811285846439 0.12364130434782608 0.3108811285846439 0.360054347826087 0.299193868111537 0.360054347826087
10 0.13674094753535088 0.35461956521739135 0.1460907559138364 0.35461956521739135 0.1460907559138364 0.5407608695652174 0.13674094753535088 0.5407608695652174
10 0.1332347693934188 0.35597826086956524 0.3167247588211973 0.35597826086956524 0.3167247588211973 0.36548913043478265 0.1332347693934188 0.36548913043478265
10 0.20920196246861375 0.11820652173913043 0.21855177084709926 0.11820652173913043 0.21855177084709926 0.4429347826086958 0.20920196246861375 0.4429347826086958
10 0.3774985132813533 0.45652173913043476 0.40788539051143125 0.45652173913043476 0.40788539051143125 0.46195652173913043 0.3774985132813533 0.46195652173913043
10 0.39502940399101377 0.45380434782608703 0.4137290207479847 0.45380434782608703 0.4137290207479847 0.53125 0.39502940399101377 0.53125
10 0.1484282080084578 0.5516304347826086 0.2138768666578565 0.5516304347826086 0.2138768666578565 0.5652173913043478 0.1484282080084578 0.5652173913043478
10 0.24192629179331313 0.5896739130434783 0.26062590855028417 0.5896739130434783 0.26062590855028417 0.6793478260869565 0.24192629179331313 0.6793478260869565
10 0.2828317034491873 0.5516304347826086 0.3728236090921105 0.5516304347826086 0.3728236090921105 0.5679347826086957 0.2828317034491873 0.5679347826086957
10 0.40087303422756704 0.5964673913043478 0.41139156865336324 0.5964673913043478 0.41139156865336324 0.6304347826086957 0.40087303422756704 0.6304347826086957
10 0.39970430818025643 0.6168478260869565 0.4896962138231796 0.6168478260869565 0.4896962138231796 0.6372282608695651 0.39970430818025643 0.6372282608695651
10 0.46865914497158717 0.6114130434782609 0.495539844059733 0.6114130434782609 0.495539844059733 0.8559782608695652 0.46865914497158717 0.8559782608695652
10 0.4090541165587419 0.7065217391304348 0.4417784458834413 0.7065217391304348 0.4417784458834413 0.71875 0.4090541165587419 0.71875
10 0.43009118541033436 0.7038043478260869 0.4522969803092375 0.7038043478260869 0.4522969803092375 0.8817934782608696 0.43009118541033436 0.8817934782608696
10 0.42892245936302376 0.8532608695652173 0.47450277520814066 0.8532608695652173 0.47450277520814066 0.8804347826086956 0.42892245936302376 0.8804347826086956
10 0.5002147482489758 0.8654891304347827 0.530601625479054 0.8654891304347827 0.530601625479054 0.876358695652174 0.5002147482489758 0.876358695652174
10 0.522420543147879 0.861413043478261 0.5352765296682966 0.861413043478261 0.5352765296682966 0.8940217391304348 0.522420543147879 0.8940217391304348
10 0.5189143650059469 0.8831521739130435 0.5878692017972776 0.8831521739130435 0.5878692017972776 0.8994565217391305 0.5189143650059469 0.8994565217391305
10 0.666173846967094 0.8872282608695652 0.7538283005153958 0.8872282608695652 0.7538283005153958 0.8980978260869565 0.666173846967094 0.8980978260869565
10 0.8297954935905908 0.8872282608695652 0.9221248513281355 0.8872282608695652 0.9221248513281355 0.8967391304347827 0.8297954935905908 0.8967391304347827
10 0.2886753336857407 0.6997282608695652 0.33308692348354707 0.6997282608695652 0.33308692348354707 0.7214673913043478 0.2886753336857407 0.7214673913043478
11 0.158946742434254 0.06929347826086957 0.1753089070966037 0.06929347826086957 0.1753089070966037 0.10054347826086957 0.158946742434254 0.10054347826086957
11 0.27231316902339103 0.06929347826086957 0.2921815118276729 0.06929347826086957 0.2921815118276729 0.09374999999999999 0.27231316902339103 0.09374999999999999
11 0.48735876172855824 0.07472826086956522 0.49904602220166516 0.07472826086956522 0.49904602220166516 0.09239130434782608 0.48735876172855824 0.09239130434782608
11 0.6591614906832298 0.07201086956521739 0.6720174772036476 0.07201086956521739 0.6720174772036476 0.09239130434782608 0.6591614906832298 0.09239130434782608
11 0.7269476014272499 0.07336956521739131 0.7409723139949782 0.07336956521739131 0.7409723139949782 0.09239130434782608 0.7269476014272499 0.09239130434782608
11 0.8905692480507468 0.07472826086956522 0.9034252345711643 0.07472826086956522 0.9034252345711643 0.10054347826086957 0.8905692480507468 0.10054347826086957
11 0.12972859125148672 0.5271739130434783 0.15427183824501126 0.5271739130434783 0.15427183824501126 0.5394021739130435 0.12972859125148672 0.5394021739130435
11 0.2314077573675169 0.6535326086956522 0.2641320866922162 0.6535326086956522 0.2641320866922162 0.6752717391304349 0.2314077573675169 0.6752717391304349
11 0.19868342804281752 0.5461956521739131 0.2103706885159244 0.5461956521739131 0.2103706885159244 0.5706521739130435 0.19868342804281752 0.5706521739130435
11 0.35529271838245013 0.5502717391304348 0.36697997885555705 0.5502717391304348 0.36697997885555705 0.5706521739130435 0.35529271838245013 0.5706521739130435
11 0.4733340491608299 0.8410326086956522 0.5002147482489758 0.8410326086956522 0.5002147482489758 0.8546195652173915 0.4733340491608299 0.8546195652173915
11 0.46047806264041236 0.8641304347826086 0.47567150125545127 0.8641304347826086 0.47567150125545127 0.8913043478260869 0.46047806264041236 0.8913043478260869
11 0.5738444892295494 0.8817934782608695 0.5843630236553456 0.8817934782608695 0.5843630236553456 0.9035326086956522 0.5738444892295494 0.9035326086956522
11 0.7362974098057354 0.8858695652173914 0.7514908484207746 0.8858695652173914 0.7514908484207746 0.9008152173913043 0.7362974098057354 0.9008152173913043
11 0.9057626866657857 0.8858695652173911 0.9186186731862033 0.8858695652173911 0.9186186731862033 0.9048913043478259 0.9057626866657857 0.9048913043478259
11 0.7479846702788424 0.12092391304347824 0.7760340954142989 0.12092391304347824 0.7760340954142989 0.13994565217391305 0.7479846702788424 0.13994565217391305
11 0.8017460684551341 0.84375 0.8227831373067265 0.84375 0.8227831373067265 0.8559782608695652 0.8017460684551341 0.8559782608695652
11 0.6743549292982688 0.09510869565217392 0.6953919981498613 0.09510869565217392 0.6953919981498613 0.11413043478260869 0.6743549292982688 0.11413043478260869
7 0.07596719307519494 0.06114130434782608 0.12388496101493325 0.06114130434782608 0.12388496101493325 0.11141304347826085 0.07596719307519494 0.11141304347826085
1 0.8952441522399895 0.06521739130434782 0.9373182899431743 0.06521739130434782 0.9373182899431743 0.11141304347826086 0.8952441522399895 0.11141304347826086
1 0.9104375908550285 0.8682065217391305 0.9443306462270383 0.8682065217391305 0.9443306462270383 0.9130434782608695 0.9104375908550285 0.9130434782608695
4 0.01869961675697106 0.009510869565217392 0.07012356283864148 0.009510869565217392 0.07012356283864148 0.35733695652173914 0.01869961675697106 0.35733695652173914
4 0.05843630236553456 0.39266304347826086 0.11219770054182637 0.39266304347826086 0.11219770054182637 0.6616847826086957 0.05843630236553456 0.6616847826086957
4 0.056098850270913186 0.6331521739130435 0.11219770054182637 0.6331521739130435 0.11219770054182637 0.7866847826086957 0.056098850270913186 0.7866847826086957
4 0.057267576318223865 0.7622282608695652 0.10869152239989428 0.7622282608695652 0.10869152239989428 0.9769021739130435 0.057267576318223865 0.9769021739130435
3 0.16595909871811818 0.036684782608695655 0.25478227831373074 0.036684782608695655 0.25478227831373074 0.13179347826086957 0.16595909871811818 0.13179347826086957
3 0.2781567992599445 0.04483695652173913 0.37399233513942126 0.04483695652173913 0.37399233513942126 0.12092391304347827 0.2781567992599445 0.12092391304347827
3 0.333086923483547 0.17119565217391305 0.45930933659310164 0.17119565217391305 0.45930933659310164 0.24048913043478262 0.333086923483547 0.24048913043478262
3 0.7351286837584248 0.04211956521739131 0.8344703977798336 0.04211956521739131 0.8344703977798336 0.12771739130434784 0.7351286837584248 0.12771739130434784
3 0.20920196246861375 0.6711956521739131 0.299193868111537 0.6711956521739131 0.299193868111537 0.7581521739130435 0.20920196246861375 0.7581521739130435
3 0.3260745671996828 0.6644021739130435 0.41957265098453816 0.6644021739130435 0.41957265098453816 0.7540760869565217 0.3260745671996828 0.7540760869565217
3 0.35996762257169285 0.5095108695652174 0.45346570635654826 0.5095108695652174 0.45346570635654826 0.6005434782608695 0.35996762257169285 0.6005434782608695
3 0.5738444892295494 0.8383152173913043 0.6766923813928902 0.8383152173913043 0.6766923813928902 0.9320652173913043 0.5738444892295494 0.9320652173913043
3 0.7444784921369103 0.8478260869565217 0.8379765759217658 0.8478260869565217 0.8379765759217658 0.9375 0.7444784921369103 0.9375
5 0.21270814061054577 0.5149456521739131 0.28750660763843006 0.5149456521739131 0.28750660763843006 0.5964673913043478 0.21270814061054577 0.5964673913043478
0 0.6942232721025506 0.1671195652173913 0.7538283005153958 0.1671195652173913 0.7538283005153958 0.2554347826086957 0.6942232721025506 0.2554347826086957
0 0.8496638363948725 0.7758152173913043 0.8952441522399895 0.7758152173913043 0.8952441522399895 0.8505434782608695 0.8496638363948725 0.8505434782608695
2 0.11921005682569051 0.5407608695652174 0.16128419452887538 0.5407608695652174 0.16128419452887538 0.5855978260869565 0.11921005682569051 0.5855978260869565
2 0.669680025109026 0.059782608695652176 0.7105854367649003 0.059782608695652176 0.7105854367649003 0.10733695652173914 0.669680025109026 0.10733695652173914
2 0.4628155147350338 0.8505434782608695 0.50722710453284 0.8505434782608695 0.50722710453284 0.9021739130434783 0.4628155147350338 0.9021739130434783
10 0.7842151777454738 0.8097826086956522 0.7970711642658913 0.8097826086956522 0.7970711642658913 0.8532608695652174 0.7842151777454738 0.8532608695652174
10 0.7830464516981632 0.8057065217391305 0.8566761926787367 0.8057065217391305 0.8566761926787367 0.8179347826086957 0.7830464516981632 0.8179347826086957
10 0.7175977930487645 0.09646739130434784 0.7269476014272499 0.09646739130434784 0.7269476014272499 0.18206521739130432 0.7175977930487645 0.18206521739130432
8 0.48502130963393686 0.10733695652173914 0.5469637901414034 0.10733695652173914 0.5469637901414034 0.13994565217391305 0.48502130963393686 0.13994565217391305
9 0.4932023919651117 0.057065217391304345 0.5352765296682965 0.057065217391304345 0.5352765296682965 0.1046195652173913 0.4932023919651117 0.1046195652173913
8 0.6614989427778513 0.10326086956521738 0.7105854367649004 0.10326086956521738 0.7105854367649004 0.13451086956521738 0.6614989427778513 0.13451086956521738
8 0.8835568917668826 0.10597826086956522 0.9454993722743492 0.10597826086956522 0.9454993722743492 0.11956521739130435 0.8835568917668826 0.11956521739130435
8 0.33542437557816834 0.18478260869565222 0.45346570635654826 0.18478260869565222 0.45346570635654826 0.2241847826086957 0.33542437557816834 0.2241847826086957
8 0.2945189639222942 0.07201086956521739 0.3552927183824501 0.07201086956521739 0.3552927183824501 0.10190217391304347 0.2945189639222942 0.10190217391304347
8 0.17414018104929296 0.06929347826086954 0.24543246993524512 0.06929347826086954 0.24543246993524512 0.10326086956521738 0.17414018104929296 0.10326086956521738
8 0.07713591912250563 0.10733695652173914 0.12388496101493325 0.10733695652173914 0.12388496101493325 0.13315217391304351 0.07713591912250563 0.13315217391304351
8 0.028049425135456593 0.11005434782608696 0.05843630236553457 0.11005434782608696 0.05843630236553457 0.23913043478260865 0.028049425135456593 0.23913043478260865
8 0.586700475749967 0.4375 0.6626676688251618 0.4375 0.6626676688251618 0.4538043478260869 0.586700475749967 0.4538043478260869
8 0.6860421897713758 0.2391304347826087 0.7561657526100173 0.2391304347826087 0.7561657526100173 0.25271739130434784 0.6860421897713758 0.25271739130434784
8 0.1881648936170213 0.45108695652173914 0.2302390313202062 0.45108695652173914 0.2302390313202062 0.4755434782608695 0.1881648936170213 0.4755434782608695
8 0.32490584115237214 0.4470108695652174 0.3751610611867319 0.4470108695652174 0.3751610611867319 0.4782608695652174 0.32490584115237214 0.4782608695652174
8 0.024543246993524517 0.6073369565217391 0.05726757631822388 0.6073369565217391 0.05726757631822388 0.7934782608695652 0.024543246993524517 0.7934782608695652
8 0.07596719307519494 0.6766304347826086 0.09466680983216601 0.6766304347826086 0.09466680983216601 0.7459239130434784 0.07596719307519494 0.7459239130434784
8 0.07362974098057355 0.48505434782608703 0.09583553587947669 0.48505434782608703 0.09583553587947669 0.5665760869565218 0.07362974098057355 0.5665760869565218
8 0.07246101493326286 0.8192934782608695 0.09232935773754461 0.8192934782608695 0.09232935773754461 0.952445652173913 0.07246101493326286 0.952445652173913
8 0.20920196246861375 0.701086956521739 0.2921815118276729 0.701086956521739 0.2921815118276729 0.71875 0.20920196246861375 0.71875
8 0.1203787828730012 0.5801630434782609 0.16011546848156472 0.5801630434782609 0.16011546848156472 0.6046195652173911 0.1203787828730012 0.6046195652173911
8 0.22790157922558477 0.6141304347826086 0.27348189507070175 0.6141304347826086 0.27348189507070175 0.6508152173913043 0.22790157922558477 0.6508152173913043
8 0.4616467886877229 0.6671195652173914 0.5083958305801507 0.6671195652173914 0.5083958305801507 0.6970108695652173 0.4616467886877229 0.6970108695652173
8 0.4090541165587419 0.7663043478260869 0.47099659706620856 0.7663043478260869 0.47099659706620856 0.813858695652174 0.4090541165587419 0.813858695652174
8 0.3377618276727897 0.705163043478261 0.3997043081802564 0.705163043478261 0.3997043081802564 0.7241847826086958 0.3377618276727897 0.7241847826086958
8 0.3658112528082463 0.5380434782608692 0.4476220761199949 0.5380434782608692 0.4476220761199949 0.5774456521739129 0.3658112528082463 0.5774456521739129
8 0.45346570635654826 0.8913043478260869 0.5142394608167042 0.8913043478260869 0.5142394608167042 0.9211956521739132 0.45346570635654826 0.9211956521739132
8 0.5972190101757632 0.876358695652174 0.6591614906832298 0.876358695652174 0.6591614906832298 0.90625 0.5972190101757632 0.90625
8 0.8391453019690763 0.8410326086956522 0.9151124950442713 0.8410326086956522 0.9151124950442713 0.8831521739130435 0.8391453019690763 0.8831521739130435
8 0.8940754261926788 0.9144021739130435 0.9630302629840096 0.9144021739130435 0.9630302629840096 0.9266304347826086 0.8940754261926788 0.9266304347826086
8 0.745647218184221 0.873641304347826 0.8356391238271443 0.873641304347826 0.8356391238271443 0.9239130434782609 0.745647218184221 0.9239130434782609
