10 0.3791403785488959 0.06114130434782608 0.4148565011658209 0.06114130434782608 0.4148565011658209 0.10326086956521739 0.3791403785488959 0.10326086956521739
10 0.3846351666438074 0.13858695652173914 0.41210910711836507 0.13858695652173914 0.41210910711836507 0.1875 0.3846351666438074 0.1875
10 0.19781237141681524 0.30027173913043476 0.2417706761761075 0.30027173913043476 0.2417706761761075 0.3423913043478261 0.19781237141681524 0.3423913043478261
10 0.23902328212865176 0.2554347826086958 0.3379294678370594 0.2554347826086958 0.3379294678370594 0.3070652173913044 0.23902328212865176 0.3070652173913044
10 0.436835653545467 0.2595108695652174 0.5769527499657111 0.2595108695652174 0.5769527499657111 0.30570652173913043 0.436835653545467 0.30570652173913043
10 0.5494788094911535 0.30434782608695654 0.5906897202029899 0.30434782608695654 0.5906897202029899 0.3423913043478261 0.5494788094911535 0.3423913043478261
10 0.5632157797284323 0.37907608695652173 0.5934371142504457 0.37907608695652173 0.5934371142504457 0.422554347826087 0.5632157797284323 0.422554347826087
10 0.5632157797284323 0.47010869565217384 0.5934371142504457 0.47010869565217384 0.5934371142504457 0.5176630434782609 0.5632157797284323 0.5176630434782609
10 0.5632157797284323 0.5516304347826086 0.5961845082979015 0.5516304347826086 0.5961845082979015 0.5978260869565216 0.5632157797284323 0.5978260869565216
10 0.5522262035386092 0.626358695652174 0.5961845082979015 0.626358695652174 0.5961845082979015 0.6793478260869565 0.5522262035386092 0.6793478260869565
10 0.3928773487861747 0.7730978260869565 0.5055205047318612 0.7730978260869565 0.5055205047318612 0.8315217391304348 0.3928773487861747 0.8315217391304348
10 0.3708981964065285 0.8342391304347827 0.39012995473871886 0.8342391304347827 0.39012995473871886 0.8695652173913042 0.3708981964065285 0.8695652173913042
10 0.6428902071046495 0.7744565217391305 0.7692703332876147 0.7744565217391305 0.7692703332876147 0.8328804347826086 0.6428902071046495 0.8328804347826086
10 0.7582807570977917 0.8369565217391305 0.7967442737621725 0.8369565217391305 0.7967442737621725 0.8695652173913044 0.7582807570977917 0.8695652173913044
10 0.3571612261692497 0.904891304347826 0.390129954738719 0.904891304347826 0.390129954738719 0.9483695652173914 0.3571612261692497 0.9483695652173914
10 0.7637755451927033 0.904891304347826 0.7967442737621724 0.904891304347826 0.7967442737621724 0.9510869565217391 0.7637755451927033 0.9510869565217391
11 0.3708981964065286 0.08695652173913043 0.4230986833081881 0.08695652173913043 0.4230986833081881 0.10597826086956523 0.3708981964065286 0.10597826086956523
11 0.3763929845014401 0.17255434782608695 0.4176038952132766 0.17255434782608695 0.4176038952132766 0.1875 0.3763929845014401 0.1875
11 0.1923175833219037 0.33016304347826086 0.24451807022356328 0.33016304347826086 0.24451807022356328 0.34782608695652173 0.1923175833219037 0.34782608695652173
11 0.554973597586065 0.33152173913043476 0.601679296392813 0.33152173913043476 0.601679296392813 0.3451086956521739 0.554973597586065 0.3451086956521739
11 0.5522262035386092 0.41304347826086957 0.5989319023453573 0.41304347826086957 0.5989319023453573 0.4279891304347826 0.5522262035386092 0.4279891304347826
11 0.5494788094911535 0.5027173913043478 0.601679296392813 0.5027173913043478 0.601679296392813 0.5203804347826086 0.5494788094911535 0.5203804347826086
11 0.5577209916335207 0.5828804347826086 0.6044266904402688 0.5828804347826086 0.6044266904402688 0.595108695652174 0.5577209916335207 0.595108695652174
11 0.554973597586065 0.6603260869565217 0.5989319023453573 0.6603260869565217 0.5989319023453573 0.6766304347826086 0.554973597586065 0.6766304347826086
11 0.35441383212179395 0.8600543478260869 0.401119530928542 0.8600543478260869 0.401119530928542 0.8709239130434784 0.35441383212179395 0.8709239130434784
11 0.34891904402688245 0.9320652173913044 0.3928773487861747 0.9320652173913044 0.3928773487861747 0.9456521739130435 0.34891904402688245 0.9456521739130435
11 0.7582807570977917 0.9347826086956523 0.802239061857084 0.9347826086956523 0.802239061857084 0.9510869565217391 0.7582807570977917 0.9510869565217391
11 0.7582807570977917 0.8600543478260869 0.8077338499519957 0.8600543478260869 0.8077338499519957 0.8722826086956523 0.7582807570977917 0.8722826086956523
3 0.2225389178439171 0.017663043478260868 0.5824475380606227 0.017663043478260868 0.5824475380606227 0.06793478260869565 0.2225389178439171 0.06793478260869565
3 0.23078109998628446 0.09918478260869565 0.5577209916335207 0.09918478260869565 0.5577209916335207 0.14673913043478262 0.23078109998628446 0.14673913043478262
3 0.04670569880674804 0.33967391304347827 0.3873825606912632 0.33967391304347827 0.3873825606912632 0.3845108695652174 0.04670569880674804 0.3845108695652174
3 0.4505726237827459 0.33288043478260865 0.7170698463859554 0.33288043478260865 0.7170698463859554 0.3858695652173913 0.4505726237827459 0.3858695652173913
3 0.3736455904539843 0.41847826086956524 0.780259909477438 0.41847826086956524 0.780259909477438 0.48097826086956524 0.3736455904539843 0.48097826086956524
3 0.4066143190234536 0.5135869565217391 0.7527859690028802 0.5135869565217391 0.7527859690028802 0.561141304347826 0.4066143190234536 0.561141304347826
3 0.44233044164037855 0.5896739130434783 0.7143224523384994 0.5896739130434783 0.7143224523384994 0.6331521739130433 0.44233044164037855 0.6331521739130433
5 0.39562474283363047 0.669836956521739 0.7390489987656014 0.669836956521739 0.7390489987656014 0.8084239130434782 0.39562474283363047 0.8084239130434782
5 0.27199201069812096 0.18070652173913043 0.51925747496914 0.18070652173913043 0.51925747496914 0.2866847826086957 0.27199201069812096 0.2866847826086957
3 0.24177067617610745 0.8641304347826086 0.5137626868742284 0.8641304347826086 0.5137626868742284 0.9116847826086956 0.24177067617610745 0.9116847826086956
3 0.6071740844877246 0.8627717391304348 0.9615879166095186 0.8627717391304348 0.9615879166095186 0.9116847826086956 0.6071740844877246 0.9116847826086956
3 0.22528631189137294 0.9415760869565216 0.5329944452064189 0.9415760869565216 0.5329944452064189 0.9864130434782609 0.22528631189137294 0.9864130434782609
3 0.5824475380606227 0.9429347826086956 0.9835670689891648 0.9429347826086956 0.9835670689891648 0.9891304347826086 0.5824475380606227 0.9891304347826086
8 0.09066400356604032 0.3532608695652174 0.33518207378960363 0.3532608695652174 0.33518207378960363 0.37499999999999994 0.09066400356604032 0.37499999999999994
8 0.18682279522699216 0.30978260869565216 0.24451807022356328 0.30978260869565216 0.24451807022356328 0.3247282608695652 0.18682279522699216 0.3247282608695652
8 0.318697709504869 0.22690217391304343 0.4780465642573035 0.22690217391304343 0.4780465642573035 0.24728260869565216 0.318697709504869 0.24728260869565216
8 0.26374982855575363 0.11413043478260869 0.51925747496914 0.11413043478260869 0.51925747496914 0.1345108695652174 0.26374982855575363 0.1345108695652174
8 0.2637498285557538 0.03668478260869567 0.5302470511589631 0.03668478260869567 0.5302470511589631 0.059782608695652155 0.2637498285557538 0.059782608695652155
8 0.48903614044712657 0.3532608695652174 0.6895959059113976 0.3532608695652174 0.6895959059113976 0.3695652173913044 0.48903614044712657 0.3695652173913044
8 0.4450778356878342 0.42798913043478237 0.7033328761486762 0.42798913043478237 0.7033328761486762 0.47282608695652156 0.4450778356878342 0.47282608695652156
8 0.4450778356878342 0.5203804347826085 0.7115750582910435 0.5203804347826085 0.7115750582910435 0.5516304347826086 0.4450778356878342 0.5516304347826086
8 0.4752991702098475 0.6005434782608693 0.6648693594842956 0.6005434782608693 0.6648693594842956 0.625 0.4752991702098475 0.625
8 0.4835413523522149 0.7255434782608695 0.6813537237690301 0.7255434782608695 0.6813537237690301 0.751358695652174 0.4835413523522149 0.751358695652174
8 0.3406768618845151 0.8355978260869565 0.401119530928542 0.8355978260869565 0.401119530928542 0.8478260869565216 0.3406768618845151 0.8478260869565216
8 0.7500385749554245 0.8328804347826086 0.7967442737621725 0.8328804347826086 0.7967442737621725 0.8464673913043477 0.7500385749554245 0.8464673913043477
3 0.35441383212179395 0.8274456521739131 0.39562474283363047 0.8274456521739131 0.39562474283363047 0.8478260869565216 0.35441383212179395 0.8478260869565216
3 0.7555333630503359 0.8274456521739131 0.7967442737621724 0.8274456521739131 0.7967442737621724 0.8478260869565216 0.7555333630503359 0.8478260869565216
8 0.24451807022356328 0.875 0.5027731106844053 0.875 0.5027731106844053 0.9008152173913044 0.24451807022356328 0.9008152173913044
8 0.2582550404608422 0.948369565217388 0.4862887463996707 0.948369565217388 0.4862887463996707 0.9782608695652139 0.2582550404608422 0.9782608695652139
8 0.6428902071046511 0.8749999999999971 0.9230729666712386 0.8749999999999971 0.9230729666712386 0.9008152173913014 0.6428902071046511 0.9008152173913014
8 0.6154162666300919 0.9565217391304344 0.9478509463722394 0.9565217391304344 0.9478509463722394 0.975543478260869 0.6154162666300919 0.975543478260869
8 0.5604683856809765 0.3070652173913043 0.6044266904402688 0.3070652173913043 0.6044266904402688 0.32201086956521735 0.5604683856809765 0.32201086956521735
3 0.18132800713208064 0.296195652173913 0.2472654642710191 0.296195652173913 0.2472654642710191 0.3274456521739131 0.18132800713208064 0.3274456521739131
3 0.5412366273487862 0.3070652173913043 0.601679296392813 0.3070652173913043 0.601679296392813 0.3220108695652174 0.5412366273487862 0.3220108695652174
