10 0.0924010266780742 0.17028985507246377 0.12031383682040912 0.17028985507246377 0.12031383682040912 0.18297101449275363 0.0924010266780742 0.18297101449275363
11 0.10780119779108657 0.16847826086956524 0.11646379404215602 0.16847826086956524 0.11646379404215602 0.18478260869565216 0.10780119779108657 0.18478260869565216
7 0.05486310959010656 0.13949275362318841 0.09432604806720075 0.13949275362318841 0.09432604806720075 0.20833333333333337 0.05486310959010656 0.20833333333333337
4 0.03368787430971455 0.07789855072463768 0.063525705841176 0.07789855072463768 0.063525705841176 0.2536231884057971 0.03368787430971455 0.2536231884057971
4 0.03657540639340437 0.4329710144927536 0.0673757486194291 0.4329710144927536 0.0673757486194291 0.5742753623188405 0.03657540639340437 0.5742753623188405
4 0.03176285292058801 0.7844202898550725 0.06448821653573929 0.7844202898550725 0.06448821653573929 0.9076086956521738 0.03176285292058801 0.9076086956521738
1 0.800808897876643 0.3713768115942029 0.8470094112156802 0.3713768115942029 0.8470094112156802 0.4601449275362319 0.800808897876643 0.4601449275362319
1 0.8056214513494595 0.5579710144927537 0.8431593684374271 0.5579710144927537 0.8431593684374271 0.648550724637681 0.8056214513494595 0.648550724637681
11 0.15111417904643384 0.3804347826086956 0.16843937154857272 0.3804347826086956 0.16843937154857272 0.39855072463768115 0.15111417904643384 0.39855072463768115
11 0.14918915765730734 0.7862318840579708 0.17036439293769934 0.7862318840579708 0.17036439293769934 0.8115942028985507 0.14918915765730734 0.8115942028985507
11 0.28201563350703895 0.6612318840579711 0.30030333670374115 0.6612318840579711 0.30030333670374115 0.6956521739130435 0.28201563350703895 0.6956521739130435
11 0.4331298125534728 0.46739130434782605 0.4446799408882321 0.46739130434782605 0.4446799408882321 0.4927536231884058 0.4331298125534728 0.4927536231884058
11 0.5880940343781598 0.5887681159420289 0.6025316947966088 0.5887681159420289 0.6025316947966088 0.625 0.5880940343781598 0.625
1 0.5370809675663063 0.3605072463768116 0.570768841876021 0.3605072463768116 0.570768841876021 0.4420289855072464 0.5370809675663063 0.4420289855072464
11 0.4081045344948278 0.5960144927536232 0.41772964144046054 0.5960144927536232 0.41772964144046054 0.6195652173913043 0.4081045344948278 0.6195652173913043
11 0.673757486194291 0.4130434782608695 0.6853076145290502 0.4130434782608695 0.6853076145290502 0.4365942028985507 0.673757486194291 0.4365942028985507
11 0.6727949754997278 0.592391304347826 0.6853076145290503 0.592391304347826 0.6853076145290503 0.621376811594203 0.6727949754997278 0.621376811594203
11 0.6814575717507972 0.48369565217391297 0.7016702963366261 0.48369565217391297 0.7016702963366261 0.5054347826086956 0.6814575717507972 0.5054347826086956
11 0.69108267869643 0.6666666666666665 0.7064828498094422 0.6666666666666665 0.7064828498094422 0.6920289855072463 0.69108267869643 0.6920289855072463
11 0.5900190557672863 0.8894927536231881 0.6073442482694252 0.8894927536231881 0.6073442482694252 0.9130434782608693 0.5900190557672863 0.9130434782608693
10 0.1491891576573073 0.23369565217391303 0.16940188224313604 0.23369565217391303 0.16940188224313604 0.4039855072463768 0.1491891576573073 0.4039855072463768
10 0.15400171113012368 0.5108695652173914 0.1665143501594462 0.5108695652173914 0.1665143501594462 0.8152173913043479 0.15400171113012368 0.8152173913043479
10 0.2021272458582873 0.8496376811594203 0.2964532939254881 0.8496376811594203 0.2964532939254881 0.8731884057971014 0.2021272458582873 0.8731884057971014
10 0.27912810142334915 0.6648550724637681 0.30319086878743096 0.6648550724637681 0.30319086878743096 0.8695652173913043 0.27912810142334915 0.8695652173913043
10 0.19731469238547095 0.8876811594202898 0.6111942910476783 0.8876811594202898 0.6111942910476783 0.9184782608695651 0.19731469238547095 0.9184782608695651
10 0.3339912110134557 0.592391304347826 0.41965466282958697 0.592391304347826 0.41965466282958697 0.625 0.3339912110134557 0.625
10 0.4350548339425993 0.45833333333333326 0.44467994088823204 0.45833333333333326 0.44467994088823204 0.576086956521739 0.4350548339425993 0.576086956521739
10 0.45719257991755463 0.6032608695652174 0.6073442482694252 0.6032608695652174 0.6073442482694252 0.6141304347826086 0.45719257991755463 0.6141304347826086
10 0.6131193124368048 0.4148550724637681 0.6275569728552539 0.4148550724637681 0.6275569728552539 0.5706521739130435 0.6131193124368048 0.5706521739130435
10 0.6102317803531151 0.4057971014492754 0.6872326359181767 0.4057971014492754 0.6872326359181767 0.4384057971014493 0.6102317803531151 0.4384057971014493
10 0.7632709807886755 0.41847826086956524 0.8104340048222758 0.41847826086956524 0.8104340048222758 0.4365942028985507 0.7632709807886755 0.4365942028985507
10 0.7623084700941122 0.5942028985507246 0.811396515516839 0.5942028985507246 0.811396515516839 0.6195652173913043 0.7623084700941122 0.6195652173913043
11 0.7921463016255736 0.40942028985507245 0.8104340048222758 0.40942028985507245 0.8104340048222758 0.4384057971014493 0.7921463016255736 0.4384057971014493
11 0.7921463016255736 0.5797101449275363 0.8104340048222758 0.5797101449275363 0.8104340048222758 0.625 0.7921463016255736 0.625
10 0.6371820798008867 0.5905797101449275 0.6824200824453606 0.5905797101449275 0.6824200824453606 0.6213768115942029 0.6371820798008867 0.6213768115942029
3 0.11935132612584583 0.09963768115942029 0.20212724585828729 0.09963768115942029 0.20212724585828729 0.23731884057971012 0.11935132612584583 0.23731884057971012
3 0.1174263047367193 0.3677536231884059 0.20501477794197717 0.3677536231884059 0.20501477794197717 0.5163043478260869 0.1174263047367193 0.5163043478260869
3 0.11646379404215602 0.7844202898550725 0.20212724585828729 0.7844202898550725 0.20212724585828729 0.9257246376811593 0.11646379404215602 0.9257246376811593
3 0.2454402271136346 0.5344202898550725 0.334953721708019 0.5344202898550725 0.334953721708019 0.6702898550724637 0.2454402271136346 0.6702898550724637
3 0.398479427549195 0.3369565217391305 0.4831803686707631 0.3369565217391305 0.4831803686707631 0.47463768115942034 0.398479427549195 0.47463768115942034
3 0.6833825931399238 0.5452898550724637 0.7700085556506182 0.5452898550724637 0.7700085556506182 0.6702898550724637 0.6833825931399238 0.6702898550724637
3 0.6824200824453606 0.35507246376811596 0.7700085556506183 0.35507246376811596 0.7700085556506183 0.48731884057971014 0.6824200824453606 0.48731884057971014
5 0.4129170879676441 0.572463768115942 0.46296764408493435 0.572463768115942 0.46296764408493435 0.648550724637681 0.4129170879676441 0.648550724637681
5 0.5957941199346659 0.5670289855072463 0.6400696118845765 0.5670289855072463 0.6400696118845765 0.648550724637681 0.5957941199346659 0.648550724637681
0 0.5996441627129191 0.8278985507246377 0.6371820798008866 0.8278985507246377 0.6371820798008866 0.9528985507246376 0.5996441627129191 0.9528985507246376
8 0.044831916444792744 0.09515260323159783 0.05913997488462023 0.09515260323159783 0.05913997488462023 0.2315978456014363 0.044831916444792744 0.2315978456014363
8 0.12400317314517151 0.13285457809694784 0.19745120646961908 0.13285457809694784 0.19745120646961908 0.21005385996409337 0.12400317314517151 0.21005385996409337
8 0.12114156145720585 0.4111310592459605 0.2022205592828948 0.4111310592459605 0.2022205592828948 0.4937163375224417 0.12114156145720585 0.4937163375224417
8 0.2604066636048599 0.5763016157989228 0.3271776029907214 0.5763016157989228 0.3271776029907214 0.6355475763016157 0.2604066636048599 0.6355475763016157
8 0.695371640175615 0.578096947935368 0.7554654856228904 0.578096947935368 0.7554654856228904 0.6499102333931777 0.695371640175615 0.6499102333931777
8 0.6877406756743735 0.8294434470377017 0.7430651683083732 0.8294434470377017 0.7430651683083732 0.8940754039497307 0.6877406756743735 0.8940754039497307
8 0.6925100284876495 0.3734290843806103 0.7630964501241317 0.3734290843806103 0.7630964501241317 0.4793536804308797 0.6925100284876495 0.4793536804308797
8 0.041970304756827254 0.4488330341113106 0.06104771600993055 0.4488330341113106 0.06104771600993055 0.5655296229802513 0.041970304756827254 0.5655296229802513
8 0.04101643419417208 0.7935368043087973 0.05818610432196502 0.7935368043087973 0.05818610432196502 0.8922800718132856 0.04101643419417208 0.8922800718132856
8 0.01907741125310329 0.3303411131059246 0.03147772856762043 0.3303411131059246 0.03147772856762043 0.6983842010771992 0.01907741125310329 0.6983842010771992
8 0.12018769089455074 0.8222621184919211 0.19745120646961908 0.8222621184919211 0.19745120646961908 0.8994614003590665 0.12018769089455074 0.8994614003590665
8 0.3538859787450661 0.63016157989228 0.4216107886935828 0.63016157989228 0.4216107886935828 0.6481149012567327 0.3538859787450661 0.6481149012567327
8 0.5179517155217543 0.5834829443447038 0.5398907384628232 0.5834829443447038 0.5398907384628232 0.6014362657091562 0.5179517155217543 0.6014362657091562
8 0.6266929596644432 0.4937163375224417 0.6362316652909948 0.4937163375224417 0.6362316652909948 0.5152603231597845 0.6266929596644432 0.5152603231597845
8 0.44354981163465157 0.4829443447037702 0.45785787007447903 0.4829443447037702 0.45785787007447903 0.5008976660682226 0.44354981163465157 0.5008976660682226
8 0.5961691016594779 0.6552962298025135 0.6410010181042707 0.6552962298025135 0.6410010181042707 0.7145421903052064 0.5961691016594779 0.7145421903052064
8 0.4015795068778243 0.3608617594254937 0.4759814107649273 0.3608617594254937 0.4759814107649273 0.4488330341113106 0.4015795068778243 0.4488330341113106
