8 0.12296759426303445 0.19293478260869568 0.21048507126104993 0.19293478260869568 0.21048507126104993 0.20923913043478265 0.12296759426303445 0.20923913043478265
8 0.2481508208551326 0.125 0.34896209182753013 0.125 0.34896209182753013 0.1875 0.2481508208551326 0.1875
8 0.47636095074869206 0.12907608695652173 0.497409457874797 0.12907608695652173 0.497409457874797 0.14402173913043478 0.47636095074869206 0.14402173913043478
8 0.7311586685910156 0.12907608695652173 0.7533149918816526 0.12907608695652173 0.7533149918816526 0.14402173913043478 0.7311586685910156 0.14402173913043478
8 0.5915738318600036 0.0625 0.7012476321486558 0.0625 0.7012476321486558 0.08831521739130435 0.5915738318600036 0.08831521739130435
8 0.7776869475013529 0.19021739130434784 0.8818216669673461 0.19021739130434784 0.8818216669673461 0.23369565217391305 0.7776869475013529 0.23369565217391305
8 0.6115145228215767 0.26766304347826086 0.6846303896806781 0.26766304347826086 0.6846303896806781 0.3125 0.6115145228215767 0.3125
8 0.48522348006494675 0.4252717391304347 0.602651993505322 0.4252717391304347 0.602651993505322 0.4442934782608695 0.48522348006494675 0.4442934782608695
8 0.2570133501713873 0.7065217391304348 0.3312370331950207 0.7065217391304348 0.3312370331950207 0.78125 0.2570133501713873 0.78125
8 0.43758738499007754 0.6480978260869565 0.5173501488363702 0.6480978260869565 0.5173501488363702 0.6888586956521738 0.43758738499007754 0.6888586956521738
8 0.5926816480245354 0.9103260869565217 0.6968163674905287 0.9103260869565217 0.6968163674905287 0.9279891304347827 0.5926816480245354 0.9279891304347827
8 0.1163206972758434 0.907608695652174 0.14955518221179867 0.907608695652174 0.14955518221179867 0.9320652173913044 0.1163206972758434 0.9320652173913044
8 0.2603367986649828 0.8532608695652173 0.33677611401767993 0.8532608695652173 0.33677611401767993 0.8953804347826085 0.2603367986649828 0.8953804347826085
8 0.4364795688255457 0.8532608695652173 0.5129188841782428 0.8532608695652173 0.5129188841782428 0.8980978260869564 0.4364795688255457 0.8980978260869564
8 0.024371955619700524 0.23097826086956524 0.045420462745805516 0.23097826086956524 0.045420462745805516 0.2921195652173913 0.024371955619700524 0.2921195652173913
8 0.025479771784232365 0.7608695652173914 0.04874391123940105 0.7608695652173914 0.04874391123940105 0.8206521739130435 0.025479771784232365 0.8206521739130435
10 0.18943656413494497 0.14402173913043478 0.23707265920981418 0.14402173913043478 0.23707265920981418 0.16576086956521735 0.18943656413494497 0.16576086956521735
10 0.3556089888147213 0.14266304347826086 0.6192692359732995 0.14266304347826086 0.6192692359732995 0.16168478260869568 0.3556089888147213 0.16168478260869568
10 0.6735522280353599 0.1480978260869565 0.8109214324373083 0.1480978260869565 0.8109214324373083 0.16168478260869568 0.6735522280353599 0.16168478260869568
10 0.6414255592639365 0.19021739130434784 0.6547193532383186 0.19021739130434784 0.6547193532383186 0.23233695652173914 0.6414255592639365 0.23233695652173914
10 0.638102110770341 0.3505434782608695 0.6558271694028504 0.3505434782608695 0.6558271694028504 0.40625 0.638102110770341 0.40625
10 0.6369942946058091 0.45516304347826086 0.6547193532383186 0.45516304347826086 0.6547193532383186 0.84375 0.6369942946058091 0.84375
10 0.3179432392206386 0.6589673913043478 0.4154310616994407 0.6589673913043478 0.4154310616994407 0.6793478260869565 0.3179432392206386 0.6793478260869565
10 0.2891400189428107 0.21603260869565216 0.30575726141078835 0.21603260869565216 0.30575726141078835 0.6385869565217391 0.2891400189428107 0.6385869565217391
10 0.46971405376150094 0.7241847826086956 0.4819000315713512 0.7241847826086956 0.4819000315713512 0.8084239130434783 0.46971405376150094 0.8084239130434783
10 0.35339335648565756 0.8654891304347827 0.41653887786397253 0.8654891304347827 0.41653887786397253 0.8831521739130436 0.35339335648565756 0.8831521739130436
10 0.5361830236334115 0.8641304347826086 0.6281317652895545 0.8641304347826086 0.6281317652895545 0.8817934782608696 0.5361830236334115 0.8817934782608696
10 0.15177081454086233 0.862771739130435 0.23707265920981418 0.862771739130435 0.23707265920981418 0.8845108695652177 0.15177081454086233 0.8845108695652177
11 0.18943656413494497 0.13994565217391305 0.2049459904383908 0.13994565217391305 0.2049459904383908 0.1671195652173913 0.18943656413494497 0.1671195652173913
11 0.3611480696373805 0.14130434782608695 0.37444186361176257 0.14130434782608695 0.37444186361176257 0.16168478260869565 0.3611480696373805 0.16168478260869565
11 0.6403177430994046 0.1861413043478261 0.6536115370737867 0.1861413043478261 0.6536115370737867 0.21195652173913043 0.6403177430994046 0.21195652173913043
11 0.7909807414757352 0.14402173913043478 0.8120292486018402 0.14402173913043478 0.8120292486018402 0.16440217391304346 0.7909807414757352 0.16440217391304346
11 0.6369942946058091 0.3491847826086957 0.6569349855673823 0.3491847826086957 0.6569349855673823 0.3722826086956522 0.6369942946058091 0.3722826086956522
11 0.6358864784412772 0.45788043478260865 0.6569349855673824 0.45788043478260865 0.6569349855673824 0.4850543478260869 0.6358864784412772 0.4850543478260869
11 0.6081910743279813 0.860054347826087 0.6237005006314269 0.860054347826087 0.6237005006314269 0.8817934782608696 0.6081910743279813 0.8817934782608696
11 0.46417497293884175 0.7934782608695652 0.48743911239401044 0.7934782608695652 0.48743911239401044 0.8097826086956522 0.46417497293884175 0.8097826086956522
11 0.3954903707378676 0.654891304347826 0.4165388778639726 0.654891304347826 0.4165388778639726 0.6834239130434783 0.3954903707378676 0.6834239130434783
11 0.3965981869023994 0.860054347826087 0.4165388778639726 0.860054347826087 0.4165388778639726 0.8872282608695652 0.3965981869023994 0.8872282608695652
11 0.21491633591917733 0.860054347826087 0.23264139455168678 0.860054347826087 0.23264139455168678 0.8872282608695652 0.21491633591917733 0.8872282608695652
7 0.11078161645318418 0.8423913043478258 0.15620207919898965 0.8423913043478258 0.15620207919898965 0.900815217391304 0.11078161645318418 0.900815217391304
1 0.13736920440194839 0.12092391304347826 0.19165219646400866 0.12092391304347826 0.19165219646400866 0.1875 0.13736920440194839 0.1875
1 0.7998432707919898 0.11956521739130435 0.8585575275121775 0.11956521739130435 0.8585575275121775 0.19021739130434784 0.7998432707919898 0.19021739130434784
4 0.012185977809850262 0.0 0.05760644055565578 0.0 0.05760644055565578 0.5203804347826086 0.012185977809850262 0.5203804347826086
4 0.013293793974382103 0.5896739130434783 0.05760644055565578 0.5896739130434783 0.05760644055565578 0.9945652173913044 0.013293793974382103 0.9945652173913044
3 0.23042576222262312 0.08559782608695653 0.3600402534728487 0.08559782608695653 0.3600402534728487 0.22146739130434784 0.23042576222262312 0.22146739130434784
3 0.581603486379217 0.22418478260869568 0.7134336099585061 0.22418478260869568 0.7134336099585061 0.35461956521739135 0.581603486379217 0.35461956521739135
3 0.40878416471224965 0.6005434782608695 0.5417221044560707 0.6005434782608695 0.5417221044560707 0.7350543478260868 0.40878416471224965 0.7350543478260868
3 0.41099979704131334 0.8057065217391306 0.5417221044560707 0.8057065217391306 0.5417221044560707 0.9361413043478262 0.41099979704131334 0.9361413043478262
3 0.231533578387155 0.8043478260869565 0.36225588580191237 0.8043478260869565 0.36225588580191237 0.9375 0.231533578387155 0.9375
5 0.6104067066570449 0.11413043478260868 0.6835225735161464 0.11413043478260868 0.6835225735161464 0.19293478260869565 0.6104067066570449 0.19293478260869565
2 0.2714149603103013 0.6399456521739131 0.3201588715497023 0.6399456521739131 0.3201588715497023 0.6997282608695652 0.2714149603103013 0.6997282608695652
2 0.6214848683023632 0.404891304347826 0.6746600441998916 0.404891304347826 0.6746600441998916 0.46059782608695643 0.6214848683023632 0.46059782608695643
2 0.6170536036442359 0.8396739130434783 0.6768756765289554 0.8396739130434783 0.6768756765289554 0.9076086956521738 0.6170536036442359 0.9076086956521738
