8 0.22040423484119345 0.1258660338405249 0.3128007699711261 0.1258660338405249 0.3128007699711261 0.15694406688756804 0.22040423484119345 0.15694406688756804
8 0.37054860442733395 0.5500811849326643 0.45332050048123196 0.5500811849326643 0.45332050048123196 0.5796053163273553 0.37054860442733395 0.5796053163273553
8 0.5129932627526468 0.6215606609408636 0.5967276227141483 0.6215606609408636 0.5967276227141483 0.6868245303396543 0.5129932627526468 0.6868245303396543
8 0.6583253128007701 0.5718358080655945 0.7353224254090472 0.5718358080655945 0.7353224254090472 0.6308840708549767 0.6583253128007701 0.6308840708549767
8 0.5620789220404235 0.2921335106422059 0.6361886429258903 0.2921335106422059 0.6361886429258903 0.3558434783886445 0.5620789220404235 0.3558434783886445
8 0.6515880654475456 0.06060216444173419 0.7410972088546679 0.06060216444173419 0.7410972088546679 0.1507284602781594 0.6515880654475456 0.1507284602781594
8 0.7064485081809433 0.2765944941186843 0.7949951876804621 0.2765944941186843 0.7949951876804621 0.35895128169334883 0.7064485081809433 0.35895128169334883
8 0.8479307025986526 0.3744902982168703 0.9201154956689124 0.3744902982168703 0.9201154956689124 0.4350924626586046 0.8479307025986526 0.4350924626586046
8 0.8431183830606352 0.16005187019227235 0.9143407122232917 0.16005187019227235 0.9143407122232917 0.2191001329816544 0.8431183830606352 0.2191001329816544
8 0.41289701636188636 0.733441579910219 0.5043310875842155 0.733441579910219 0.5043310875842155 0.7847203344378403 0.41289701636188636 0.7847203344378403
8 0.5986525505293552 0.8484303021842788 0.6929740134744947 0.8484303021842788 0.6929740134744947 0.9105863682783651 0.5986525505293552 0.9105863682783651
8 0.37151106833493747 0.8872778434930828 0.4533205004812319 0.8872778434930828 0.4533205004812319 0.9416644013254084 0.37151106833493747 0.9416644013254084
8 0.21751684311838307 0.8002593509613619 0.3128007699711261 0.8002593509613619 0.3128007699711261 0.8701849253172091 0.21751684311838307 0.8701849253172091
8 0.08662175168431184 0.18336039497755474 0.10875842155919153 0.18336039497755474 0.10875842155919153 0.30456472386102323 0.08662175168431184 0.30456472386102323
8 0.08854667949951876 0.5034641353620996 0.10683349374398461 0.5034641353620996 0.10683349374398461 0.6681777105114284 0.08854667949951876 0.6681777105114284
8 0.08662175168431184 0.7536423013907971 0.10587102983638112 0.7536423013907971 0.10587102983638112 0.9168019748877738 0.08662175168431184 0.9168019748877738
8 0.04138594802694899 0.3185498387321926 0.061597690086621755 0.3185498387321926 0.061597690086621755 0.6619621039020198 0.04138594802694899 0.6619621039020198
10 0.17131857555341673 0.13363554210228568 0.2127045235803657 0.13363554210228568 0.2127045235803657 0.1553901652352159 0.17131857555341673 0.1553901652352159
10 0.2579403272377286 0.1973455098487242 0.273339749759384 0.1973455098487242 0.273339749759384 0.7847203344378402 0.2579403272377286 0.7847203344378402
10 0.40327237728585186 0.6184528576361593 0.42059672762271416 0.6184528576361593 0.42059672762271416 0.811136662527827 0.40327237728585186 0.811136662527827
10 0.31665062560153995 0.8235678757466441 0.3888354186717999 0.8235678757466441 0.3888354186717999 0.8468764005319267 0.31665062560153995 0.8468764005319267
10 0.4331087584215592 0.8266756790513486 0.7564966313763234 0.8266756790513486 0.7564966313763234 0.8406607939225181 0.4331087584215592 0.8406607939225181
10 0.7468719923002888 0.3698285932598139 0.7574590952839269 0.3698285932598139 0.7574590952839269 0.840660793922518 0.7468719923002888 0.840660793922518
10 0.46198267564966305 0.5531889882373686 0.5370548604427334 0.5531889882373686 0.5370548604427334 0.5780514146750033 0.46198267564966305 0.5780514146750033
10 0.5514918190567853 0.10721921401229897 0.5582290664100096 0.10721921401229897 0.5582290664100096 0.5298804634520863 0.5514918190567853 0.5298804634520863
10 0.5534167468719922 0.09789580409818605 0.6419634263715109 0.09789580409818605 0.6419634263715109 0.11965042723111628 0.5534167468719922 0.11965042723111628
10 0.7478344562078922 0.09944970575053817 0.8633301251203079 0.09944970575053817 0.8633301251203079 0.12275823053582056 0.7478344562078922 0.12275823053582056
10 0.8055822906641 0.30767252716572746 0.8681424446583254 0.30767252716572746 0.8681424446583254 0.33564275690806633 0.8055822906641 0.33564275690806633
10 0.7247353224254091 0.3682746916074617 0.739172281039461 0.3682746916074617 0.739172281039461 0.5702819064132423 0.7247353224254091 0.5702819064132423
10 0.5736284889316651 0.5547428898897208 0.7314725697786332 0.5547428898897208 0.7314725697786332 0.5702819064132423 0.5736284889316651 0.5702819064132423
11 0.25409047160731474 0.7505344980860928 0.27718960538979787 0.7505344980860928 0.27718960538979787 0.783166432785488 0.25409047160731474 0.783166432785488
11 0.40230991337824834 0.6122372510267506 0.4215591915303176 0.6122372510267506 0.4215591915303176 0.6433152840737939 0.40230991337824834 0.6433152840737939
11 0.5178055822906641 0.5500811849326643 0.5332050048123196 0.5500811849326643 0.5332050048123196 0.576497513022651 0.5178055822906641 0.576497513022651
11 0.3734359961501444 0.8189061707895878 0.3917228103946102 0.8189061707895878 0.3917228103946102 0.849984203836631 0.3734359961501444 0.849984203836631
11 0.7237728585178056 0.37293639656451816 0.7353224254090472 0.37293639656451816 0.7353224254090472 0.39779882300215275 0.7237728585178056 0.39779882300215275
11 0.7439846005774784 0.3744902982168703 0.7603464870067371 0.3744902982168703 0.7603464870067371 0.39624492134980055 0.7439846005774784 0.39624492134980055
11 0.8508180943214628 0.3045647238610232 0.8642925890279115 0.3045647238610232 0.8642925890279115 0.33875056021277067 0.8508180943214628 0.33875056021277067
11 0.8479307025986526 0.09478800079348168 0.8652550529355151 0.09478800079348168 0.8652550529355151 0.12275823053582056 0.8479307025986526 0.12275823053582056
11 0.629451395572666 0.09323409914112954 0.6448508180943215 0.09323409914112954 0.6448508180943215 0.12741993549287703 0.629451395572666 0.12741993549287703
11 0.19634263715110684 0.12741993549287703 0.21462945139557263 0.12741993549287703 0.21462945139557263 0.16315967349697671 0.19634263715110684 0.16315967349697671
7 0.13282001924927817 0.11188091896935543 0.17516843118383063 0.11188091896935543 0.17516843118383063 0.175590886715794 0.13282001924927817 0.175590886715794
1 0.8556304138594804 0.0761411809652558 0.8979788257940329 0.0761411809652558 0.8979788257940329 0.14295895201639866 0.8556304138594804 0.14295895201639866
1 0.8604427333974974 0.2874718056851494 0.9027911453320501 0.2874718056851494 0.9027911453320501 0.35584347838864444 0.8604427333974974 0.35584347838864444
4 0.07603464870067371 0.023308524785282385 0.1174205967276227 0.023308524785282385 0.1174205967276227 0.46927829901035206 0.07603464870067371 0.46927829901035206
4 0.0741097208854668 0.4444158725727175 0.11645813282001924 0.4444158725727175 0.11645813282001924 0.724118169996106 0.0741097208854668 0.724118169996106
4 0.07507218479307026 0.703917448515528 0.11742059672762273 0.703917448515528 0.11742059672762273 0.9572034178489298 0.07507218479307026 0.9572034178489298
3 0.20981713185755535 0.08235678757466443 0.3205004812319538 0.08235678757466443 0.3205004812319538 0.20356111645813282 0.20981713185755535 0.20356111645813282
3 0.20789220404234837 0.773843022871375 0.32338787295476407 0.773843022871375 0.32338787295476407 0.8997090567119 0.20789220404234837 0.8997090567119
3 0.35514918190567857 0.4988024304050431 0.4696823869104908 0.4988024304050431 0.4696823869104908 0.6231145625932157 0.35514918190567857 0.6231145625932157
3 0.6410009624639076 0.049724852875269086 0.7526467757459094 0.049724852875269086 0.7526467757459094 0.17714478836814615 0.6410009624639076 0.17714478836814615
3 0.6948989412897016 0.2532859693334019 0.8113570741097208 0.2532859693334019 0.8113570741097208 0.3853676097833355 0.6948989412897016 0.3853676097833355
5 0.5283926852743022 0.5236648568426776 0.5832531280076997 0.5236648568426776 0.5832531280076997 0.6044677427649899 0.5283926852743022 0.6044677427649899
5 0.3869104908565929 0.7955976460043054 0.43792107795957674 0.7955976460043054 0.43792107795957674 0.8764005319266177 0.3869104908565929 0.8764005319266177
