10 0.07321261145325857 0.1416490486257928 0.11559886018935563 0.1416490486257928 0.11559886018935563 0.15010570824524314 0.07321261145325857 0.15010570824524314
10 0.10981891717988784 0.13530655391120508 0.11656218402426692 0.13530655391120508 0.11656218402426692 0.19873150105708248 0.10981891717988784 0.19873150105708248
10 0.07610258295799245 0.2832980972515856 0.11656218402426691 0.2832980972515856 0.11656218402426691 0.29809725158562367 0.07610258295799245 0.29809725158562367
10 0.10596562184024265 0.2558139534883721 0.11656218402426692 0.2558139534883721 0.11656218402426692 0.2938689217758985 0.10596562184024265 0.2938689217758985
10 0.12426877470355728 0.2135306553911205 0.14835187057633972 0.2135306553911205 0.14835187057633972 0.23678646934460884 0.12426877470355728 0.23678646934460884
10 0.17436161411894474 0.1543340380549683 0.18592150013788034 0.1543340380549683 0.18592150013788034 0.19027484143763213 0.17436161411894474 0.19027484143763213
10 0.17339829028403345 0.26215644820295986 0.1868848239727916 0.26215644820295986 0.1868848239727916 0.5306553911205074 0.17339829028403345 0.5306553911205074
10 0.2090412721757514 0.5496828752642706 0.23986763489291296 0.5496828752642706 0.23986763489291296 0.5687103594080338 0.2090412721757514 0.5687103594080338
10 0.25624414008640495 0.547568710359408 0.28707050280356644 0.547568710359408 0.28707050280356644 0.5687103594080338 0.25624414008640495 0.5687103594080338
10 0.24372093023255814 0.587737843551797 0.25720746392131627 0.587737843551797 0.25720746392131627 0.9175475687103594 0.24372093023255814 0.9175475687103594
10 0.24468425406746938 0.8985200845665962 0.921900910010111 0.8985200845665962 0.921900910010111 0.9112050739957716 0.24468425406746938 0.9112050739957716
10 0.9132309954959095 0.587737843551797 0.9228642338450225 0.587737843551797 0.9228642338450225 0.8054968287526427 0.9132309954959095 0.8054968287526427
10 0.9161209670006433 0.8477801268498943 0.9209375861751997 0.8477801268498943 0.9209375861751997 0.909090909090909 0.9161209670006433 0.909090909090909
10 0.92864417685449 0.813953488372093 0.9845169592793453 0.813953488372093 0.9845169592793453 0.8456659619450319 0.92864417685449 0.8456659619450319
10 0.31211692251126016 0.5961945031712473 0.3256034562000183 0.5961945031712473 0.3256034562000183 0.8414376321353065 0.31211692251126016 0.8414376321353065
10 0.2389043110580016 0.7209302325581395 0.8371284125379169 0.7209302325581395 0.8371284125379169 0.7399577167019028 0.2389043110580016 0.7399577167019028
10 0.3101902748414376 0.8097251585623678 0.48840518430002755 0.8097251585623678 0.48840518430002755 0.8372093023255814 0.3101902748414376 0.8372093023255814
10 0.49033183196985003 0.5940803382663847 0.5009283941538744 0.5940803382663847 0.5009283941538744 0.8097251585623678 0.49033183196985003 0.8097251585623678
10 0.5076716609982534 0.813953488372093 0.5568011765787296 0.813953488372093 0.5568011765787296 0.8456659619450317 0.5076716609982534 0.8456659619450317
10 0.3150068940159941 0.1014799154334038 0.32175016086037317 0.1014799154334038 0.32175016086037317 0.5264270613107821 0.3150068940159941 0.5264270613107821
10 0.31211692251126016 0.09090909090909091 0.3824395624597848 0.09090909090909091 0.3824395624597848 0.11416490486257927 0.31211692251126016 0.11416490486257927
10 0.4026693629929221 0.14376321353065538 0.41519257284676897 0.14376321353065538 0.41519257284676897 0.21353065539112054 0.4026693629929221 0.21353065539112054
10 0.4200091920213254 0.2135306553911205 0.46721205993197895 0.2135306553911205 0.46721205993197895 0.24101479915433402 0.4200091920213254 0.24101479915433402
10 0.40748598216747856 0.24524312896405917 0.41422924901185765 0.24524312896405917 0.41422924901185765 0.5264270613107822 0.40748598216747856 0.5264270613107822
10 0.48840518430002755 0.26004228329809725 0.5009283941538744 0.26004228329809725 0.5009283941538744 0.5306553911205074 0.48840518430002755 0.5306553911205074
10 0.5885908631308023 0.20507399577167018 0.6415736740509237 0.20507399577167018 0.6415736740509237 0.23044397463002111 0.5885908631308023 0.23044397463002111
10 0.5828109201213346 0.20507399577167018 0.5924441584704476 0.20507399577167018 0.5924441584704476 0.5539112050739959 0.5828109201213346 0.5539112050739959
10 0.5962974538100928 0.5496828752642706 0.6406103502160124 0.5496828752642706 0.6406103502160124 0.5708245243128964 0.5962974538100928 0.5708245243128964
10 0.5847375677911572 0.5835095137420718 0.5905175108006249 0.5835095137420718 0.5905175108006249 0.7991543340380549 0.5847375677911572 0.7991543340380549
10 0.6964831326408675 0.5517970401691332 0.730199466862763 0.5517970401691332 0.730199466862763 0.5687103594080338 0.6964831326408675 0.5687103594080338
10 0.694556484971045 0.20718816067653276 0.7359794098722308 0.20718816067653276 0.7359794098722308 0.22832980972515854 0.694556484971045 0.22832980972515854
10 0.6608401507491497 0.13953488372093023 0.6724000367680852 0.13953488372093023 0.6724000367680852 0.18181818181818182 0.6608401507491497 0.18181818181818182
10 0.756209210405368 0.20930232558139536 0.8043754021509328 0.20930232558139536 0.8043754021509328 0.23044397463002111 0.756209210405368 0.23044397463002111
10 0.8255685265189814 0.25158562367864695 0.8352017648680944 0.25158562367864695 0.8352017648680944 0.5454545454545453 0.8255685265189814 0.5454545454545453
10 0.8380917363728283 0.5517970401691332 0.8930011949627723 0.5517970401691332 0.8930011949627723 0.5708245243128965 0.8380917363728283 0.5708245243128965
10 0.8255685265189814 0.5750528541226215 0.8361650887030055 0.5750528541226215 0.8361650887030055 0.7293868921775899 0.8255685265189814 0.7293868921775899
10 0.749465943560989 0.5517970401691332 0.82460520268407 0.5517970401691332 0.82460520268407 0.5665961945031712 0.749465943560989 0.5665961945031712
11 0.10500229800533135 0.18816067653276958 0.11848883169408951 0.18816067653276958 0.11848883169408951 0.2050739957716702 0.10500229800533135 0.2050739957716702
11 0.10403897417042005 0.2536997885835095 0.11848883169408951 0.2536997885835095 0.11848883169408951 0.266384778012685 0.10403897417042005 0.266384778012685
11 0.14160860373196063 0.21141649048625794 0.14835187057633972 0.21141649048625794 0.14835187057633972 0.23467230443974627 0.14160860373196063 0.23467230443974627
11 0.16954499494438824 0.5031712473572939 0.19073811931243678 0.5031712473572939 0.19073811931243678 0.5306553911205074 0.16954499494438824 0.5306553911205074
11 0.23119772037871125 0.547568710359408 0.24468425406746938 0.547568710359408 0.24468425406746938 0.5750528541226215 0.23119772037871125 0.5750528541226215
11 0.3101902748414376 0.5010570824524313 0.32753010386984094 0.5010570824524313 0.32753010386984094 0.5264270613107822 0.3101902748414376 0.5264270613107822
11 0.2755106167846309 0.5369978858350951 0.28707050280356644 0.5369978858350951 0.28707050280356644 0.5792811839323468 0.2755106167846309 0.5792811839323468
11 0.2398676348929129 0.5750528541226215 0.25817078775622754 0.5750528541226215 0.25817078775622754 0.6025369978858351 0.2398676348929129 0.6025369978858351
11 0.3073003033367037 0.587737843551797 0.32753010386984094 0.587737843551797 0.32753010386984094 0.6173361522198731 0.3073003033367037 0.6173361522198731
11 0.3689530287710267 0.5433403805496829 0.38147623862487356 0.5433403805496829 0.38147623862487356 0.5687103594080338 0.3689530287710267 0.5687103594080338
10 0.34583325673315557 0.5496828752642706 0.3824395624597848 0.5496828752642706 0.3824395624597848 0.572938689217759 0.34583325673315557 0.572938689217759
11 0.48358856512547105 0.49682875264270615 0.5086349848331646 0.49682875264270615 0.5086349848331646 0.5264270613107822 0.48358856512547105 0.5264270613107822
11 0.45661549774795473 0.21141649048625794 0.47395532677635804 0.21141649048625794 0.47395532677635804 0.23890063424947144 0.45661549774795473 0.23890063424947144
11 0.4017060391580108 0.13742071881606766 0.4190458681864141 0.13742071881606766 0.4190458681864141 0.15644820295983086 0.4017060391580108 0.15644820295983086
11 0.4017060391580108 0.24312896405919662 0.4200091920213254 0.24312896405919662 0.4200091920213254 0.27061310782241016 0.4017060391580108 0.27061310782241016
11 0.4864785366302049 0.7864693446088795 0.5057450133284308 0.7864693446088795 0.5057450133284308 0.8181818181818183 0.4864785366302049 0.8181818181818183
11 0.5471679382296166 0.8118393234672304 0.5596911480834633 0.8118393234672304 0.5596911480834633 0.8393234672304439 0.5471679382296166 0.8393234672304439
11 0.6290504641970769 0.5433403805496829 0.6415736740509237 0.5433403805496829 0.6415736740509237 0.572938689217759 0.6290504641970769 0.572938689217759
11 0.6271238165272542 0.20084566596194503 0.6425369978858348 0.20084566596194503 0.6425369978858348 0.23255813953488372 0.6271238165272542 0.23255813953488372
11 0.7215295523485614 0.19661733615221988 0.7388693813769646 0.19661733615221988 0.7388693813769646 0.22410147991543342 0.7215295523485614 0.22410147991543342
11 0.7928155161319972 0.20084566596194503 0.8072653736556666 0.20084566596194503 0.8072653736556666 0.23255813953488372 0.7928155161319972 0.23255813953488372
11 0.8236418788491587 0.5095137420718816 0.8361650887030055 0.5095137420718816 0.8361650887030055 0.5517970401691332 0.8236418788491587 0.5517970401691332
11 0.879514661274014 0.5412262156448203 0.895891166467506 0.5412262156448203 0.895891166467506 0.5835095137420718 0.879514661274014 0.5835095137420718
11 0.808228697490578 0.5348837209302325 0.8284584980237153 0.5348837209302325 0.8284584980237153 0.5708245243128964 0.808228697490578 0.5708245243128964
11 0.7196029046787388 0.5412262156448203 0.7311627906976743 0.5412262156448203 0.7311627906976743 0.5750528541226215 0.7196029046787388 0.5750528541226215
7 0.041422924901185765 0.10993657505285412 0.07899255446272634 0.10993657505285412 0.07899255446272634 0.17758985200845667 0.041422924901185765 0.17758985200845667
7 0.04816619174556484 0.24735729386892177 0.07706590679290376 0.24735729386892177 0.07706590679290376 0.3276955602536998 0.04816619174556484 0.3276955602536998
4 0.009633238349112968 0.06131078224101479 0.026973067377516317 0.06131078224101479 0.026973067377516317 0.37420718816067655 0.009633238349112968 0.37420718816067655
4 0.009633238349112968 0.40803382663847787 0.0298630388822502 0.40803382663847787 0.0298630388822502 0.6680761099365752 0.009633238349112968 0.6680761099365752
4 0.007706590679290375 0.6765327695560254 0.02889971504733891 0.6765327695560254 0.02889971504733891 0.9619450317124736 0.007706590679290375 0.9619450317124736
3 0.14546189907160584 0.17547568710359407 0.2128945675153966 0.17547568710359407 0.2128945675153966 0.26849894291754756 0.14546189907160584 0.26849894291754756
3 0.14835187057633972 0.5158562367864693 0.2119312436804853 0.5158562367864693 0.2119312436804853 0.6004228329809725 0.14835187057633972 0.6004228329809725
3 0.2841805312988326 0.5095137420718816 0.34775990440297816 0.5095137420718816 0.34775990440297816 0.6131078224101479 0.2841805312988326 0.6131078224101479
3 0.3843662101296074 0.5116279069767442 0.4421656402242853 0.5116279069767442 0.4421656402242853 0.6004228329809725 0.3843662101296074 0.6004228329809725
3 0.4633587645923337 0.5137420718816068 0.5307914330361245 0.5137420718816068 0.5307914330361245 0.6004228329809725 0.4633587645923337 0.6004228329809725
3 0.4633587645923337 0.1733615221987315 0.5317547568710359 0.1733615221987315 0.5317547568710359 0.27484143763213525 0.4633587645923337 0.27484143763213525
3 0.379549590955051 0.05496828752642706 0.4440922878941079 0.05496828752642706 0.4440922878941079 0.1522198731501057 0.379549590955051 0.1522198731501057
3 0.6329037595367221 0.17124735729386892 0.7012997518154243 0.17124735729386892 0.7012997518154243 0.2684989429175475 0.6329037595367221 0.2684989429175475
3 0.79474216380182 0.1733615221987315 0.8641014799154332 0.1733615221987315 0.8641014799154332 0.26215644820295986 0.79474216380182 0.26215644820295986
3 0.6348304072065446 0.5137420718816068 0.6993731041456015 0.5137420718816068 0.6993731041456015 0.6088794926004228 0.6348304072065446 0.6088794926004228
3 0.8843312804485706 0.5116279069767442 0.9536905965621839 0.5116279069767442 0.9536905965621839 0.6004228329809725 0.8843312804485706 0.6004228329809725
5 0.2408309587278242 0.5264270613107822 0.25720746392131627 0.5264270613107822 0.25720746392131627 0.5835095137420719 0.2408309587278242 0.5835095137420719
5 0.395926096148543 0.20507399577167018 0.4190458681864141 0.20507399577167018 0.4190458681864141 0.24101479915433405 0.395926096148543 0.24101479915433405
5 0.4806985936207372 0.7906976744186046 0.5067083371633422 0.7906976744186046 0.5067083371633422 0.8562367864693446 0.4806985936207372 0.8562367864693446
5 0.5760676532769555 0.5137420718816068 0.600150749149738 0.5137420718816068 0.600150749149738 0.5898520084566596 0.5760676532769555 0.5898520084566596
5 0.8949278426325948 0.7928118393234672 0.9392407390385145 0.7928118393234672 0.9392407390385145 0.8668076109936576 0.8949278426325948 0.8668076109936576
0 0.15702178509054138 0.0507399577167019 0.19748138615681585 0.0507399577167019 0.19748138615681585 0.17547568710359407 0.15702178509054138 0.17547568710359407
0 0.6444636455556576 0.03171247357293869 0.6945564849710449 0.03171247357293869 0.6945564849710449 0.16279069767441864 0.6444636455556576 0.16279069767441864
0 0.8978178141373285 0.39323467230443976 0.9787370162698775 0.39323467230443976 0.9787370162698775 0.5158562367864693 0.8978178141373285 0.5158562367864693
3 0.5529478812390844 0.7864693446088795 0.6194172258479638 0.7864693446088795 0.6194172258479638 0.8731501057082454 0.5529478812390844 0.8731501057082454
8 0.03622497616777884 0.18201631506560229 0.09056244041944711 0.18201631506560229 0.09056244041944711 0.2405962785349915 0.03622497616777884 0.2405962785349915
8 0.02955195424213537 0.32846622373907536 0.09532888465204957 0.32846622373907536 0.09532888465204957 0.37867762099855184 0.02955195424213537 0.37867762099855184
8 0.012392755004766444 0.11715992693877847 0.023832221163012392 0.11715992693877847 0.023832221163012392 0.3180055159766844 0.012392755004766444 0.3180055159766844
8 0.011439466158245941 0.4749161324125485 0.023832221163012385 0.4749161324125485 0.023832221163012385 0.6171817579810651 0.011439466158245941 0.6171817579810651
8 0.011439466158245948 0.7531709588921474 0.02383222116301239 0.7531709588921474 0.02383222116301239 0.8640544611734913 0.011439466158245948 0.8640544611734913
5 0.09723546234509056 0.20712201369534053 0.12297426120114392 0.20712201369534053 0.12297426120114392 0.24896484474490427 0.09723546234509056 0.24896484474490427
8 0.15061963775023834 0.20084558903790595 0.20686367969494762 0.20084558903790595 0.20686367969494762 0.2552412694023388 0.15061963775023834 0.2552412694023388
8 0.1563393708293613 0.05439568036443287 0.19161105815061963 0.05439568036443287 0.19161105815061963 0.08786994520408385 0.1563393708293613 0.08786994520408385
8 0.1553860819828408 0.5355882374344159 0.21067683508102955 0.5355882374344159 0.21067683508102955 0.5878917762463706 0.1553860819828408 0.5878917762463706
8 0.2840800762631077 0.5355882374344159 0.34985700667302194 0.5355882374344159 0.34985700667302194 0.5837074931414141 0.2840800762631077 0.5837074931414141
8 0.33079122974261194 0.1757398904081677 0.39180171591992374 0.1757398904081677 0.39180171591992374 0.26988626026968615 0.33079122974261194 0.26988626026968615
8 0.4146806482364156 0.1652791826457768 0.4337464251668255 0.1652791826457768 0.4337464251668255 0.1799241735131241 0.4146806482364156 0.1799241735131241
8 0.43374642516682554 0.20293773059038414 0.44709246901811256 0.20293773059038414 0.44709246901811256 0.24478056163994785 0.43374642516682554 0.24478056163994785
8 0.3794089609151574 0.07113281278425834 0.4461391801715921 0.07113281278425834 0.4461391801715921 0.13598920091108213 0.3794089609151574 0.13598920091108213
8 0.46711153479504286 0.1757398904081677 0.5262154432793136 0.1757398904081677 0.5262154432793136 0.2698862602696861 0.46711153479504286 0.2698862602696861
8 0.3898951382268827 0.514666821909634 0.4356530028598665 0.514666821909634 0.4356530028598665 0.604628908666196 0.3898951382268827 0.604628908666196
8 0.46901811248808384 0.5230353881195468 0.525262154432793 0.5230353881195468 0.525262154432793 0.5983524840087616 0.46901811248808384 0.5983524840087616
8 0.44232602478551003 0.8201194885714493 0.45853193517635843 0.8201194885714493 0.45853193517635843 0.8410409040962313 0.44232602478551003 0.8410409040962313
8 0.5243088655862727 0.8201194885714493 0.5414680648236415 0.8201194885714493 0.5414680648236415 0.8535937534111004 0.5243088655862727 0.8535937534111004
8 0.4642516682554813 0.8619623196210131 0.5233555767397522 0.8619623196210131 0.5233555767397522 0.8933444429081859 0.4642516682554813 0.8933444429081859
8 0.55767397521449 0.7866452237317983 0.6158245948522404 0.7866452237317983 0.6158245948522404 0.8682387442784476 0.55767397521449 0.8682387442784476
8 0.7273593898951383 0.2552412694023388 0.765490943755958 0.2552412694023388 0.765490943755958 0.3221897990816408 0.7273593898951383 0.3221897990816408
9 0.7264061010486177 0.5251275296720249 0.7540514775977122 0.5251275296720249 0.7540514775977122 0.5899839177988487 0.7264061010486177 0.5899839177988487
9 0.7330791229742613 0.18410845661808048 0.7597712106768352 0.18410845661808048 0.7597712106768352 0.24478056163994785 0.7330791229742613 0.24478056163994785
8 0.6358436606291705 0.18829273972303684 0.6968541468064822 0.18829273972303684 0.6968541468064822 0.2594255525072953 0.6358436606291705 0.2594255525072953
8 0.6453765490943756 0.03347426483965099 0.6882745471877979 0.03347426483965099 0.6882745471877979 0.08996208675656203 0.6453765490943756 0.08996208675656203
8 0.8026692087702574 0.18410845661808048 0.8646329837940897 0.18410845661808048 0.8646329837940897 0.25314912784986066 0.8026692087702574 0.25314912784986066
8 0.7235462345090562 0.5920760593513269 0.7578646329837943 0.5920760593513269 0.7578646329837943 0.6611167305831072 0.7235462345090562 0.6611167305831072
8 0.7836034318398475 0.48328469862246126 0.8160152526215442 0.48328469862246126 0.8160152526215442 0.5627860776166325 0.7836034318398475 0.5627860776166325
8 0.8551000953288846 0.5502332283017632 0.8693994280266921 0.5502332283017632 0.8693994280266921 0.581615351588936 0.8551000953288846 0.581615351588936
8 0.8188751191611058 0.6339188904008907 0.8427073403241182 0.6339188904008907 0.8427073403241182 0.6506560228207162 0.8188751191611058 0.6506560228207162
8 0.9494756911344139 0.8159352054664929 0.9675881792183032 0.8159352054664929 0.9675881792183032 0.8515016118586222 0.9494756911344139 0.8515016118586222
8 0.8903717826501429 0.5251275296720249 0.9456625357483318 0.5251275296720249 0.9456625357483318 0.604628908666196 0.8903717826501429 0.604628908666196
8 0.9313632030505244 0.4226125936005938 0.9733079122974263 0.4226125936005938 0.9733079122974263 0.4686397077551139 0.9313632030505244 0.4686397077551139
