8 0.21876069839096204 0.04076086956521739 0.7895893957548784 0.04076086956521739 0.7895893957548784 0.08423913043478262 0.21876069839096204 0.08423913043478262
8 0.26661460116398494 0.18885869565217392 0.7690805802807259 0.18885869565217392 0.7690805802807259 0.22146739130434787 0.26661460116398494 0.22146739130434787
8 0.20508815474152692 0.33288043478260865 0.7998438034919548 0.33288043478260865 0.7998438034919548 0.391304347826087 0.20508815474152692 0.391304347826087
8 0.26319646525162615 0.5081521739130435 0.7485717648065733 0.5081521739130435 0.7485717648065733 0.5380434782608695 0.26319646525162615 0.5380434782608695
8 0.15723425196850396 0.6467391304347827 0.8647883858267716 0.6467391304347827 0.8647883858267716 0.6847826086956522 0.15723425196850396 0.6847826086956522
8 0.20508815474152692 0.794836956521739 0.7930075316672375 0.794836956521739 0.7930075316672375 0.8220108695652173 0.20508815474152692 0.8220108695652173
8 0.41017630948305384 0.9375 0.6015919205751455 0.9375 0.6015919205751455 0.9592391304347827 0.41017630948305384 0.9592391304347827
10 0.48537529955494696 0.09782608695652174 0.529811066415611 0.09782608695652174 0.529811066415611 0.16847826086956524 0.48537529955494696 0.16847826086956524
10 0.47853902773022944 0.23777173913043476 0.5229747945908936 0.23777173913043476 0.5229747945908936 0.31657608695652173 0.47853902773022944 0.31657608695652173
10 0.47853902773022944 0.41032608695652173 0.5332292023279699 0.41032608695652173 0.5332292023279699 0.49184782608695654 0.47853902773022944 0.49184782608695654
10 0.4751208918178706 0.5557065217391305 0.5332292023279699 0.5557065217391305 0.5332292023279699 0.6399456521739131 0.4751208918178706 0.6399456521739131
10 0.48537529955494696 0.6997282608695652 0.529811066415611 0.6997282608695652 0.529811066415611 0.7771739130434783 0.48537529955494696 0.7771739130434783
10 0.47170275590551186 0.8410326086956522 0.5366473382403287 0.8410326086956522 0.5366473382403287 0.9184782608695652 0.47170275590551186 0.9184782608695652
11 0.4682846199931531 0.15081521739130435 0.5400654741526875 0.15081521739130435 0.5400654741526875 0.16983695652173914 0.4682846199931531 0.16983695652173914
11 0.4682846199931531 0.2921195652173913 0.5400654741526875 0.2921195652173913 0.5400654741526875 0.3138586956521739 0.4682846199931531 0.3138586956521739
11 0.47170275590551186 0.47146739130434784 0.5400654741526875 0.47146739130434784 0.5400654741526875 0.49184782608695654 0.47170275590551186 0.49184782608695654
11 0.4682846199931531 0.6073369565217391 0.5366473382403287 0.6073369565217391 0.5366473382403287 0.6317934782608695 0.4682846199931531 0.6317934782608695
11 0.4819571636425881 0.7567934782608695 0.5366473382403287 0.7567934782608695 0.5366473382403287 0.7758152173913043 0.4819571636425881 0.7758152173913043
11 0.46486648408079423 0.8994565217391305 0.546901745977405 0.8994565217391305 0.546901745977405 0.919836956521739 0.46486648408079423 0.919836956521739
3 0.11621662102019854 0.021739130434782608 0.8989697449503594 0.021739130434782608 0.8989697449503594 0.10326086956521738 0.11621662102019854 0.10326086956521738
3 0.1503979801437864 0.1644021739130435 0.8545339780896953 0.1644021739130435 0.8545339780896953 0.24864130434782608 0.1503979801437864 0.24864130434782608
3 0.05127203868538173 0.30570652173913043 0.9639143272851763 0.30570652173913043 0.9639143272851763 0.42527173913043476 0.05127203868538173 0.42527173913043476
3 0.16065238788086272 0.48233695652173914 0.8511158421773366 0.48233695652173914 0.8511158421773366 0.563858695652174 0.16065238788086272 0.563858695652174
3 0.04785390277302295 0.6222826086956522 0.9604961913728176 0.6222826086956522 0.9604961913728176 0.7038043478260869 0.04785390277302295 0.7038043478260869
3 0.11621662102019843 0.769021739130434 0.8955516090380002 0.769021739130434 0.8955516090380002 0.8505434782608694 0.11621662102019843 0.8505434782608694
3 0.3007959602875728 0.9103260869565217 0.7075541338582678 0.9103260869565217 0.7075541338582678 0.9918478260869565 0.3007959602875728 0.9918478260869565
