8 0.11598824312333626 0.09918478260869562 0.2961401952085179 0.09918478260869562 0.2961401952085179 0.15896739130434764 0.11598824312333626 0.15896739130434764
8 0.4244676131322094 0.15081521739130432 0.6120230700976041 0.15081521739130432 0.6120230700976041 0.24592391304347824 0.4244676131322094 0.24592391304347824
8 0.2467834960070984 0.17934782608695649 0.2936723602484472 0.17934782608695649 0.2936723602484472 0.19972826086956522 0.2467834960070984 0.19972826086956522
8 0.09871339840283938 0.23777173913043476 0.2961401952085182 0.23777173913043476 0.2961401952085182 0.26902173913043476 0.09871339840283938 0.26902173913043476
8 0.09871339840283938 0.29076086956521735 0.30107586512866014 0.29076086956521735 0.30107586512866014 0.3165760869565217 0.09871339840283938 0.3165760869565217
8 0.11352040816326528 0.35869565217391314 0.28380102040816324 0.35869565217391314 0.28380102040816324 0.4157608695652173 0.11352040816326528 0.4157608695652173
8 0.28380102040816324 0.4823369565217391 0.32822204968944096 0.4823369565217391 0.32822204968944096 0.49456521739130427 0.28380102040816324 0.49456521739130427
8 0.11352040816326528 0.5163043478260869 0.28380102040816324 0.5163043478260869 0.28380102040816324 0.561141304347826 0.11352040816326528 0.561141304347826
8 0.28380102040816324 0.6005434782608695 0.33068988464951193 0.6005434782608695 0.33068988464951193 0.6114130434782608 0.28380102040816324 0.6114130434782608
8 0.41706410825199647 0.5896739130434782 0.6243622448979592 0.5896739130434782 0.6243622448979592 0.6317934782608696 0.41706410825199647 0.6317934782608696
8 0.06663154392191659 0.6331521739130433 0.328222049689441 0.6331521739130433 0.328222049689441 0.684782608695652 0.06663154392191659 0.684782608695652
8 0.2862688553682342 0.7812499999999999 0.32822204968944096 0.7812499999999999 0.32822204968944096 0.7948369565217391 0.2862688553682342 0.7948369565217391
8 0.10858473824312334 0.6970108695652173 0.29860803016858917 0.6970108695652173 0.29860803016858917 0.7377717391304346 0.10858473824312334 0.7377717391304346
8 0.4145962732919255 0.7703804347826086 0.6218944099378882 0.7703804347826086 0.6218944099378882 0.8152173913043477 0.4145962732919255 0.8152173913043477
8 0.08884205856255545 0.8152173913043477 0.3084793700088731 0.8152173913043477 0.3084793700088731 0.8328804347826085 0.08884205856255545 0.8328804347826085
8 0.1110525732031943 0.8519021739130433 0.28873669032830523 0.8519021739130433 0.28873669032830523 0.8940217391304346 0.1110525732031943 0.8940217391304346
10 0.19002329192546583 0.05842391304347824 0.20976597160603372 0.05842391304347824 0.20976597160603372 0.0964673913043478 0.19002329192546583 0.0964673913043478
10 0.2443156610470275 0.202445652173913 0.4071927684117125 0.202445652173913 0.4071927684117125 0.21874999999999994 0.2443156610470275 0.21874999999999994
10 0.18755545696539483 0.16304347826086954 0.21716947648624663 0.16304347826086954 0.21716947648624663 0.18614130434782605 0.18755545696539483 0.18614130434782605
10 0.6342335847382431 0.19429347826086954 0.7600931677018633 0.19429347826086954 0.7600931677018633 0.20652173913043478 0.6342335847382431 0.20652173913043478
10 0.19002329192546583 0.23097826086956522 0.21470164152617566 0.23097826086956522 0.21470164152617566 0.29211956521739124 0.19002329192546583 0.29211956521739124
10 0.19002329192546583 0.3179347826086957 0.2122338065661047 0.3179347826086957 0.2122338065661047 0.358695652173913 0.19002329192546583 0.358695652173913
10 0.19002329192546583 0.41711956521739124 0.2122338065661047 0.41711956521739124 0.2122338065661047 0.46331521739130427 0.19002329192546583 0.46331521739130427
10 0.2443156610470275 0.4823369565217391 0.39732142857142855 0.4823369565217391 0.39732142857142855 0.4972826086956521 0.2443156610470275 0.4972826086956521
10 0.18508762200532383 0.5122282608695652 0.2122338065661047 0.5122282608695652 0.2122338065661047 0.5788043478260869 0.18508762200532383 0.5788043478260869
10 0.2467834960070984 0.6019021739130433 0.39978926353149946 0.6019021739130433 0.39978926353149946 0.6114130434782608 0.2467834960070984 0.6114130434782608
10 0.6144909050576752 0.6019021739130433 0.6909937888198757 0.6019021739130433 0.6909937888198757 0.6114130434782608 0.6144909050576752 0.6114130434782608
10 0.18508762200532383 0.6290760869565216 0.21716947648624663 0.6290760869565216 0.21716947648624663 0.6970108695652173 0.18508762200532383 0.6970108695652173
10 0.19002329192546583 0.7364130434782608 0.20976597160603372 0.7364130434782608 0.20976597160603372 0.7663043478260867 0.19002329192546583 0.7663043478260867
10 0.23937999112688552 0.7812499999999999 0.3997892635314996 0.7812499999999999 0.3997892635314996 0.7975543478260868 0.23937999112688552 0.7975543478260868
10 0.631765749778172 0.7839673913043477 0.6983972937000886 0.7839673913043477 0.6983972937000886 0.796195652173913 0.631765749778172 0.796195652173913
10 0.18755545696539483 0.8084239130434782 0.2122338065661047 0.8084239130434782 0.2122338065661047 0.8491847826086957 0.18755545696539483 0.8491847826086957
10 0.18755545696539483 0.8980978260869564 0.2122338065661047 0.8980978260869564 0.2122338065661047 0.9442934782608694 0.18755545696539483 0.9442934782608694
11 0.18261978704525286 0.0842391304347826 0.2196373114463176 0.0842391304347826 0.2196373114463176 0.10190217391304346 0.18261978704525286 0.10190217391304346
11 0.37511091393078966 0.1997282608695652 0.4047249334516415 0.1997282608695652 0.4047249334516415 0.22146739130434775 0.37511091393078966 0.22146739130434775
11 0.18261978704525286 0.1698369565217391 0.21470164152617566 0.1698369565217391 0.21470164152617566 0.18885869565217392 0.18261978704525286 0.18885869565217392
11 0.18261978704525286 0.2758152173913043 0.22210514640638862 0.2758152173913043 0.22210514640638862 0.29211956521739124 0.18261978704525286 0.29211956521739124
11 0.18261978704525286 0.3383152173913043 0.2196373114463176 0.3383152173913043 0.2196373114463176 0.36141304347826086 0.18261978704525286 0.36141304347826086
11 0.18755545696539483 0.4470108695652173 0.2196373114463176 0.4470108695652173 0.2196373114463176 0.4646739130434782 0.18755545696539483 0.4646739130434782
11 0.37017524401064766 0.4809782608695652 0.4071927684117125 0.4809782608695652 0.4071927684117125 0.49592391304347816 0.37017524401064766 0.49592391304347816
11 0.18755545696539483 0.5665760869565216 0.21716947648624663 0.5665760869565216 0.21716947648624663 0.5788043478260868 0.18755545696539483 0.5788043478260868
11 0.37511091393078966 0.5991847826086956 0.4047249334516415 0.5991847826086956 0.4047249334516415 0.6141304347826086 0.37511091393078966 0.6141304347826086
11 0.6761867790594498 0.5978260869565216 0.7008651286601597 0.5978260869565216 0.7008651286601597 0.6154891304347824 0.6761867790594498 0.6154891304347824
11 0.17274844720496893 0.684782608695652 0.2245729813664596 0.684782608695652 0.2245729813664596 0.6983695652173912 0.17274844720496893 0.6983695652173912
11 0.18261978704525286 0.7486413043478259 0.2196373114463176 0.7486413043478259 0.2196373114463176 0.763586956521739 0.18261978704525286 0.763586956521739
11 0.3677074090505767 0.778532608695652 0.40225709849157043 0.778532608695652 0.40225709849157043 0.7975543478260867 0.3677074090505767 0.7975543478260867
11 0.6712511091393079 0.7798913043478259 0.6959294587400178 0.7798913043478259 0.6959294587400178 0.7975543478260867 0.6712511091393079 0.7975543478260867
11 0.1776841171251109 0.8355978260869564 0.21716947648624668 0.8355978260869564 0.21716947648624668 0.8464673913043477 0.1776841171251109 0.8464673913043477
11 0.18508762200532383 0.9252717391304346 0.21470164152617566 0.9252717391304346 0.21470164152617566 0.9442934782608694 0.18508762200532383 0.9442934782608694
7 0.16781277728482696 0.031249999999999976 0.23444432120674352 0.031249999999999976 0.23444432120674352 0.0665760869565217 0.16781277728482696 0.0665760869565217
1 0.7551574977817213 0.17934782608695649 0.816853371783496 0.17934782608695649 0.816853371783496 0.21874999999999994 0.7551574977817213 0.21874999999999994
11 0.7304791481810115 0.19293478260869562 0.7600931677018633 0.19293478260869562 0.7600931677018633 0.2051630434782608 0.7304791481810115 0.2051630434782608
1 0.3948535936113575 0.47010869565217384 0.45901730257320317 0.47010869565217384 0.45901730257320317 0.5081521739130433 0.3948535936113575 0.5081521739130433
1 0.6885259538598048 0.5896739130434782 0.7526896628216502 0.5896739130434782 0.7526896628216502 0.6249999999999998 0.6885259538598048 0.6249999999999998
1 0.6934616237799467 0.7717391304347825 0.7526896628216502 0.7717391304347825 0.7526896628216502 0.8043478260869564 0.6934616237799467 0.8043478260869564
1 0.16781277728482696 0.9442934782608694 0.22950865128660158 0.9442934782608694 0.22950865128660158 0.9782608695652173 0.16781277728482696 0.9782608695652173
3 0.07650288376220052 0.09239130434782608 0.3183507098491571 0.09239130434782608 0.3183507098491571 0.16440217391304343 0.07650288376220052 0.16440217391304343
3 0.39238575865128644 0.14266304347826084 0.636701419698314 0.14266304347826084 0.636701419698314 0.2567934782608695 0.39238575865128644 0.2567934782608695
3 0.0814385536823425 0.2880434782608695 0.323286379769299 0.2880434782608695 0.323286379769299 0.32744565217391297 0.0814385536823425 0.32744565217391297
3 0.07403504880212954 0.35190217391304335 0.323286379769299 0.35190217391304335 0.323286379769299 0.42255434782608686 0.07403504880212954 0.42255434782608686
3 0.3899179236912156 0.5828804347826086 0.6416370896184561 0.5828804347826086 0.6416370896184561 0.6372282608695651 0.3899179236912156 0.6372282608695651
3 0.07650288376220052 0.6929347826086957 0.3232863797692989 0.6929347826086957 0.3232863797692989 0.7432065217391304 0.07650288376220052 0.7432065217391304
3 0.3948535936113575 0.7676630434782608 0.6367014196983142 0.7676630434782608 0.6367014196983142 0.8192934782608694 0.3948535936113575 0.8192934782608694
3 0.0814385536823425 0.8451086956521737 0.32081854480922806 0.8451086956521737 0.32081854480922806 0.9048913043478258 0.0814385536823425 0.9048913043478258
5 0.1456022626441881 0.18478260869565216 0.2517191659272404 0.18478260869565216 0.2517191659272404 0.23641304347826084 0.1456022626441881 0.23641304347826084
5 0.14066659272404614 0.46331521739130427 0.26159050576752435 0.46331521739130427 0.26159050576752435 0.514945652173913 0.14066659272404614 0.514945652173913
5 0.13573092280390414 0.5788043478260869 0.2566548358473824 0.5788043478260869 0.2566548358473824 0.6331521739130433 0.13573092280390414 0.6331521739130433
5 0.13326308784383317 0.7608695652173912 0.2517191659272404 0.7608695652173912 0.2517191659272404 0.8138586956521737 0.13326308784383317 0.8138586956521737
