8 0.11645813282001924 0.09161164758904565 0.17901828681424448 0.09161164758904565 0.17901828681424448 0.1449129698226722 0.11645813282001924 0.1449129698226722
8 0.17035611164581327 0.32647059868096273 0.26467757459095287 0.32647059868096273 0.26467757459095287 0.3797719209145892 0.17035611164581327 0.3797719209145892
8 0.41674687199230026 0.4547269053056266 0.4340712223291626 0.4547269053056266 0.4340712223291626 0.5046968948996515 0.41674687199230026 0.5046968948996515
8 0.4744947064485082 0.519687891777859 0.5014436958614054 0.519687891777859 0.5014436958614054 0.5513355518540749 0.4744947064485082 0.5513355518540749
8 0.23387872954764205 0.5263505570570625 0.3522617901828682 0.5263505570570625 0.3522617901828682 0.6212935372857094 0.23387872954764205 0.6212935372857094
8 0.4138594802694899 0.6246248699253113 0.4706448508180943 0.6246248699253113 0.4706448508180943 0.6829231911183403 0.4138594802694899 0.6829231911183403
8 0.5293551491819056 0.5446728865748715 0.6506256015399423 0.5446728865748715 0.6506256015399423 0.5863145445698922 0.5293551491819056 0.5863145445698922
8 0.11164581328200192 0.6096338730471038 0.1886429258902791 0.6096338730471038 0.1886429258902791 0.6629351952807305 0.11164581328200192 0.6629351952807305
8 0.38979788257940323 0.9111194769310541 0.4966313763233879 0.9111194769310541 0.4966313763233879 0.9727491307636847 0.38979788257940323 0.9727491307636847
8 0.03849855630413859 0.35811825875717845 0.05967276227141483 0.35811825875717845 0.05967276227141483 0.7778661713469877 0.03849855630413859 0.7778661713469877
10 0.1424446583253128 0.17989196253848966 0.1530317613089509 0.17989196253848966 0.1530317613089509 0.2615096122087303 0.1424446583253128 0.2615096122087303
10 0.14340712223291627 0.3081482691631536 0.15591915303176132 0.3081482691631536 0.15591915303176132 0.5380102212956681 0.14340712223291627 0.5380102212956681
10 0.16843118383060632 0.5546668844936764 0.23002887391722807 0.5546668844936764 0.23002887391722807 0.5829832119302907 0.16843118383060632 0.5829832119302907
10 0.35514918190567857 0.5546668844936764 0.4205967276227142 0.5546668844936764 0.4205967276227142 0.5846488782500914 0.35514918190567857 0.5846488782500914
10 0.46198267564966305 0.5530012181738756 0.5293551491819056 0.5530012181738756 0.5293551491819056 0.5846488782500913 0.46198267564966305 0.5846488782500913
10 0.6564003849855631 0.5513355518540748 0.7189605389797884 0.5513355518540748 0.7189605389797884 0.5863145445698922 0.6564003849855631 0.5863145445698922
10 0.43503368623676614 0.41141958099080506 0.4504331087584216 0.41141958099080506 0.4504331087584216 0.5313475560164648 0.43503368623676614 0.5313475560164648
10 0.4302213666987488 0.4047569157116017 0.7853705486044273 0.4047569157116017 0.7853705486044273 0.431407576828415 0.4302213666987488 0.431407576828415
10 0.7690086621751684 0.40309124939180085 0.7901828681424445 0.40309124939180085 0.7901828681424445 0.4763805674630374 0.7690086621751684 0.4763805674630374
10 0.8411934552454283 0.5496698855342739 0.9056785370548603 0.5496698855342739 0.9056785370548603 0.5829832119302905 0.8411934552454283 0.5829832119302905
11 0.20211742059672763 0.5480042192144731 0.2300288739172281 0.5480042192144731 0.2300288739172281 0.5863145445698922 0.20211742059672763 0.5863145445698922
11 0.13859480269489893 0.49803422962044824 0.1588065447545717 0.49803422962044824 0.1588065447545717 0.5380102212956681 0.13859480269489893 0.5380102212956681
11 0.39076034648700675 0.5496698855342739 0.42155919153031757 0.5496698855342739 0.42155919153031757 0.5846488782500914 0.39076034648700675 0.5846488782500914
11 0.5024061597690087 0.5480042192144731 0.5293551491819056 0.5480042192144731 0.5293551491819056 0.5913115435292947 0.5024061597690087 0.5913115435292947
11 0.6920115495668913 0.5480042192144731 0.7189605389797884 0.5480042192144731 0.7189605389797884 0.5896458772094937 0.6920115495668913 0.5896458772094937
11 0.7651588065447545 0.4380702421076183 0.793070259865255 0.4380702421076183 0.793070259865255 0.48137756642243995 0.7651588065447545 0.48137756642243995
11 0.8748796920115496 0.5430072202550706 0.906641000962464 0.5430072202550706 0.906641000962464 0.5879802108896931 0.8748796920115496 0.5879802108896931
10 0.34456207892204044 0.6529411973619255 0.40615976900866224 0.6529411973619255 0.40615976900866224 0.7695378397479836 0.34456207892204044 0.7695378397479836
10 0.4716073147256977 0.6529411973619255 0.5370548604427334 0.6529411973619255 0.5370548604427334 0.7678721734281827 0.4716073147256977 0.7678721734281827
11 0.34071222329162654 0.6529411973619255 0.358036573628489 0.6529411973619255 0.358036573628489 0.6779261921589379 0.34071222329162654 0.6779261921589379
11 0.4687199230028874 0.7378901796717677 0.48604427333974976 0.7378901796717677 0.48604427333974976 0.7728691723875851 0.4687199230028874 0.7728691723875851
1 0.8999037536092398 0.5313475560164648 0.9422521655437918 0.5313475560164648 0.9422521655437918 0.606302540407502 0.8999037536092398 0.606302540407502
4 0.02791145332050048 0.2765006090869378 0.07892204042348412 0.2765006090869378 0.07892204042348412 0.86281515365683 0.02791145332050048 0.86281515365683
3 0.2252165543792108 0.46971790218383414 0.35803657362848895 0.46971790218383414 0.35803657362848895 0.6629351952807305 0.2252165543792108 0.6629351952807305
3 0.5255052935514918 0.4763805674630374 0.65832531280077 0.4763805674630374 0.65832531280077 0.6596038626411287 0.5255052935514918 0.6596038626411287
3 0.02791145332050048 0.039975991675219924 0.2723772858517805 0.039975991675219924 0.2723772858517805 0.1898859604572946 0.02791145332050048 0.1898859604572946
3 0.7102983638113571 0.4713835685036349 0.8469682386910491 0.4713835685036349 0.8469682386910491 0.6629351952807305 0.7102983638113571 0.6629351952807305
5 0.41289701636188636 0.519687891777859 0.4677574590952838 0.519687891777859 0.4677574590952838 0.6112995393669046 0.41289701636188636 0.6112995393669046
2 0.1260827718960539 0.5296818896966641 0.1693936477382098 0.5296818896966641 0.1693936477382098 0.6046368740877013 0.1260827718960539 0.6046368740877013
