10 0.109628217349857 0.27899026973454893 0.15443279313632027 0.27899026973454893 0.15443279313632027 0.3049978372521764 0.109628217349857 0.3049978372521764
10 0.224976167778837 0.2766259454147646 0.2850333651096283 0.2766259454147646 0.2850333651096283 0.309726485891745 0.224976167778837 0.309726485891745
10 0.30028598665395617 0.17259567534425485 0.30886558627264066 0.17259567534425485 0.30886558627264066 0.2577113508564901 0.30028598665395617 0.2577113508564901
10 0.2974261201143947 0.17259567534425485 0.5386081982840801 0.17259567534425485 0.5386081982840801 0.189145945582745 0.2974261201143947 0.189145945582745
10 0.5529075309818875 0.2175178374201568 0.5614871306005719 0.2175178374201568 0.5614871306005719 0.8322421605640782 0.5529075309818875 0.8322421605640782
10 0.29933269780743565 0.3310054047698037 0.3098188751191611 0.3310054047698037 0.3098188751191611 0.75658378233098 0.29933269780743565 0.75658378233098
10 0.42326024785510014 0.5319729719514703 0.4308865586272641 0.5319729719514703 0.4308865586272641 0.8038702687266661 0.42326024785510014 0.8038702687266661
10 0.4623450905624405 0.45631459371837235 0.4995233555767398 0.45631459371837235 0.4995233555767398 0.4799578369162155 0.4623450905624405 0.4799578369162155
10 0.3393708293612965 0.8133275660058037 0.4127740705433746 0.8133275660058037 0.4127740705433746 0.8369708092036467 0.3393708293612965 0.8369708092036467
10 0.44423260247855095 0.8109632416860193 0.5586272640610105 0.8109632416860193 0.5586272640610105 0.8416994578432154 0.44423260247855095 0.8416994578432154
10 0.572926596758818 0.16550270238490192 0.6310772163965681 0.16550270238490192 0.6310772163965681 0.19387459422231368 0.572926596758818 0.19387459422231368
10 0.6987607244995233 0.1678670267046862 0.7626310772163966 0.1678670267046862 0.7626310772163966 0.19387459422231368 0.6987607244995233 0.19387459422231368
10 0.8274547187797903 0.16313837806511755 0.8932316491897045 0.16313837806511755 0.8932316491897045 0.19860324286188225 0.8274547187797903 0.19860324286188225
11 0.14204003813155386 0.2695329724554117 0.15347950428979984 0.2695329724554117 0.15347950428979984 0.309726485891745 0.14204003813155386 0.309726485891745
11 0.2716873212583413 0.2742616210949803 0.2888465204957102 0.2742616210949803 0.2888465204957102 0.309726485891745 0.2716873212583413 0.309726485891745
11 0.5300285986653956 0.16077405374533327 0.5414680648236414 0.16077405374533327 0.5414680648236414 0.20569621582123523 0.5300285986653956 0.20569621582123523
11 0.6148713060057197 0.15840972942554896 0.6301239275500476 0.15840972942554896 0.6301239275500476 0.19623891854209793 0.6148713060057197 0.19623891854209793
11 0.7464251668255482 0.15840972942554896 0.763584366062917 0.15840972942554896 0.763584366062917 0.19623891854209793 0.7464251668255482 0.19623891854209793
11 0.878932316491897 0.15840972942554896 0.8960915157292658 0.15840972942554896 0.8960915157292658 0.2009675671816666 0.878932316491897 0.2009675671816666
11 0.4880838894184938 0.44922162075901945 0.5014299332697808 0.44922162075901945 0.5014299332697808 0.4870508098755685 0.4880838894184938 0.4870508098755685
11 0.4184938036224976 0.5319729719514704 0.434699714013346 0.5319729719514704 0.434699714013346 0.5579805394690979 0.4184938036224976 0.5579805394690979
11 0.29361296472831266 0.7234832418539997 0.31363203050524313 0.7234832418539997 0.31363203050524313 0.7589481066507643 0.29361296472831266 0.7589481066507643
11 0.39752144899904673 0.8085989173662348 0.41182078169685427 0.8085989173662348 0.41182078169685427 0.8416994578432153 0.39752144899904673 0.8416994578432153
11 0.550047664442326 0.21515351310037245 0.5624404194470924 0.21515351310037245 0.5624404194470924 0.25061837789713715 0.550047664442326 0.25061837789713715
1 0.8856053384175405 0.13003783758813722 0.9189704480457579 0.13003783758813722 0.9189704480457579 0.22461081037950972 0.8856053384175405 0.22461081037950972
4 0.027645376549094377 0.018914594558274503 0.057197330791229746 0.018914594558274503 0.057197330791229746 0.6029027015449998 0.027645376549094377 0.6029027015449998
4 0.027645376549094377 0.5650735124284508 0.053384175405147755 0.5650735124284508 0.053384175405147755 0.9882875656698427 0.027645376549094377 0.9882875656698427
3 0.15061963775023832 0.21042486446080386 0.23164918970448042 0.21042486446080386 0.23164918970448042 0.37119891820613715 0.15061963775023832 0.37119891820613715
3 0.38608198284080075 0.38774918844462736 0.4680648236415634 0.38774918844462736 0.4680648236415634 0.5485232421899605 0.38608198284080075 0.5485232421899605
3 0.2631077216396568 0.7329405391331371 0.35081029551954235 0.7329405391331371 0.35081029551954235 0.9126291874367448 0.2631077216396568 0.9126291874367448
3 0.6244041944709247 0.09693729711115684 0.7035271687321258 0.09693729711115684 0.7035271687321258 0.26243999949605873 0.6244041944709247 0.26243999949605873
3 0.7550047664442325 0.09693729711115684 0.8350810295519542 0.09693729711115684 0.8350810295519542 0.26007567517627445 0.7550047664442325 0.26007567517627445
5 0.28789323164918973 0.2529827022169215 0.32411820781696854 0.2529827022169215 0.32411820781696854 0.3357340534093724 0.28789323164918973 0.3357340534093724
5 0.5395614871306006 0.12294486462878429 0.5738798856053384 0.12294486462878429 0.5738798856053384 0.21988216173994113 0.5395614871306006 0.21988216173994113
5 0.40705433746425174 0.7684054039299016 0.44804575786463297 0.7684054039299016 0.44804575786463297 0.8724356740004113 0.40705433746425174 0.8724356740004113
2 0.07912297426120114 0.25534702653670577 0.11534795042897997 0.25534702653670577 0.11534795042897997 0.3357340534093724 0.07912297426120114 0.3357340534093724
1 0.49571020019065776 0.41139243164247047 0.5281220209723546 0.41139243164247047 0.5281220209723546 0.505965404433843 0.49571020019065776 0.505965404433843
8 0.0657769304099142 0.20569621582123523 0.13632030505243084 0.20569621582123523 0.13632030505243084 0.2458897292575686 0.0657769304099142 0.2458897292575686
8 0.328884652049571 0.2577113508564901 0.39561487130600576 0.2577113508564901 0.39561487130600576 0.31445513453131363 0.328884652049571 0.31445513453131363
8 0.46520495710200194 0.1489524321464117 0.4804575786463299 0.1489524321464117 0.4804575786463299 0.1702313510244705 0.46520495710200194 0.1702313510244705
8 0.43374642516682554 0.6785610797780977 0.44423260247855095 0.6785610797780977 0.44423260247855095 0.7069329716155095 0.43374642516682554 0.7069329716155095
8 0.49189704480457586 0.7896843228079605 0.5090562440419447 0.7896843228079605 0.5090562440419447 0.8180562146453723 0.49189704480457586 0.8180562146453723
8 0.3937082936129647 0.8913502685586859 0.4661582459485224 0.8913502685586859 0.4661582459485224 0.9339081063148037 0.3937082936129647 0.9339081063148037
8 0.03527168732125834 0.22933945901907835 0.05243088655862725 0.22933945901907835 0.05243088655862725 0.39247783708419587 0.03527168732125834 0.39247783708419587
8 0.03527168732125834 0.7187545932144311 0.04766444232602478 0.7187545932144311 0.04766444232602478 0.8535210794421372 0.03527168732125834 0.8535210794421372
8 0.3088655862726406 0.4586789180381567 0.3250714966634891 0.4586789180381567 0.3250714966634891 0.4870508098755685 0.3088655862726406 0.4870508098755685
8 0.4947569113441373 0.5154227017129802 0.5281220209723546 0.5154227017129802 0.5281220209723546 0.536701620591039 0.4947569113441373 0.536701620591039
8 0.3946615824594853 0.44922162075901945 0.45376549094375596 0.44922162075901945 0.45376549094375596 0.47759351259643124 0.3946615824594853 0.47759351259643124
8 0.6396568160152526 0.17259567534425485 0.69208770257388 0.17259567534425485 0.69208770257388 0.19623891854209802 0.6396568160152526 0.19623891854209802
8 0.765490943755958 0.16077405374533332 0.8207816968541468 0.16077405374533332 0.8207816968541468 0.21042486446080388 0.765490943755958 0.21042486446080388
8 0.8875119161105816 0.23170378333886266 0.913250714966635 0.23170378333886266 0.913250714966635 0.2529827022169215 0.8875119161105816 0.2529827022169215
