8 0.014436958614051969 0.22384095737919263 0.12223291626564003 0.22384095737919263 0.12223291626564003 0.5694199792979461 0.014436958614051969 0.5694199792979461
8 0.2213666987487969 0.310235712858881 0.32916265640038506 0.310235712858881 0.32916265640038506 0.4555359834383569 0.2213666987487969 0.4555359834383569
8 0.4841193455245428 0.33379791889879595 0.5649663137632339 0.33379791889879595 0.5649663137632339 0.44768191475838526 0.4841193455245428 0.44768191475838526
8 0.8479307025986526 0.3769952966386402 0.8989412897016361 0.3769952966386402 0.8989412897016361 0.4869522581582435 0.8479307025986526 0.4869522581582435
10 0.13185755534167468 0.32987088455881014 0.2030798845043311 0.32987088455881014 0.2030798845043311 0.43590081173842765 0.13185755534167468 0.43590081173842765
10 0.34456207892204044 0.30630867851889515 0.4205967276227142 0.30630867851889515 0.4205967276227142 0.4280467430584561 0.34456207892204044 0.4280467430584561
10 0.640038498556304 0.36914122795866855 0.753609239653513 0.36914122795866855 0.753609239653513 0.4987333611782011 0.640038498556304 0.4987333611782011
11 0.1693936477382098 0.31808978153885265 0.19923002887391722 0.31808978153885265 0.19923002887391722 0.4555359834383569 0.1693936477382098 0.4555359834383569
11 0.38306063522617895 0.286673506818966 0.41867179980750724 0.286673506818966 0.41867179980750724 0.43982784607841363 0.38306063522617895 0.43982784607841363
11 0.7122232916265641 0.3534330905987252 0.7507218479307025 0.3534330905987252 0.7507218479307025 0.4908792924982294 0.7122232916265641 0.4908792924982294
3 0.0038498556304138597 0.1099569615196034 0.13089509143407121 0.1099569615196034 0.13089509143407121 0.640106597417691 0.0038498556304138597 0.640106597417691
3 0.20692974013474494 0.10602992717961753 0.33878729547641967 0.10602992717961753 0.33878729547641967 0.644033631757677 0.20692974013474494 0.644033631757677
3 0.4186717998075073 0.1335191675595184 0.6390760346487007 0.1335191675595184 0.6390760346487007 0.6479606660976628 0.4186717998075073 0.6479606660976628
3 0.7555341674687199 0.1884976483193201 0.9951876804619828 0.1884976483193201 0.9951876804619828 0.6911580438375071 0.7555341674687199 0.6911580438375071
