10 0.14148219441770934 0.4236773851904248 0.20596727622714148 0.4236773851904248 0.20596727622714148 0.4542520418536514 0.14148219441770934 0.4542520418536514
10 0.3070259865255053 0.21839040473733243 0.34167468719923005 0.21839040473733243 0.34167468719923005 0.33632122329549186 0.3070259865255053 0.33632122329549186
10 0.3233878729547641 0.4149417690009315 0.4051973051010587 0.4149417690009315 0.4051973051010587 0.4542520418536514 0.3233878729547641 0.4542520418536514
10 0.43984600577478344 0.41712567304830483 0.5168431183830606 0.41712567304830483 0.5168431183830606 0.4520681378062781 0.43984600577478344 0.4520681378062781
10 0.5534167468719923 0.41930957709567823 0.6111645813282002 0.41930957709567823 0.6111645813282002 0.45643594590102476 0.5534167468719923 0.45643594590102476
10 0.726660250240616 0.4214934811430516 0.7795957651588067 0.4214934811430516 0.7795957651588067 0.4542520418536514 0.726660250240616 0.4542520418536514
10 0.8229066410009626 0.4214934811430516 0.908565928777671 0.4214934811430516 0.908565928777671 0.45643594590102476 0.8229066410009626 0.45643594590102476
10 0.4186717998075073 0.47827498637475796 0.43214629451395575 0.47827498637475796 0.43214629451395575 0.7971249772912633 0.4186717998075073 0.7971249772912633
10 0.5235803657362849 0.48045889042213136 0.544754571703561 0.48045889042213136 0.544754571703561 0.8102284015755032 0.5235803657362849 0.8102284015755032
10 0.794995187680462 0.47172327423263805 0.8113570741097208 0.47172327423263805 0.8113570741097208 0.7971249772912633 0.794995187680462 0.7971249772912633
11 0.19056785370548604 0.4149417690009315 0.2088546679499519 0.4149417690009315 0.2088546679499519 0.45206813780627814 0.19056785370548604 0.45206813780627814
11 0.3320500481231954 0.2118386925952124 0.34648700673724736 0.2118386925952124 0.34648700673724736 0.25114896544793225 0.3320500481231954 0.25114896544793225
11 0.38787295476419636 0.40402224876406495 0.40712223291626565 0.40402224876406495 0.40712223291626565 0.4608037539957714 0.38787295476419636 0.4608037539957714
11 0.4956689124157843 0.4105739609061849 0.5187680461982676 0.4105739609061849 0.5187680461982676 0.4673554661378914 0.4956689124157843 0.4673554661378914
11 0.5928777670837344 0.4149417690009315 0.615014436958614 0.4149417690009315 0.615014436958614 0.465171562090518 0.5928777670837344 0.465171562090518
11 0.5226179018286814 0.4760910823273846 0.544754571703561 0.4760910823273846 0.544754571703561 0.5175852592274778 0.5226179018286814 0.5175852592274778
11 0.4157844080846968 0.7643664165806634 0.4359961501443696 0.7643664165806634 0.4359961501443696 0.8124123056228765 0.4157844080846968 0.8124123056228765
11 0.7651759076733736 0.4149223671180604 0.782500258010236 0.4149223671180604 0.782500258010236 0.45641654401815357 0.7651759076733736 0.45641654401815357
11 0.7882579403272377 0.7578147044385435 0.8132820019249278 0.7578147044385435 0.8132820019249278 0.8080444975281298 0.7882579403272377 0.8080444975281298
11 0.8845043310875842 0.4105739609061849 0.908565928777671 0.4105739609061849 0.908565928777671 0.4608037539957714 0.8845043310875842 0.4608037539957714
7 0.09239653512993262 0.3734475921008384 0.14051973051010588 0.3734475921008384 0.14051973051010588 0.5022979308958645 0.09239653512993262 0.5022979308958645
1 0.8970163618864294 0.36907978400609176 0.9576515880654476 0.36907978400609176 0.9576515880654476 0.49356231470637124 0.8970163618864294 0.49356231470637124
4 0.007699711260827719 0.03931027285271983 0.05582290664100097 0.03931027285271983 0.05582290664100097 0.7468951842016769 0.007699711260827719 0.7468951842016769
4 0.39653512993262735 0.78838936110177 0.5890279114533201 0.78838936110177 0.5890279114533201 0.9805729172706229 0.39653512993262735 0.9805729172706229
3 0.20307988450433107 0.32321779901125197 0.33205004812319533 0.32321779901125197 0.33205004812319533 0.5568955320801976 0.20307988450433107 0.5568955320801976
3 0.6053897978825794 0.32321779901125197 0.7314725697786333 0.32321779901125197 0.7314725697786333 0.5503438199380777 0.6053897978825794 0.5503438199380777
0 0.3387872954764196 0.06988492951594637 0.3946102021174206 0.06988492951594637 0.3946102021174206 0.2511489654479323 0.3387872954764196 0.2511489654479323
2 0.3994225216554379 0.3734475921008384 0.44658325312800773 0.3734475921008384 0.44658325312800773 0.4957462187537446 0.3994225216554379 0.4957462187537446
2 0.5101058710298364 0.37999930424295836 0.5582290664100095 0.37999930424295836 0.5582290664100095 0.484826698516878 0.5101058710298364 0.484826698516878
2 0.7805582290664099 0.38655101638507827 0.8296438883541866 0.38655101638507827 0.8296438883541866 0.4826427944695046 0.7805582290664099 0.4826427944695046
8 0.06868176071715895 0.4935064935064935 0.16884266176301577 0.4935064935064935 0.16884266176301577 0.6298701298701299 0.06868176071715895 0.6298701298701299
8 0.21558441558441563 0.4025974025974026 0.31479140328697863 0.4025974025974026 0.31479140328697863 0.4718614718614718 0.21558441558441563 0.4718614718614718
8 0.3758418572577865 0.31601731601731603 0.47695667164693717 0.31601731601731603 0.47695667164693717 0.35930735930735924 0.3758418572577865 0.35930735930735924
8 0.4807723250201127 0.2943722943722944 0.5828410527525573 0.2943722943722944 0.5828410527525573 0.37445887445887444 0.4807723250201127 0.37445887445887444
8 0.45597057809447195 0.8593073593073595 0.538961038961039 0.8593073593073595 0.538961038961039 0.8961038961038963 0.45597057809447195 0.8961038961038963
8 0.7564532812320424 0.2662337662337662 0.8518446155614298 0.2662337662337662 0.8518446155614298 0.37445887445887444 0.7564532812320424 0.37445887445887444
8 0.8776002758303644 0.49783549783549785 0.9739455235030458 0.49783549783549785 0.9739455235030458 0.5779220779220778 0.8776002758303644 0.5779220779220778
8 0.35104011033214577 0.24891774891774893 0.37298011722790486 0.24891774891774893 0.37298011722790486 0.2792207792207792 0.35104011033214577 0.2792207792207792
8 0.014308700149408113 0.1645021645021645 0.04006436041834273 0.1645021645021645 0.04006436041834273 0.6082251082251082 0.014308700149408113 0.6082251082251082
