10 0.07415730337078652 0.10272873194221507 0.13964686998394865 0.10272873194221507 0.13964686998394865 0.1235955056179775 0.07415730337078652 0.1235955056179775
10 0.21284109149277688 0.10914927768860355 0.26388443017656504 0.10914927768860355 0.26388443017656504 0.12359550561797752 0.21284109149277688 0.12359550561797752
10 0.2860353130016052 0.10914927768860355 0.36789727126805777 0.10914927768860355 0.36789727126805777 0.12038523274478333 0.2860353130016052 0.12038523274478333
10 0.41027287319422157 0.038523274478330656 0.6433386837881222 0.038523274478330656 0.6433386837881222 0.06260032102728734 0.41027287319422157 0.06260032102728734
10 0.43916532905296957 0.10272873194221507 0.4902086677367576 0.10272873194221507 0.4902086677367576 0.12199036918138041 0.43916532905296957 0.12199036918138041
10 0.5239165329052969 0.10754414125200644 0.5980738362760835 0.10754414125200644 0.5980738362760835 0.12038523274478331 0.5239165329052969 0.12038523274478331
10 0.6712680577849117 0.10593900481540931 0.7406099518459069 0.10593900481540931 0.7406099518459069 0.12520064205457465 0.6712680577849117 0.12520064205457465
10 0.5036918138041734 0.14125200642054575 0.5306581059390049 0.14125200642054575 0.5306581059390049 0.4109149277688603 0.5036918138041734 0.4109149277688603
10 0.41894060995184595 0.18619582664526488 0.4362760834670948 0.18619582664526488 0.4362760834670948 0.3210272873194222 0.41894060995184595 0.3210272873194222
10 0.3890850722311397 0.30337078651685395 0.4343499197431782 0.30337078651685395 0.4343499197431782 0.31781701444622795 0.3890850722311397 0.31781701444622795
10 0.3861958266452648 0.2985553772070626 0.39871589085072234 0.2985553772070626 0.39871589085072234 0.4382022471910113 0.3861958266452648 0.4382022471910113
10 0.23306581059390047 0.3290529695024077 0.23884430176565014 0.3290529695024077 0.23884430176565014 0.37560192616372395 0.23306581059390047 0.37560192616372395
10 0.16757624398073837 0.36276083467094705 0.24269662921348314 0.36276083467094705 0.24269662921348314 0.38041733547351525 0.16757624398073837 0.38041733547351525
10 0.1646869983948636 0.35473515248796145 0.1781701444622793 0.35473515248796145 0.1781701444622793 0.4109149277688603 0.1646869983948636 0.4109149277688603
10 0.1492776886035313 0.18298555377207062 0.15698234349919743 0.18298555377207062 0.15698234349919743 0.2841091492776886 0.1492776886035313 0.2841091492776886
10 0.14735152487961478 0.2680577849117175 0.1983948635634029 0.2680577849117175 0.1983948635634029 0.29052969502407705 0.14735152487961478 0.29052969502407705
10 0.06741573033707865 0.44301765650080255 0.13386837881219907 0.44301765650080255 0.13386837881219907 0.4622792937399678 0.06741573033707865 0.4622792937399678
10 0.20609951845906907 0.44462279293739976 0.26195826645264847 0.44462279293739976 0.26195826645264847 0.4590690208667737 0.20609951845906907 0.4590690208667737
10 0.2812199036918138 0.44462279293739976 0.3833065810593901 0.44462279293739976 0.3833065810593901 0.4590690208667737 0.2812199036918138 0.4590690208667737
10 0.4064205457463885 0.4462279293739968 0.48828250401284107 0.4462279293739968 0.48828250401284107 0.4622792937399679 0.4064205457463885 0.4622792937399679
10 0.5595505617977529 0.4398073836276083 0.6057784911717496 0.4398073836276083 0.6057784911717496 0.4622792937399678 0.5595505617977529 0.4622792937399678
10 0.6414125200642055 0.44462279293739976 0.6808988764044945 0.44462279293739976 0.6808988764044945 0.4590690208667737 0.6414125200642055 0.4590690208667737
10 0.6731942215088282 0.42375601926163725 0.6818619582664527 0.42375601926163725 0.6818619582664527 0.46067415730337086 0.6731942215088282 0.46067415730337086
10 0.67223113964687 0.4221508828250401 0.7136436597110754 0.4221508828250401 0.7136436597110754 0.43820224719101125 0.67223113964687 0.43820224719101125
10 0.7906902086677366 0.434991974317817 0.8504012841091494 0.434991974317817 0.8504012841091494 0.4686998394863563 0.7906902086677366 0.4686998394863563
10 0.8629213483146068 0.4847512038523274 0.9351524879614768 0.4847512038523274 0.9351524879614768 0.5104333868378812 0.8629213483146068 0.5104333868378812
10 0.8398073836276084 0.5248796147672552 0.8504012841091494 0.5248796147672552 0.8504012841091494 0.565008025682183 0.8398073836276084 0.565008025682183
10 0.7897271268057786 0.550561797752809 0.8504012841091494 0.550561797752809 0.8504012841091494 0.5666131621187801 0.7897271268057786 0.5666131621187801
10 0.6394863563402889 0.4398073836276083 0.6452648475120386 0.4398073836276083 0.6452648475120386 0.5650080256821829 0.6394863563402889 0.5650080256821829
10 0.6356340288924559 0.5537720706260032 0.715569823434992 0.5537720706260032 0.715569823434992 0.5666131621187801 0.6356340288924559 0.5666131621187801
10 0.2677367576243981 0.4751203852327448 0.2754414125200642 0.4751203852327448 0.2754414125200642 0.7576243980738362 0.2677367576243981 0.7576243980738362
10 0.22247191011235956 0.7463884430176564 0.2735152487961477 0.7463884430176564 0.2735152487961477 0.7576243980738362 0.22247191011235956 0.7576243980738362
10 0.16565008025682185 0.5296950240770465 0.17913322632423756 0.5296950240770465 0.17913322632423756 0.7271268057784911 0.16565008025682185 0.7271268057784911
10 0.06548956661316212 0.7704654895666131 0.13386837881219904 0.7704654895666131 0.13386837881219904 0.7800963081861958 0.06548956661316212 0.7800963081861958
10 0.17239165329052974 0.8507223113964687 0.23980738362760837 0.8507223113964687 0.23980738362760837 0.8603531300160514 0.17239165329052974 0.8603531300160514
10 0.23306581059390047 0.797752808988764 0.23980738362760837 0.797752808988764 0.23980738362760837 0.8555377207062599 0.23306581059390047 0.8555377207062599
10 0.23113964686998398 0.7977528089887641 0.30337078651685395 0.7977528089887641 0.30337078651685395 0.8089887640449438 0.23113964686998398 0.8089887640449438
10 0.379454253611557 0.797752808988764 0.4199036918138042 0.797752808988764 0.4199036918138042 0.8105939004815408 0.379454253611557 0.8105939004815408
10 0.45553772070626003 0.797752808988764 0.49213483146067416 0.797752808988764 0.49213483146067416 0.8073836276083467 0.45553772070626003 0.8073836276083467
10 0.4863563402889246 0.7367576243980739 0.5229534510433387 0.7367576243980739 0.5229534510433387 0.7576243980738364 0.4863563402889246 0.7576243980738364
10 0.48828250401284107 0.738362760834671 0.49117174959871585 0.738362760834671 0.49117174959871585 0.8073836276083467 0.48828250401284107 0.8073836276083467
10 0.4526484751203853 0.7929373996789727 0.4603531300160514 0.7929373996789727 0.4603531300160514 0.9149277688603532 0.4526484751203853 0.9149277688603532
10 0.4497592295345105 0.8988764044943821 0.5229534510433387 0.8988764044943821 0.5229534510433387 0.9165329052969502 0.4497592295345105 0.9165329052969502
10 0.5980738362760835 0.8988764044943821 0.6857142857142856 0.8988764044943821 0.6857142857142856 0.9117174959871591 0.5980738362760835 0.9117174959871591
10 0.6789727126805779 0.8683788121990369 0.6876404494382024 0.8683788121990369 0.6876404494382024 0.9101123595505617 0.6789727126805779 0.9101123595505617
10 0.6009630818619583 0.7704654895666132 0.6876404494382024 0.7704654895666132 0.6876404494382024 0.7833065810593899 0.6009630818619583 0.7833065810593899
10 0.6770465489566614 0.7688603531300162 0.686677367576244 0.7688603531300162 0.686677367576244 0.8138041733547352 0.6770465489566614 0.8138041733547352
10 0.7030497592295346 0.8362760834670947 0.7521669341894063 0.8362760834670947 0.7521669341894063 0.8491171749598717 0.7030497592295346 0.8491171749598717
10 0.7675762439807384 0.7897271268057786 0.7723916532905296 0.7897271268057786 0.7723916532905296 0.812199036918138 0.7675762439807384 0.812199036918138
10 0.7666131621187802 0.7881219903691814 0.8099518459069022 0.7881219903691814 0.8099518459069022 0.8041733547351525 0.7666131621187802 0.8041733547351525
10 0.8378812199036919 0.7849117174959871 0.8966292134831461 0.7849117174959871 0.8966292134831461 0.799357945425361 0.8378812199036919 0.799357945425361
10 0.7675762439807384 0.8667736757624399 0.7723916532905296 0.8667736757624399 0.7723916532905296 0.8924558587479937 0.7675762439807384 0.8924558587479937
10 0.7646869983948636 0.8812199036918138 0.8118780096308187 0.8812199036918138 0.8118780096308187 0.8924558587479936 0.7646869983948636 0.8924558587479936
10 0.8378812199036919 0.8812199036918138 0.8947030497592297 0.8812199036918138 0.8947030497592297 0.897271268057785 0.8378812199036919 0.897271268057785
11 0.12327447833065812 0.09791332263242376 0.1386837881219904 0.09791332263242376 0.1386837881219904 0.13162118780096307 0.12327447833065812 0.13162118780096307
11 0.24654895666131624 0.10112359550561795 0.26581059390048156 0.10112359550561795 0.26581059390048156 0.12520064205457462 0.24654895666131624 0.12520064205457462
11 0.35248796147672556 0.10433386837881219 0.3688603531300161 0.10433386837881219 0.3688603531300161 0.1235955056179775 0.35248796147672556 0.1235955056179775
11 0.4786516853932585 0.09951845906902086 0.49598715890850725 0.09951845906902086 0.49598715890850725 0.12520064205457465 0.4786516853932585 0.12520064205457465
11 0.5855537720706261 0.09951845906902086 0.5990369181380418 0.09951845906902086 0.5990369181380418 0.12199036918138041 0.5855537720706261 0.12199036918138041
11 0.6240770465489567 0.048154093097913325 0.6423756019261636 0.048154093097913325 0.6423756019261636 0.06741573033707865 0.6240770465489567 0.06741573033707865
11 0.7280898876404494 0.10272873194221507 0.7415730337078652 0.10272873194221507 0.7415730337078652 0.12520064205457465 0.7280898876404494 0.12520064205457465
11 0.5171749598715891 0.3756019261637239 0.5335473515248795 0.3756019261637239 0.5335473515248795 0.4109149277688603 0.5171749598715891 0.4109149277688603
11 0.3852327447833066 0.4077046548956662 0.4025682182985554 0.4077046548956662 0.4025682182985554 0.4317817014446228 0.3852327447833066 0.4317817014446228
11 0.1810593900481541 0.26163723916532905 0.19935794542536117 0.26163723916532905 0.19935794542536117 0.2937399678972713 0.1810593900481541 0.2937399678972713
11 0.15601926163723917 0.38683788121990376 0.17913322632423756 0.38683788121990376 0.17913322632423756 0.40288924558587486 0.15601926163723917 0.40288924558587486
11 0.12038523274478331 0.43820224719101125 0.13675762439807385 0.43820224719101125 0.13675762439807385 0.46388443017656494 0.12038523274478331 0.46388443017656494
11 0.2446227929373997 0.4398073836276083 0.2609951845906902 0.4398073836276083 0.2609951845906902 0.46067415730337075 0.2446227929373997 0.46067415730337075
11 0.2629213483146068 0.47030497592295345 0.28025682182985556 0.47030497592295345 0.28025682182985556 0.49277688603531294 0.2629213483146068 0.49277688603531294
11 0.3688603531300161 0.4365971107544142 0.38619582664526486 0.4365971107544142 0.38619582664526486 0.4590690208667737 0.3688603531300161 0.4590690208667737
11 0.4738362760834672 0.43820224719101125 0.4902086677367576 0.43820224719101125 0.4902086677367576 0.4622792937399678 0.4738362760834672 0.4622792937399678
11 0.5913322632423756 0.434991974317817 0.606741573033708 0.434991974317817 0.606741573033708 0.46548956661316204 0.5913322632423756 0.46548956661316204
11 0.6953451043338684 0.4157303370786517 0.715569823434992 0.4157303370786517 0.715569823434992 0.4414125200642054 0.6953451043338684 0.4414125200642054
11 0.7020866773675764 0.5473515248796148 0.7155698234349921 0.5473515248796148 0.7155698234349921 0.5730337078651685 0.7020866773675764 0.5730337078651685
11 0.8378812199036919 0.44462279293739976 0.8513643659711075 0.44462279293739976 0.8513643659711075 0.4751203852327449 0.8378812199036919 0.4751203852327449
11 0.9245585874799359 0.48314606741573035 0.9399678972712681 0.48314606741573035 0.9399678972712681 0.5120385232744783 0.9245585874799359 0.5120385232744783
11 0.8359550561797754 0.521669341894061 0.8513643659711075 0.521669341894061 0.8513643659711075 0.5393258426966292 0.8359550561797754 0.5393258426966292
11 0.15987158908507224 0.7094703049759229 0.18202247191011234 0.7094703049759229 0.18202247191011234 0.7303370786516853 0.15987158908507224 0.7303370786516853
11 0.12134831460674159 0.7640449438202246 0.13675762439807385 0.7640449438202246 0.13675762439807385 0.7849117174959871 0.12134831460674159 0.7849117174959871
11 0.2879614767255217 0.7897271268057786 0.3024077046548957 0.7897271268057786 0.3024077046548957 0.8089887640449438 0.2879614767255217 0.8089887640449438
11 0.4054574638844302 0.781701444622793 0.418940609951846 0.781701444622793 0.418940609951846 0.8170144462279293 0.4054574638844302 0.8170144462279293
11 0.5113964686998396 0.7335473515248796 0.5248796147672553 0.7335473515248796 0.5248796147672553 0.7576243980738364 0.5113964686998396 0.7576243980738364
11 0.5104333868378813 0.8908507223113965 0.5229534510433388 0.8908507223113965 0.5229534510433388 0.9213483146067417 0.5104333868378813 0.9213483146067417
11 0.6731942215088282 0.7897271268057786 0.6886035313001605 0.7897271268057786 0.6886035313001605 0.8170144462279293 0.6731942215088282 0.8170144462279293
11 0.6751203852327449 0.8587479935794543 0.689566613162119 0.8587479935794543 0.689566613162119 0.8828250401284108 0.6751203852327449 0.8828250401284108
11 0.7406099518459069 0.8298555377207063 0.7560192616372392 0.8298555377207063 0.7560192616372392 0.8507223113964687 0.7406099518459069 0.8507223113964687
11 0.8003210272873195 0.7736757624398075 0.8157303370786518 0.7736757624398075 0.8157303370786518 0.8089887640449438 0.8003210272873195 0.8089887640449438
11 0.8869983948635636 0.7784911717495988 0.8975922953451044 0.7784911717495988 0.8975922953451044 0.8041733547351526 0.8869983948635636 0.8041733547351526
11 0.8012841091492777 0.8747993579454254 0.8157303370786518 0.8747993579454254 0.8157303370786518 0.897271268057785 0.8012841091492777 0.897271268057785
11 0.8860353130016052 0.8780096308186197 0.8985553772070627 0.8780096308186197 0.8985553772070627 0.9020866773675762 0.8860353130016052 0.9020866773675762
7 0.040449438202247195 0.0754414125200642 0.07800963081861959 0.0754414125200642 0.07800963081861959 0.14606741573033707 0.040449438202247195 0.14606741573033707
1 0.730016051364366 0.08186195826645265 0.773354735152488 0.08186195826645265 0.773354735152488 0.14446227929373998 0.730016051364366 0.14446227929373998
4 0.0009630818619582666 0.009630818619582664 0.03370786516853932 0.009630818619582664 0.03370786516853932 0.98876404494382 0.0009630818619582666 0.98876404494382
3 0.13675762439807385 0.06260032102728733 0.21861958266452647 0.06260032102728733 0.21861958266452647 0.17817014446227927 0.13675762439807385 0.17817014446227927
3 0.3621279668867244 0.04980516348659109 0.44302684329121866 0.04980516348659109 0.44302684329121866 0.1717955326679715 0.3621279668867244 0.1717955326679715
3 0.5922953451043339 0.05778491171749599 0.6731942215088283 0.05778491171749599 0.6731942215088283 0.17335473515248795 0.5922953451043339 0.17335473515248795
3 0.1955056179775281 0.2231139646869984 0.2773675762439808 0.2231139646869984 0.2773675762439808 0.3306581059390048 0.1955056179775281 0.3306581059390048
3 0.12905296950240772 0.4044943820224718 0.21091492776886037 0.4044943820224718 0.21091492776886037 0.5072231139646869 0.12905296950240772 0.5072231139646869
3 0.4834670947030498 0.3948635634028893 0.5614767255216694 0.3948635634028893 0.5614767255216694 0.5040128410914928 0.4834670947030498 0.5040128410914928
3 0.7117174959871589 0.3739967897271268 0.7926163723916535 0.3739967897271268 0.7926163723916535 0.4847512038523274 0.7117174959871589 0.4847512038523274
3 0.7126805778491172 0.5056179775280899 0.7935794542536116 0.5056179775280899 0.7935794542536116 0.6195826645264848 0.7126805778491172 0.6195826645264848
3 0.5181380417335474 0.6934189406099517 0.6038523274478331 0.6934189406099517 0.6038523274478331 0.7993579454253612 0.5181380417335474 0.7993579454253612
3 0.30144462279293743 0.7447833065810595 0.3784911717495987 0.7447833065810595 0.3784911717495987 0.8587479935794545 0.30144462279293743 0.8587479935794545
3 0.13194221508828252 0.723916532905297 0.21476725521669346 0.723916532905297 0.21476725521669346 0.8314606741573034 0.13194221508828252 0.8314606741573034
3 0.5239165329052969 0.8507223113964687 0.6009630818619583 0.8507223113964687 0.6009630818619583 0.9598715890850722 0.5239165329052969 0.9598715890850722
5 0.6038523274478331 0.406099518459069 0.6385232744783307 0.406099518459069 0.6385232744783307 0.49759229534510435 0.6038523274478331 0.49759229534510435
5 0.8263242375601927 0.46709470304975925 0.86677367576244 0.46709470304975925 0.86677367576244 0.5184590690208668 0.8263242375601927 0.5184590690208668
5 0.7512038523274479 0.8073836276083467 0.7887640449438202 0.8073836276083467 0.7887640449438202 0.8731942215088282 0.7512038523274479 0.8731942215088282
5 0.6703049759229535 0.812199036918138 0.6991974317817015 0.812199036918138 0.6991974317817015 0.8667736757624399 0.6703049759229535 0.8667736757624399
5 0.42086677367576253 0.7592295345104334 0.45553772070626003 0.7592295345104334 0.45553772070626003 0.8314606741573034 0.42086677367576253 0.8314606741573034
2 0.035634028892455864 0.42536115569823435 0.07030497592295344 0.42536115569823435 0.07030497592295344 0.478330658105939 0.035634028892455864 0.478330658105939
2 0.2590690208667737 0.08828250401284109 0.2918138041733547 0.08828250401284109 0.2918138041733547 0.14285714285714288 0.2590690208667737 0.14285714285714288
5 0.49213483146067427 0.07062600321027288 0.5268057784911718 0.07062600321027288 0.5268057784911718 0.14285714285714288 0.49213483146067427 0.14285714285714288
2 0.25810593900481543 0.42375601926163725 0.28892455858747995 0.42375601926163725 0.28892455858747995 0.4751203852327448 0.25810593900481543 0.4751203852327448
2 0.15120385232744785 0.4799357945425361 0.18587479935794546 0.4799357945425361 0.18587479935794546 0.5329052969502407 0.15120385232744785 0.5329052969502407
2 0.03756937940678853 0.7400291425407088 0.0760926538851192 0.7400291425407088 0.0760926538851192 0.7962089178216076 0.03756937940678853 0.7962089178216076
2 0.15987158908507224 0.8057784911717495 0.18876404494382024 0.8057784911717495 0.18876404494382024 0.8523274478330658 0.15987158908507224 0.8523274478330658
2 0.8070626003210273 0.7704654895666132 0.8407704654895667 0.7704654895666132 0.8407704654895667 0.8298555377207063 0.8070626003210273 0.8298555377207063
2 0.8975922953451044 0.7624398073836277 0.9255216693418941 0.7624398073836277 0.9255216693418941 0.8170144462279293 0.8975922953451044 0.8170144462279293
1 0.8908507223113965 0.8539325842696628 0.9303370786516856 0.8539325842696628 0.9303370786516856 0.9229534510433387 0.8908507223113965 0.9229534510433387
8 0.036248012718600946 0.4992050874403816 0.04674085850556437 0.4992050874403816 0.04674085850556437 0.5564387917329093 0.036248012718600946 0.5564387917329093
8 0.03720190779014308 0.1669316375198728 0.04864864864864864 0.1669316375198728 0.04864864864864864 0.22734499205087438 0.03720190779014308 0.22734499205087438
8 0.03815580286168521 0.13990461049284578 0.08012718600953896 0.13990461049284578 0.08012718600953896 0.15739268680445148 0.03815580286168521 0.15739268680445148
8 0.014308426073131953 0.36883942766295713 0.02289348171701112 0.36883942766295713 0.02289348171701112 0.605723370429253 0.014308426073131953 0.605723370429253
8 0.03910969793322734 0.8171701112877582 0.047694753577106515 0.8171701112877582 0.047694753577106515 0.8569157392686805 0.03910969793322734 0.8569157392686805
8 0.026709062003179643 0.8060413354531003 0.08489666136724959 0.8060413354531003 0.08489666136724959 0.8139904610492846 0.026709062003179643 0.8139904610492846
8 0.1354531001589825 0.5246422893481717 0.20699523052464228 0.5246422893481717 0.20699523052464228 0.548489666136725 0.1354531001589825 0.548489666136725
8 0.25087440381558024 0.47376788553259147 0.29666136724960246 0.47376788553259147 0.29666136724960246 0.49602543720190784 0.25087440381558024 0.49602543720190784
8 0.024801271860095387 0.4785373608903021 0.08489666136724959 0.4785373608903021 0.08489666136724959 0.48966613672496023 0.024801271860095387 0.48966613672496023
8 0.12019077901430839 0.19554848966613672 0.18314785373608897 0.19554848966613672 0.18314785373608897 0.21144674085850554 0.12019077901430839 0.21144674085850554
8 0.2518282988871224 0.13990461049284578 0.29570747217806037 0.13990461049284578 0.29570747217806037 0.1558028616852146 0.2518282988871224 0.1558028616852146
8 0.14976152623211444 0.10969793322734497 0.20127186009538944 0.10969793322734497 0.20127186009538944 0.12559618441971382 0.14976152623211444 0.12559618441971382
8 0.4015898251192368 0.19236883942766297 0.4569157392686804 0.19236883942766297 0.4569157392686804 0.22416534181240064 0.4015898251192368 0.22416534181240064
8 0.6648648648648647 0.2082670906200318 0.724006359300477 0.2082670906200318 0.724006359300477 0.22575516693163752 0.6648648648648647 0.22575516693163752
8 0.732591414944356 0.13990461049284578 0.7717011128775834 0.13990461049284578 0.7717011128775834 0.1558028616852146 0.732591414944356 0.1558028616852146
8 0.4893481717011127 0.14467408585055644 0.5303656597774243 0.14467408585055644 0.5303656597774243 0.1669316375198728 0.4893481717011127 0.1669316375198728
8 0.5093799682034975 0.24324324324324326 0.5265500794912559 0.24324324324324326 0.5265500794912559 0.2575516693163752 0.5093799682034975 0.2575516693163752
8 0.20699523052464225 0.2702702702702703 0.2642289348171701 0.2702702702702703 0.2642289348171701 0.2893481717011129 0.20699523052464225 0.2893481717011129
8 0.14403815580286167 0.4435612082670906 0.1926868044515103 0.4435612082670906 0.1926868044515103 0.4642289348171701 0.14403815580286167 0.4642289348171701
8 0.13831478537360894 0.7631160572337042 0.20604133545310013 0.7631160572337042 0.20604133545310013 0.7869634340222575 0.13831478537360894 0.7869634340222575
8 0.17837837837837836 0.7758346581875992 0.2461049284578696 0.7758346581875992 0.2461049284578696 0.7917329093799682 0.17837837837837836 0.7917329093799682
9 0.1955484896661367 0.712241653418124 0.22798092209856913 0.712241653418124 0.22798092209856913 0.7742448330683626 0.1955484896661367 0.7742448330683626
9 0.3758346581875993 0.4324324324324324 0.40922098569157395 0.4324324324324324 0.40922098569157395 0.4753577106518282 0.3758346581875993 0.4753577106518282
8 0.3720190779014308 0.4753577106518283 0.41589825119236873 0.4753577106518283 0.41589825119236873 0.492845786963434 0.3720190779014308 0.492845786963434
8 0.454054054054054 0.5691573926868044 0.5122416534181239 0.5691573926868044 0.5122416534181239 0.591414944356121 0.454054054054054 0.591414944356121
8 0.4922098569157392 0.4260731319554849 0.5570747217806041 0.4260731319554849 0.5570747217806041 0.49443561208267095 0.4922098569157392 0.49443561208267095
8 0.7268680445151031 0.4197138314785374 0.7831478537360889 0.4197138314785374 0.7831478537360889 0.43879173290938 0.7268680445151031 0.43879173290938
8 0.7230524642289348 0.5564387917329094 0.7802861685214626 0.5564387917329094 0.7802861685214626 0.5755166931637519 0.7230524642289348 0.5755166931637519
8 0.6066772655007947 0.48330683624801263 0.6372019077901431 0.48330683624801263 0.6372019077901431 0.5023847376788553 0.6066772655007947 0.5023847376788553
8 0.8203497615262321 0.5294117647058824 0.8699523052464229 0.5294117647058824 0.8699523052464229 0.5516693163751988 0.8203497615262321 0.5516693163751988
8 0.9319554848966612 0.5230524642289348 0.9701112877583465 0.5230524642289348 0.9701112877583465 0.5389507154213037 0.9319554848966612 0.5389507154213037
8 0.8127186009538948 0.9077901430842608 0.8375198728139903 0.9077901430842608 0.8375198728139903 0.9300476947535771 0.8127186009538948 0.9300476947535771
9 0.8069952305246422 0.8585055643879174 0.8413354531001589 0.8585055643879174 0.8413354531001589 0.9077901430842606 0.8069952305246422 0.9077901430842606
8 0.8804451510333862 0.8155802861685215 0.9405405405405404 0.8155802861685215 0.9405405405405404 0.8330683624801272 0.8804451510333862 0.8330683624801272
8 0.8928457869634339 0.9157392686804451 0.9329093799682032 0.9157392686804451 0.9329093799682032 0.9284578696343402 0.8928457869634339 0.9284578696343402
8 0.8060413354531001 0.8203497615262321 0.8422893481717011 0.8203497615262321 0.8422893481717011 0.8330683624801272 0.8060413354531001 0.8330683624801272
8 0.7411764705882352 0.8728139904610493 0.7955484896661366 0.8728139904610493 0.7955484896661366 0.8950715421303658 0.7411764705882352 0.8950715421303658
8 0.6562798092209856 0.8744038155802862 0.7135135135135134 0.8744038155802862 0.7135135135135134 0.8950715421303658 0.6562798092209856 0.8950715421303658
8 0.4798092209856915 0.7615262321144675 0.5160572337042925 0.7615262321144675 0.5160572337042925 0.7933227344992051 0.4798092209856915 0.7933227344992051
8 0.4359300476947535 0.8473767885532592 0.5017488076311606 0.8473767885532592 0.5017488076311606 0.8600953895071544 0.4359300476947535 0.8600953895071544
8 0.4187599364069952 0.8346581875993642 0.454054054054054 0.8346581875993642 0.454054054054054 0.8505564387917328 0.4187599364069952 0.8505564387917328
8 0.5351351351351351 0.8966613672496028 0.5895071542130366 0.8966613672496028 0.5895071542130366 0.918918918918919 0.5351351351351351 0.918918918918919
8 0.5341812400635929 0.740858505564388 0.5875993640699523 0.740858505564388 0.5875993640699523 0.7615262321144675 0.5341812400635929 0.7615262321144675
8 0.1507154213036566 0.8505564387917328 0.19841017488076312 0.8505564387917328 0.19841017488076312 0.8934817170111287 0.1507154213036566 0.8934817170111287
8 0.31001589825119236 0.7726550079491254 0.3672496025437202 0.7726550079491254 0.3672496025437202 0.8298887122416533 0.31001589825119236 0.8298887122416533
8 0.37106518282988865 0.08267090620031801 0.4359300476947535 0.08267090620031801 0.4359300476947535 0.14308426073131955 0.37106518282988865 0.14308426073131955
8 0.6076311605723369 0.10492845786963431 0.6639109697933226 0.10492845786963431 0.6639109697933226 0.13354531001589826 0.6076311605723369 0.13354531001589826
9 0.38728139904610487 0.03656597774244833 0.4197138314785373 0.03656597774244833 0.4197138314785373 0.08426073131955485 0.38728139904610487 0.08426073131955485
2 0.4120826709062003 0.15262321144674085 0.44260731319554847 0.15262321144674085 0.44260731319554847 0.18759936406995228 0.4120826709062003 0.18759936406995228
