10 0.10009624639076034 0.14170666683066477 0.1328200192492782 0.14170666683066477 0.1328200192492782 0.17626926849668056 0.10009624639076034 0.17626926849668056
10 0.15976900866217517 0.20219121974619242 0.17613089509143406 0.20219121974619242 0.17613089509143406 0.2747726832448256 0.15976900866217517 0.2747726832448256
10 0.16746871992300288 0.043203252082519746 0.17709335899903753 0.043203252082519746 0.17709335899903753 0.11405658549785214 0.16746871992300288 0.11405658549785214
10 0.16554379210779596 0.034562601666015796 0.23387872954764194 0.034562601666015796 0.23387872954764194 0.05875642283222686 0.16554379210779596 0.05875642283222686
10 0.2521655437921078 0.03974699191591817 0.3426371511068335 0.03974699191591817 0.3426371511068335 0.05875642283222686 0.2521655437921078 0.05875642283222686
10 0.32916265640038506 0.034562601666015796 0.3474494706448508 0.034562601666015796 0.3474494706448508 0.11405658549785214 0.32916265640038506 0.11405658549785214
10 0.2714148219441771 0.14516292699726635 0.30413859480269495 0.14516292699726635 0.30413859480269495 0.16762861808017662 0.2714148219441771 0.16762861808017662
10 0.20500481231953802 0.14861918716386793 0.2386910490856593 0.14861918716386793 0.2386910490856593 0.16417235791357507 0.20500481231953802 0.16417235791357507
10 0.24831568816169394 0.1883661790797861 0.2627526467757459 0.1883661790797861 0.2627526467757459 0.9591121962319384 0.24831568816169394 0.9591121962319384
10 0.24446583253128004 0.625583090154886 0.5351299326275265 0.625583090154886 0.5351299326275265 0.6428643909878938 0.24446583253128004 0.6428643909878938
10 0.5206929740134745 0.5115265046570339 0.534167468719923 0.5115265046570339 0.534167468719923 0.6497769113210972 0.5206929740134745 0.6497769113210972
10 0.49181905678537047 0.47350764282441643 0.5101058710298364 0.47350764282441643 0.5101058710298364 0.49942959407392823 0.49181905678537047 0.49942959407392823
10 0.37824831568816175 0.14861918716386793 0.39846005774783444 0.14861918716386793 0.39846005774783444 0.16417235791357507 0.37824831568816175 0.16417235791357507
10 0.38787295476419636 0.14516292699726635 0.3984600577478344 0.14516292699726635 0.3984600577478344 0.4977014639906276 0.38787295476419636 0.4977014639906276
10 0.38691049085659285 0.468323252574514 0.4128970163618864 0.468323252574514 0.4128970163618864 0.492517073740725 0.38691049085659285 0.492517073740725
10 0.5255052935514918 0.1538035774137703 0.5534167468719923 0.1538035774137703 0.5534167468719923 0.16590048799687582 0.5255052935514918 0.16590048799687582
10 0.2858517805582291 0.20391934982949322 0.3224254090471607 0.20391934982949322 0.3224254090471607 0.2402100815788098 0.2858517805582291 0.2402100815788098
10 0.3224254090471607 0.20046308966289164 0.3349374398460057 0.20046308966289164 0.3349374398460057 0.32661658574384933 0.3224254090471607 0.32661658574384933
10 0.35322425409047153 0.20219121974619242 0.36862367661212697 0.20219121974619242 0.36862367661212697 0.24712260191201296 0.35322425409047153 0.24712260191201296
10 0.3695861405197305 0.25576325232851693 0.4523580365736285 0.25576325232851693 0.4523580365736285 0.2730445531615248 0.3695861405197305 0.2730445531615248
10 0.4475457170356112 0.12615349608095766 0.4552454282964389 0.12615349608095766 0.4552454282964389 0.2782289434114272 0.4475457170356112 0.2782289434114272
10 0.4446583253128008 0.12096910583105529 0.5534167468719924 0.12096910583105529 0.5534167468719924 0.14170666683066477 0.4446583253128008 0.14170666683066477
10 0.6304138594802695 0.1244253659976569 0.6929740134744946 0.1244253659976569 0.6929740134744946 0.14516292699726638 0.6304138594802695 0.14516292699726638
10 0.6785370548604426 0.11751284566445372 0.6948989412897016 0.11751284566445372 0.6948989412897016 0.4665951224912133 0.6785370548604426 0.4665951224912133
10 0.629451395572666 0.1555317074970711 0.6535129932627527 0.1555317074970711 0.6535129932627527 0.22120065066250108 0.629451395572666 0.22120065066250108
10 0.6410009624639076 0.2574913824118177 0.6612127045235803 0.2574913824118177 0.6612127045235803 0.8295024399843792 0.6410009624639076 0.8295024399843792
10 0.6833493743984601 0.5115265046570339 0.6987487969201155 0.5115265046570339 0.6987487969201155 0.7655616269022499 0.6833493743984601 0.7655616269022499
10 0.7218479307025987 0.601389268988675 0.7295476419634264 0.601389268988675 0.7295476419634264 0.7759304074020547 0.7218479307025987 0.7759304074020547
10 0.7430221366698749 0.7966679684016643 0.7709335899903754 0.7966679684016643 0.7709335899903754 0.8208617895678754 0.7430221366698749 0.8208617895678754
10 0.7853705486044273 0.14689105708056716 0.8248315688161694 0.14689105708056716 0.8248315688161694 0.16762861808017662 0.7853705486044273 0.16762861808017662
10 0.7805582290664099 0.14689105708056716 0.793070259865255 0.14689105708056716 0.793070259865255 0.7862991879018596 0.7805582290664099 0.7862991879018596
10 0.7815206929740135 0.8467837408173872 0.7940327237728584 0.8467837408173872 0.7940327237728584 0.9504715458154345 0.7815206929740135 0.9504715458154345
10 0.24542829643888353 0.9331902449824266 0.8084696823869105 0.9331902449824266 0.8084696823869105 0.9642965864818409 0.24542829643888353 0.9642965864818409
10 0.7218479307025987 0.12269723591435609 0.7295476419634264 0.12269723591435609 0.7295476419634264 0.5685547974059599 0.7218479307025987 0.5685547974059599
10 0.7208854667949951 0.11751284566445372 0.8209817131857554 0.11751284566445372 0.8209817131857554 0.13825040666406319 0.7208854667949951 0.13825040666406319
10 0.8652550529355151 0.20219121974619242 0.8854667949951877 0.20219121974619242 0.8854667949951877 0.3006946344943375 0.8652550529355151 0.3006946344943375
10 0.8989412897016362 0.14170666683066477 0.9287776708373436 0.14170666683066477 0.9287776708373436 0.16590048799687585 0.8989412897016362 0.16590048799687585
10 0.8565928777670837 0.05357203258232448 0.8816169393647738 0.05357203258232448 0.8816169393647738 0.06394081308212922 0.8565928777670837 0.06394081308212922
10 0.8527430221366699 0.0 0.8594802694898941 0.0 0.8594802694898941 0.10887219524794974 0.8527430221366699 0.10887219524794974
11 0.11838306063522616 0.1347941464974616 0.13089509143407121 0.1347941464974616 0.13089509143407121 0.18318178882988373 0.11838306063522616 0.18318178882988373
11 0.1530317613089509 0.19009430916308687 0.18190567853705483 0.19009430916308687 0.18190567853705483 0.2194725205792003 0.1530317613089509 0.2194725205792003
11 0.2223291626564004 0.02937821141611343 0.23195380173243502 0.02937821141611343 0.23195380173243502 0.05702829274892607 0.2223291626564004 0.05702829274892607
11 0.3233878729547641 0.08467837408173871 0.3503368623676612 0.08467837408173871 0.3503368623676612 0.11060032533125055 0.3233878729547641 0.11060032533125055
11 0.28681424446583254 0.14170666683066477 0.3041385948026949 0.14170666683066477 0.3041385948026949 0.16762861808017662 0.28681424446583254 0.16762861808017662
11 0.22425409047160735 0.139978536747364 0.2396535129932628 0.139978536747364 0.2396535129932628 0.1710848782467782 0.22425409047160735 0.1710848782467782
11 0.2377285851780558 0.18145365874658295 0.26371511068334935 0.18145365874658295 0.26371511068334935 0.21428813032929797 0.2377285851780558 0.21428813032929797
11 0.3041385948026949 0.19355056932968848 0.31953801732435033 0.19355056932968848 0.31953801732435033 0.22811317099570427 0.3041385948026949 0.22811317099570427
11 0.3205004812319538 0.19700682949629006 0.3349374398460057 0.19700682949629006 0.3349374398460057 0.22465691082910266 0.3205004812319538 0.22465691082910266
11 0.34841193455245434 0.21947252057920033 0.36958614051973054 0.21947252057920033 0.36958614051973054 0.2540351222452162 0.34841193455245434 0.2540351222452162
11 0.4013474494706448 0.46313886232461177 0.4119345524542829 0.46313886232461177 0.4119345524542829 0.5063421144071316 0.4013474494706448 0.5063421144071316
11 0.5370548604427334 0.11751284566445372 0.5563041385948027 0.11751284566445372 0.5563041385948027 0.14343479691396557 0.5370548604427334 0.14343479691396557
11 0.6794995187680462 0.7430959358193396 0.6987487969201154 0.7430959358193396 0.6987487969201154 0.7776585374853555 0.6794995187680462 0.7776585374853555
11 0.6506256015399423 0.8053086188181682 0.6650625601539943 0.8053086188181682 0.6650625601539943 0.8364149603175823 0.6506256015399423 0.8364149603175823
11 0.7555341674687199 0.7949398383183633 0.7738209817131858 0.7949398383183633 0.7738209817131858 0.8329587001509807 0.7555341674687199 0.8329587001509807
11 0.8075072184793071 0.14689105708056716 0.8190567853705485 0.14689105708056716 0.8190567853705485 0.17454113841337976 0.8075072184793071 0.17454113841337976
11 0.8055822906641 0.11232845541455133 0.8180943214629451 0.11232845541455133 0.8180943214629451 0.139978536747364 0.8055822906641 0.139978536747364
11 0.8681424446583254 0.19700682949629006 0.8873917228103946 0.19700682949629006 0.8873917228103946 0.22811317099570427 0.8681424446583254 0.22811317099570427
11 0.9133782483156881 0.1347941464974616 0.9307025986525507 0.1347941464974616 0.9307025986525507 0.1676286180801766 0.9133782483156881 0.1676286180801766
11 0.4427333974975938 0.5374484559065457 0.4562078922040423 0.5374484559065457 0.4562078922040423 0.5530016266562529 0.4427333974975938 0.5530016266562529
11 0.42348411934552455 0.5305359355733426 0.4340712223291627 0.5305359355733426 0.4340712223291627 0.5530016266562529 0.42348411934552455 0.5530016266562529
10 0.4436958614051973 0.5322640656566433 0.45524542829643894 0.5322640656566433 0.45524542829643894 0.6169424397383819 0.4436958614051973 0.6169424397383819
10 0.4225216554379211 0.5322640656566433 0.4340712223291626 0.5322640656566433 0.4340712223291626 0.559914146989456 0.4225216554379211 0.559914146989456
11 0.6766121270452358 0.8588806514004927 0.687199230028874 0.8588806514004927 0.687199230028874 0.8744338221501997 0.6766121270452358 0.8744338221501997
10 0.6650625601539943 0.8606087814837935 0.6871992300288741 0.8606087814837935 0.6871992300288741 0.8951713831498093 0.6650625601539943 0.8951713831498093
11 0.5399422521655438 0.1538035774137703 0.5505293551491818 0.1538035774137703 0.5505293551491818 0.16935674816347743 0.5399422521655438 0.16935674816347743
10 0.5235803657362849 0.15207544733046952 0.5312800769971127 0.15207544733046952 0.5312800769971127 0.45795447207470935 0.5235803657362849 0.45795447207470935
10 0.5871029836381135 0.205647479912794 0.5928777670837344 0.205647479912794 0.5928777670837344 0.2937821141611343 0.5871029836381135 0.2937821141611343
10 0.6082771896053898 0.20910374007939558 0.6256015399422522 0.20910374007939558 0.6256015399422522 0.2402100815788098 0.6082771896053898 0.2402100815788098
11 0.5803657362848893 0.19527869941298925 0.5967276227141481 0.19527869941298925 0.5967276227141481 0.22465691082910272 0.5803657362848893 0.22465691082910272
11 0.6063522617901829 0.205647479912794 0.6179018286814244 0.205647479912794 0.6179018286814244 0.2194725205792003 0.6063522617901829 0.2194725205792003
11 0.6737247353224254 0.4337606509084983 0.699711260827719 0.4337606509084983 0.699711260827719 0.46313886232461177 0.6737247353224254 0.46313886232461177
11 0.7179980750721849 0.6083017893218781 0.7353224254090472 0.6083017893218781 0.7353224254090472 0.6342237405713899 0.7179980750721849 0.6342237405713899
11 0.5004812319538018 0.4700513826578149 0.5091434071222329 0.4700513826578149 0.5091434071222329 0.5028858542405299 0.5004812319538018 0.5028858542405299
7 0.068334937439846 0.12269723591435609 0.10009624639076034 0.12269723591435609 0.10009624639076034 0.19527869941298923 0.068334937439846 0.19527869941298923
1 0.9287776708373436 0.12096910583105529 0.9557266602502406 0.12096910583105529 0.9557266602502406 0.18145365874658298 0.9287776708373436 0.18145365874658298
4 0.0 0.0 0.040423484119345515 0.0 0.040423484119345515 0.3335291060770524 0.0 0.3335291060770524
4 0.0 0.3318009759937517 0.03753609239653513 0.3318009759937517 0.03753609239653513 0.6584175617376011 0.0 0.6584175617376011
4 0.0 0.6376800007379915 0.03946102021174207 0.6376800007379915 0.03946102021174207 0.9971310580645559 0.0 0.9971310580645559
3 0.1260827718960539 0.09850341474814503 0.2165543792107796 0.09850341474814503 0.2165543792107796 0.2125600002459972 0.1260827718960539 0.2125600002459972
3 0.2964388835418672 0.1036878049980474 0.3782483156881617 0.1036878049980474 0.3782483156881617 0.20910374007939558 0.2964388835418672 0.20910374007939558
3 0.5476419634263715 0.1036878049980474 0.6313763233878731 0.1036878049980474 0.6313763233878731 0.205647479912794 0.5476419634263715 0.205647479912794
3 0.8161693936477383 0.1036878049980474 0.9008662175168433 0.1036878049980474 0.9008662175168433 0.205647479912794 0.8161693936477383 0.205647479912794
3 0.40808469682386916 0.43548878099179894 0.4956689124157845 0.43548878099179894 0.4956689124157845 0.5409047160731472 0.40808469682386916 0.5409047160731472
3 0.6631376323387873 0.7586491065690468 0.7468719923002888 0.7586491065690468 0.7468719923002888 0.8744338221501996 0.6631376323387873 0.8744338221501996
5 0.7709335899903753 0.7724741472354532 0.8026948989412896 0.7724741472354532 0.8026948989412896 0.8519681310672894 0.7709335899903753 0.8519681310672894
5 0.5062560153994226 0.4406731712417015 0.5486044273339751 0.4406731712417015 0.5486044273339751 0.5184390249902371 0.5062560153994226 0.5184390249902371
5 0.233878729547642 0.11232845541455133 0.27141482194417704 0.11232845541455133 0.27141482194417704 0.18490991891318453 0.233878729547642 0.18490991891318453
0 0.5428296438883542 0.271316423078224 0.588065447545717 0.271316423078224 0.588065447545717 0.33871349632695485 0.5428296438883542 0.33871349632695485
0 0.5399422521655438 0.22465691082910266 0.5851780558229066 0.22465691082910266 0.5851780558229066 0.2730445531615248 0.5399422521655438 0.2730445531615248
0 0.6246390760346487 0.22292878074580189 0.6689124157844082 0.22292878074580189 0.6689124157844082 0.26267577266172004 0.6246390760346487 0.26267577266172004
0 0.3734359961501444 0.5357203258232449 0.4177093358999038 0.5357203258232449 0.4177093358999038 0.592748618572171 0.3734359961501444 0.592748618572171
0 0.3695861405197305 0.5806517079890654 0.41963426371511064 0.5806517079890654 0.41963426371511064 0.6376800007379914 0.3695861405197305 0.6376800007379914
10 0.35514918190567857 0.2920539840778335 0.368623676612127 0.2920539840778335 0.368623676612127 0.518439024990237 0.35514918190567857 0.518439024990237
10 0.35322425409047153 0.49078894365742437 0.40615976900866213 0.49078894365742437 0.40615976900866213 0.5253515453234402 0.35322425409047153 0.5253515453234402
11 0.39268527430221367 0.4994295940739283 0.40808469682386916 0.4994295940739283 0.40808469682386916 0.5322640656566434 0.39268527430221367 0.5322640656566434
0 0.34841193455245434 0.24193821166211057 0.372473532242541 0.24193821166211057 0.372473532242541 0.30587902474423984 0.34841193455245434 0.30587902474423984
0 0.26371511068334935 0.3006946344943375 0.31183830606352264 0.3006946344943375 0.31183830606352264 0.3473541467434587 0.26371511068334935 0.3473541467434587
0 0.2666025024061598 0.23675382141220822 0.31376323387872956 0.23675382141220822 0.31376323387872956 0.28686959382793115 0.2666025024061598 0.28686959382793115
0 0.10587102983638114 0.2402100815788098 0.1568816169393648 0.2402100815788098 0.1568816169393648 0.279957073494728 0.10587102983638114 0.279957073494728
0 0.2281039461020212 0.01382504066640632 0.2540904716073148 0.01382504066640632 0.2540904716073148 0.08122211391513716 0.2281039461020212 0.08122211391513716
0 0.670837343599615 0.4424013013250022 0.7035611164581329 0.4424013013250022 0.7035611164581329 0.5253515453234402 0.670837343599615 0.5253515453234402
0 0.7074109720885466 0.5391765859898464 0.7478344562078922 0.5391765859898464 0.7478344562078922 0.6203986999049836 0.7074109720885466 0.6203986999049836
0 0.615014436958614 0.8571525213171917 0.6669874879692012 0.8571525213171917 0.6669874879692012 0.9159089441494186 0.615014436958614 0.9159089441494186
0 0.8103946102021174 0.279957073494728 0.8594802694898941 0.279957073494728 0.8594802694898941 0.3231603255772478 0.8103946102021174 0.3231603255772478
0 0.8123195380173243 0.21428813032929792 0.8633301251203078 0.21428813032929792 0.8633301251203078 0.26267577266172004 0.8123195380173243 0.26267577266172004
0 0.8758421559191532 0.02765008133281264 0.904716073147257 0.02765008133281264 0.904716073147257 0.08813463424834028 0.8758421559191532 0.08813463424834028
8 0.0562661482962024 0.1952054794520548 0.11348596012284891 0.1952054794520548 0.11348596012284891 0.2585616438356164 0.0562661482962024 0.2585616438356164
8 0.11443962365329302 0.2825342465753425 0.1573544825232779 0.2825342465753425 0.1573544825232779 0.2962328767123288 0.11443962365329302 0.2962328767123288
8 4.235116836977453e-19 0.0136986301369863 0.038146541217764326 0.0136986301369863 0.038146541217764326 0.32191780821917787 4.235116836977453e-19 0.32191780821917787
8 0.003814654121776434 0.3476027397260274 0.036239214156876136 0.3476027397260274 0.036239214156876136 0.6284246575342465 0.003814654121776434 0.6284246575342465
8 0.010490298834885194 0.6797945205479452 0.030517232974211467 0.6797945205479452 0.030517232974211467 0.9777397260273972 0.010490298834885194 0.9777397260273972
8 0.1354202213230635 0.13356164383561644 0.2002693413932628 0.13356164383561644 0.2002693413932628 0.18664383561643844 0.1354202213230635 0.18664383561643844
8 0.2117133037585921 0.07705479452054795 0.27560876029834736 0.07705479452054795 0.27560876029834736 0.0993150684931507 0.2117133037585921 0.0993150684931507
8 0.2603501438112416 0.33561643835616445 0.31661629210744396 0.33561643835616445 0.31661629210744396 0.3544520547945206 0.2603501438112416 0.3544520547945206
8 0.2670257885243504 0.2773972602739726 0.30994064739433524 0.2773972602739726 0.30994064739433524 0.2962328767123288 0.2670257885243504 0.2962328767123288
8 0.3395042168381026 0.3013698630136986 0.3833727392385316 0.3013698630136986 0.3833727392385316 0.31849315068493145 0.3395042168381026 0.31849315068493145
8 0.37288244040364643 0.21575342465753428 0.40530700043874607 0.21575342465753428 0.40530700043874607 0.23630136986301373 0.37288244040364643 0.23630136986301373
8 0.3032650026812265 0.1095890410958904 0.3747897674645347 0.1095890410958904 0.3747897674645347 0.2123287671232877 0.3032650026812265 0.2123287671232877
8 0.5598004923706917 0.1232876712328767 0.6227422853800029 0.1232876712328767 0.6227422853800029 0.18321917808219176 0.5598004923706917 0.18321917808219176
8 0.5989006971189001 0.2517123287671233 0.6980817042850874 0.2517123287671233 0.6980817042850874 0.2773972602739726 0.5989006971189001 0.2773972602739726
8 0.47397077463072196 0.3818493150684932 0.571244454736021 0.3818493150684932 0.571244454736021 0.4263698630136986 0.47397077463072196 0.4263698630136986
8 0.36620679569053766 0.636986301369863 0.4224729439867401 0.636986301369863 0.4224729439867401 0.6558219178082192 0.36620679569053766 0.6558219178082192
8 0.3623921415687612 0.5753424657534246 0.42533393457807245 0.5753424657534246 0.42533393457807245 0.5941780821917808 0.3623921415687612 0.5941780821917808
8 0.4978123628918247 0.535958904109589 0.5588468288402476 0.535958904109589 0.5588468288402476 0.5787671232876711 0.4978123628918247 0.5787671232876711
8 0.5521711841271388 0.45890410958904115 0.6265569395017792 0.45890410958904115 0.6265569395017792 0.4965753424657534 0.5521711841271388 0.4965753424657534
8 0.6971280407546433 0.43493150684931514 0.7572088431726222 0.43493150684931514 0.7572088431726222 0.4537671232876712 0.6971280407546433 0.4537671232876712
8 0.6647034807195437 0.5171232876712328 0.7123866572417492 0.5171232876712328 0.7123866572417492 0.5359589041095891 0.6647034807195437 0.5359589041095891
8 0.737181909033296 0.5308219178082192 0.7848650855555013 0.5308219178082192 0.7848650855555013 0.559931506849315 0.737181909033296 0.559931506849315
8 0.7009426948764198 0.613013698630137 0.7486258713986254 0.613013698630137 0.7486258713986254 0.636986301369863 0.7009426948764198 0.636986301369863
8 0.5893640618144591 0.9058219178082192 0.6894987325110906 0.9058219178082192 0.6894987325110906 0.9280821917808221 0.5893640618144591 0.9280821917808221
8 0.7495795349290693 0.8698630136986303 0.8287336079559302 0.8698630136986303 0.8287336079559302 0.9126712328767124 0.7495795349290693 0.9126712328767124
8 0.8106140008774922 0.7808219178082192 0.8611581679910301 0.7808219178082192 0.8611581679910301 0.8321917808219178 0.8106140008774922 0.8321917808219178
8 0.8039383561643835 0.3150684931506849 0.8630654950519182 0.3150684931506849 0.8630654950519182 0.3407534246575342 0.8039383561643835 0.3407534246575342
8 0.7848650855555013 0.2534246575342466 0.8916754009652414 0.2534246575342466 0.8916754009652414 0.2773972602739726 0.7848650855555013 0.2773972602739726
8 0.9069340174523473 0.1832191780821918 0.9765514551747672 0.1832191780821918 0.9765514551747672 0.25856164383561636 0.9069340174523473 0.25856164383561636
8 0.8659264856432506 0.0839041095890411 0.9145633256958999 0.0839041095890411 0.9145633256958999 0.10273972602739724 0.8659264856432506 0.10273972602739724
8 0.8993047092087942 0.003424657534246575 0.9546171939745525 0.003424657534246575 0.9546171939745525 0.0273972602739726 0.8993047092087942 0.0273972602739726
8 0.8268262808950422 0.11643835616438354 0.887860746843465 0.11643835616438354 0.887860746843465 0.20034246575342468 0.8268262808950422 0.20034246575342468
8 0.5311905864573685 0.3133561643835616 0.5941323794666795 0.3133561643835616 0.5941323794666795 0.3287671232876712 0.5311905864573685 0.3287671232876712
8 0.5397735582313654 0.2585616438356164 0.587456734753571 0.2585616438356164 0.587456734753571 0.27397260273972607 0.5397735582313654 0.27397260273972607
8 0.4186582898649636 0.44691780821917804 0.4873220640569394 0.44691780821917804 0.4873220640569394 0.5256849315068493 0.4186582898649636 0.5256849315068493
8 0.6713791254326524 0.780821917808219 0.7371819090332958 0.780821917808219 0.7371819090332958 0.8561643835616437 0.6713791254326524 0.8561643835616437
