8 0.3890992516037063 0.028532608695652176 0.6052655024946544 0.028532608695652176 0.6052655024946544 0.047554347826086966 0.3890992516037063 0.047554347826086966
8 0.1537182228557852 0.11956521739130437 0.8502539201710622 0.11956521739130437 0.8502539201710622 0.1875 0.1537182228557852 0.1875
8 0.22577363981943452 0.2608695652173913 0.7589837253504396 0.2608695652173913 0.7589837253504396 0.30434782608695654 0.22577363981943452 0.30434782608695654
8 0.14891452839154193 0.3817934782608695 0.8358428367783319 0.3817934782608695 0.8358428367783319 0.43070652173913043 0.14891452839154193 0.43070652173913043
8 0.18734408410548822 0.5040760869565217 0.8166280589213589 0.5040760869565217 0.8166280589213589 0.5258152173913043 0.18734408410548822 0.5258152173913043
8 0.22577363981943452 0.6046195652173914 0.7974132810643859 0.6046195652173914 0.7974132810643859 0.6440217391304349 0.22577363981943452 0.6440217391304349
8 0.20655886196246137 0.7241847826086957 0.7878058921358992 0.7241847826086957 0.7878058921358992 0.767663043478261 0.20655886196246137 0.767663043478261
8 0.16812930624851508 0.8464673913043478 0.8262354478498455 0.8464673913043478 0.8262354478498455 0.8872282608695651 0.16812930624851508 0.8872282608695651
8 0.20175516749821812 0.9605978260869565 0.8022169755286291 0.9605978260869565 0.8022169755286291 0.9796195652173915 0.20175516749821812 0.9796195652173915
10 0.47556575196008555 0.055706521739130425 0.5380137799952485 0.055706521739130425 0.5380137799952485 0.1059782608695652 0.47556575196008555 0.1059782608695652
10 0.48517314088857205 0.19836956521739127 0.5284063910667617 0.19836956521739127 0.5284063910667617 0.2513586956521739 0.48517314088857205 0.2513586956521739
10 0.47556575196008555 0.3179347826086957 0.5284063910667618 0.3179347826086957 0.5284063910667618 0.3736413043478261 0.47556575196008555 0.3736413043478261
10 0.47556575196008555 0.44293478260869573 0.5332100855310049 0.44293478260869573 0.5332100855310049 0.4932065217391305 0.47556575196008555 0.4932065217391305
10 0.48517314088857216 0.5339673913043477 0.5236026966025185 0.5339673913043477 0.5236026966025185 0.5896739130434782 0.48517314088857216 0.5896739130434782
10 0.4755657519600852 0.6603260869565216 0.5236026966025182 0.6603260869565216 0.5236026966025182 0.7105978260869564 0.4755657519600852 0.7105978260869564
10 0.4803694464243288 0.78125 0.5284063910667618 0.78125 0.5284063910667618 0.830163043478261 0.4803694464243288 0.830163043478261
10 0.485173140888572 0.9035326086956513 0.5284063910667616 0.9035326086956513 0.5284063910667616 0.9497282608695642 0.485173140888572 0.9497282608695642
11 0.4611546685673556 0.08967391304347826 0.5476211689237348 0.08967391304347826 0.5476211689237348 0.1059782608695652 0.4611546685673556 0.1059782608695652
11 0.47556575196008555 0.23505434782608695 0.5284063910667618 0.23505434782608695 0.5284063910667618 0.24864130434782608 0.47556575196008555 0.24864130434782608
11 0.4611546685673556 0.35597826086956524 0.5332100855310052 0.35597826086956524 0.5332100855310052 0.3709239130434781 0.4611546685673556 0.3709239130434781
11 0.4611546685673556 0.47690217391304346 0.5380137799952482 0.47690217391304346 0.5380137799952482 0.4959239130434783 0.4611546685673556 0.4959239130434783
11 0.47556575196008555 0.5747282608695652 0.5284063910667618 0.5747282608695652 0.5284063910667618 0.59375 0.47556575196008555 0.59375
11 0.47556575196008555 0.6983695652173914 0.5284063910667618 0.6983695652173914 0.5284063910667618 0.7105978260869565 0.47556575196008555 0.7105978260869565
11 0.47556575196008555 0.8206521739130435 0.5332100855310049 0.8206521739130435 0.5332100855310049 0.830163043478261 0.47556575196008555 0.830163043478261
11 0.47556575196008555 0.9415760869565216 0.5284063910667618 0.9415760869565216 0.5284063910667618 0.951086956521739 0.47556575196008555 0.951086956521739
3 0.3410623069612735 0.016304347826086953 0.6533024471370873 0.016304347826086953 0.6533024471370873 0.058423913043478264 0.3410623069612735 0.058423913043478264
3 0.05284063910667616 0.09918478260869563 0.9607388928486577 0.09918478260869563 0.9607388928486577 0.20516304347826086 0.05284063910667616 0.20516304347826086
3 0.05284063910667616 0.2432065217391304 0.9511315039201712 0.2432065217391304 0.9511315039201712 0.32336956521739124 0.05284063910667616 0.32336956521739124
3 0.05284063910667616 0.3654891304347825 0.9511315039201712 0.3654891304347825 0.9511315039201712 0.44565217391304346 0.05284063910667616 0.44565217391304346
3 0.09127019482062249 0.4850543478260869 0.9175056426704679 0.4850543478260869 0.9175056426704679 0.5448369565217391 0.09127019482062249 0.5448369565217391
3 0.12489605607032547 0.5842391304347826 0.8886834758850082 0.5842391304347826 0.8886834758850082 0.6644021739130435 0.12489605607032547 0.6644021739130435
3 0.12489605607032547 0.705163043478261 0.8886834758850082 0.705163043478261 0.8886834758850082 0.7880434782608696 0.12489605607032547 0.7880434782608696
3 0.062448028035162736 0.8274456521739131 0.9463278094559278 0.8274456521739131 0.9463278094559278 0.9035326086956521 0.062448028035162736 0.9035326086956521
3 0.14411083392729862 0.9483695652173915 0.8598613090995485 0.9483695652173915 0.8598613090995485 0.9904891304347826 0.14411083392729862 0.9904891304347826
