10 0.0712784588441331 0.35625 0.1021015761821366 0.35625 0.1021015761821366 0.38125000000000003 0.0712784588441331 0.38125000000000003
10 0.20709281961471102 0.096875 0.2186514886164623 0.096875 0.2186514886164623 0.290625 0.20709281961471102 0.290625
10 0.23309982486865144 0.090625 0.24273204903677753 0.090625 0.24273204903677753 0.29375 0.23309982486865144 0.29375
10 0.16952714535901925 0.35625 0.18975481611208406 0.35625 0.18975481611208406 0.384375 0.16952714535901925 0.384375
10 0.2600700525394045 0.35625 0.2793345008756567 0.35625 0.2793345008756567 0.384375 0.2600700525394045 0.384375
10 0.3342381786339754 0.359375 0.3544658493870402 0.359375 0.3544658493870402 0.38125 0.3342381786339754 0.38125
10 0.4257443082311734 0.35 0.448861646234676 0.35 0.448861646234676 0.38125 0.4257443082311734 0.38125
10 0.47294220665499115 0.359375 0.49509632224168126 0.359375 0.49509632224168126 0.38125 0.47294220665499115 0.38125
10 0.45753064798598947 0.409375 0.4700525394045534 0.409375 0.4700525394045534 0.521875 0.45753064798598947 0.521875
10 0.4112959719789842 0.478125 0.4247810858143608 0.478125 0.4247810858143608 0.590625 0.4112959719789842 0.590625
10 0.5162872154115585 0.45625000000000004 0.5288806775360156 0.45625000000000004 0.5288806775360156 0.8843749999999999 0.5162872154115585 0.8843749999999999
10 0.6097197898423817 0.44375 0.6270577933450088 0.44375 0.6270577933450088 0.890625 0.6097197898423817 0.890625
10 0.7272329246935201 0.609375 0.7436077057793343 0.609375 0.7436077057793343 0.88125 0.7272329246935201 0.88125
10 0.7850262697022766 0.659375 0.7956217162872152 0.659375 0.7956217162872152 0.890625 0.7850262697022766 0.890625
10 0.8861646234676006 0.425 0.9015761821366024 0.425 0.9015761821366024 0.89375 0.8861646234676006 0.89375
10 0.05875656742556917 0.390625 0.06838879159369525 0.390625 0.06838879159369525 0.9 0.05875656742556917 0.9
10 0.20420315236427322 0.60625 0.2138353765323993 0.60625 0.2138353765323993 0.88125 0.20420315236427322 0.88125
10 0.24658493870402798 0.5375 0.2677758318739054 0.5375 0.2677758318739054 0.56875 0.24658493870402798 0.56875
10 0.14737302977232924 0.446875 0.17145359019264447 0.446875 0.17145359019264447 0.5687500000000001 0.14737302977232924 0.5687500000000001
10 0.37276707530647984 0.446875 0.3833625218914186 0.446875 0.3833625218914186 0.8875 0.37276707530647984 0.8875
10 0.30148861646234676 0.45 0.3120840630472854 0.45 0.3120840630472854 0.884375 0.30148861646234676 0.884375
10 0.6636602451838879 0.346875 0.6838879159369526 0.346875 0.6838879159369526 0.39375 0.6636602451838879 0.39375
10 0.5490367775831874 0.35625 0.5711908931698775 0.35625 0.5711908931698775 0.3875 0.5490367775831874 0.3875
10 0.5788966725043783 0.08125 0.5933450087565675 0.08125 0.5933450087565675 0.29375 0.5788966725043783 0.29375
10 0.6424693520140105 0.08125 0.6540280210157617 0.08125 0.6540280210157617 0.290625 0.6424693520140105 0.290625
10 0.7859894921190893 0.075 0.796584938704028 0.075 0.796584938704028 0.5375000000000001 0.7859894921190893 0.5375000000000001
10 0.7089316987740805 0.35625 0.8245183887915937 0.35625 0.8245183887915937 0.378125 0.7089316987740805 0.378125
10 0.8302977232924692 0.40625 0.8370402802101575 0.40625 0.8370402802101575 0.584375 0.8302977232924692 0.584375
10 0.8177758318739053 0.56875 0.836077057793345 0.56875 0.836077057793345 0.596875 0.8177758318739053 0.596875
10 0.690630472854641 0.403125 0.7012259194395797 0.403125 0.7012259194395797 0.609375 0.690630472854641 0.609375
10 0.6877408056042031 0.5625 0.7233800350262697 0.5625 0.7233800350262697 0.6 0.6877408056042031 0.6
10 0.739754816112084 0.565625 0.7609457092819615 0.565625 0.7609457092819615 0.596875 0.739754816112084 0.596875
10 0.8466725043782837 0.353125 0.8688266199649736 0.353125 0.8688266199649736 0.38125000000000003 0.8466725043782837 0.38125000000000003
10 0.921803852889667 0.35625 0.9526269702276706 0.35625 0.9526269702276706 0.384375 0.921803852889667 0.384375
10 0.9564798598949211 0.384375 0.9651488616462347 0.384375 0.9651488616462347 0.884375 0.9564798598949211 0.884375
11 0.05394045534150613 0.39375 0.0712784588441331 0.39375 0.0712784588441331 0.41875 0.05394045534150613 0.41875
11 0.0924693520140105 0.346875 0.10306479859894921 0.346875 0.10306479859894921 0.396875 0.0924693520140105 0.396875
11 0.18397548161120839 0.346875 0.18975481611208406 0.346875 0.18975481611208406 0.39375 0.18397548161120839 0.39375
11 0.2032399299474606 0.1 0.22443082311733797 0.1 0.22443082311733797 0.115625 0.2032399299474606 0.115625
11 0.2273204903677758 0.25 0.2485113835376532 0.25 0.2485113835376532 0.303125 0.2273204903677758 0.303125
11 0.27355516637478106 0.346875 0.2822241681260946 0.346875 0.2822241681260946 0.396875 0.27355516637478106 0.396875
11 0.3486865148861646 0.35 0.35639229422066554 0.35 0.35639229422066554 0.39375 0.3486865148861646 0.39375
11 0.4382661996497373 0.3375 0.45271453590192645 0.3375 0.45271453590192645 0.3875 0.4382661996497373 0.3875
11 0.4845008756567425 0.35 0.49798598949211903 0.35 0.49798598949211903 0.39999999999999997 0.4845008756567425 0.39999999999999997
11 0.5634851138353765 0.35 0.5750437828371276 0.35 0.5750437828371276 0.38437499999999997 0.5634851138353765 0.38437499999999997
11 0.6732924693520139 0.334375 0.6877408056042031 0.334375 0.6877408056042031 0.396875 0.6732924693520139 0.396875
11 0.8148861646234675 0.35 0.8293345008756567 0.35 0.8293345008756567 0.38437499999999997 0.8148861646234675 0.38437499999999997
11 0.8591943957968475 0.34375 0.870753064798599 0.34375 0.870753064798599 0.39375 0.8591943957968475 0.39375
11 0.9439579684763573 0.353125 0.9545534150612959 0.353125 0.9545534150612959 0.390625 0.9439579684763573 0.390625
11 0.9545534150612959 0.84375 0.9709281961471103 0.84375 0.9709281961471103 0.8875 0.9545534150612959 0.8875
11 0.7802101576182136 0.64375 0.7985113835376533 0.64375 0.7985113835376533 0.6937500000000001 0.7802101576182136 0.6937500000000001
11 0.8842381786339755 0.85625 0.9054290718038529 0.85625 0.9054290718038529 0.8843749999999999 0.8842381786339755 0.8843749999999999
11 0.7185639229422065 0.846875 0.7474605954465848 0.846875 0.7474605954465848 0.890625 0.7185639229422065 0.890625
11 0.19649737302977233 0.85 0.21768826619964973 0.85 0.21768826619964973 0.8875 0.19649737302977233 0.8875
11 0.29570928196147106 0.859375 0.3149737302977233 0.859375 0.3149737302977233 0.89375 0.29570928196147106 0.89375
11 0.3669877408056042 0.8625 0.39299474605954465 0.8625 0.39299474605954465 0.884375 0.3669877408056042 0.884375
11 0.4546409807355516 0.396875 0.4700525394045534 0.396875 0.4700525394045534 0.440625 0.4546409807355516 0.440625
11 0.4180385288966725 0.546875 0.4276707530647986 0.546875 0.4276707530647986 0.603125 0.4180385288966725 0.603125
11 0.5124343257443082 0.4375 0.5336252189141856 0.4375 0.5336252189141856 0.48125 0.5124343257443082 0.48125
11 0.6068301225919439 0.84375 0.6328371278458844 0.84375 0.6328371278458844 0.8875 0.6068301225919439 0.8875
11 0.16663747810858143 0.534375 0.17530647985989492 0.534375 0.17530647985989492 0.584375 0.16663747810858143 0.584375
11 0.26199649737302977 0.5375 0.26873905429071804 0.5375 0.26873905429071804 0.58125 0.26199649737302977 0.58125
1 0.26199649737302977 0.509375 0.2870402802101576 0.509375 0.2870402802101576 0.590625 0.26199649737302977 0.590625
2 0.05394045534150613 0.3375 0.07513134851138353 0.3375 0.07513134851138353 0.3875 0.05394045534150613 0.3875
2 0.7185639229422065 0.54375 0.7474605954465848 0.54375 0.7474605954465848 0.6125 0.7185639229422065 0.6125
2 0.9497373029772328 0.334375 0.981523642732049 0.334375 0.981523642732049 0.40312499999999996 0.9497373029772328 0.40312499999999996
0 0.023117338003502626 0.728125 0.0520140105078809 0.728125 0.0520140105078809 0.85 0.023117338003502626 0.85
0 0.07609457092819615 0.721875 0.11654991243432572 0.721875 0.11654991243432572 0.821875 0.07609457092819615 0.821875
10 0.052977232924693515 0.790625 0.06357267950963222 0.790625 0.06357267950963222 0.828125 0.052977232924693515 0.828125
10 0.05683012259194395 0.753125 0.08091068301225919 0.753125 0.08091068301225919 0.784375 0.05683012259194395 0.784375
10 0.18782837127845883 0.778125 0.20901926444833624 0.778125 0.20901926444833624 0.803125 0.18782837127845883 0.803125
10 0.29089316987740804 0.7875 0.3053415061295972 0.7875 0.3053415061295972 0.7999999999999999 0.29089316987740804 0.7999999999999999
10 0.3043782837127846 0.753125 0.3265323992994746 0.753125 0.3265323992994746 0.7781250000000001 0.3043782837127846 0.7781250000000001
0 0.1560420315236427 0.74375 0.19264448336252188 0.74375 0.19264448336252188 0.8375 0.1560420315236427 0.8375
0 0.2436952714535902 0.73125 0.29859894921190894 0.73125 0.29859894921190894 0.85 0.2436952714535902 0.85
0 0.320753064798599 0.7125 0.3621716287215412 0.7125 0.3621716287215412 0.80625 0.320753064798599 0.80625
3 0.10113835376532399 0.271875 0.16952714535901925 0.271875 0.16952714535901925 0.45625000000000004 0.10113835376532399 0.45625000000000004
3 0.18782837127845883 0.271875 0.26295971978984234 0.271875 0.26295971978984234 0.459375 0.18782837127845883 0.459375
3 0.27355516637478106 0.278125 0.3342381786339755 0.278125 0.3342381786339755 0.459375 0.27355516637478106 0.459375
3 0.3525394045534151 0.278125 0.4315236427320491 0.278125 0.4315236427320491 0.459375 0.3525394045534151 0.459375
3 0.49316987740805596 0.26875 0.5499999999999999 0.26875 0.5499999999999999 0.46562499999999996 0.49316987740805596 0.46562499999999996
3 0.5692644483362521 0.2875 0.6646234676007006 0.2875 0.6646234676007006 0.453125 0.5692644483362521 0.453125
3 0.8649737302977233 0.303125 0.9266199649737301 0.303125 0.9266199649737301 0.43125 0.8649737302977233 0.43125
3 0.7609457092819615 0.49375 0.8187390542907179 0.49375 0.8187390542907179 0.671875 0.7609457092819615 0.671875
3 0.4209281961471103 0.5 0.5037653239929946 0.5 0.5037653239929946 0.625 0.4209281961471103 0.625
3 0.16952714535901925 0.4875 0.24947460595446583 0.4875 0.24947460595446583 0.609375 0.16952714535901925 0.609375
5 0.44500875656742556 0.296875 0.4767950963222417 0.296875 0.4767950963222417 0.396875 0.44500875656742556 0.396875
5 0.6858143607705779 0.315625 0.7050788091068302 0.315625 0.7050788091068302 0.4 0.6858143607705779 0.4
5 0.8197022767075306 0.321875 0.8447460595446584 0.321875 0.8447460595446584 0.40937500000000004 0.8197022767075306 0.40937500000000004
4 0.4594570928196148 0.884375 0.5259194395796847 0.884375 0.5259194395796847 0.9625 0.4594570928196148 0.9625
4 0.004816112084063047 0.2125 0.02985989492119089 0.2125 0.02985989492119089 0.621875 0.004816112084063047 0.621875
4 0.409369527145359 0.01875 0.5885288966725043 0.01875 0.5885288966725043 0.10312500000000001 0.409369527145359 0.10312500000000001
8 0.03339966275015859 0.26006191950464397 0.09542760785759598 0.26006191950464397 0.09542760785759598 0.3281733746130031 0.03339966275015859 0.3281733746130031
8 0.009542760785759599 0.26006191950464397 0.027674006278702833 0.26006191950464397 0.027674006278702833 0.6130030959752323 0.009542760785759599 0.6130030959752323
8 0.020994073728671115 0.78328173374613 0.055348012557405665 0.78328173374613 0.055348012557405665 0.8173374613003097 0.020994073728671115 0.8173374613003097
8 0.08015919060038063 0.7616099071207431 0.11069602511481133 0.7616099071207431 0.11069602511481133 0.7894736842105263 0.08015919060038063 0.7894736842105263
8 0.1565012768864574 0.7801857585139319 0.18799238747946406 0.7801857585139319 0.18799238747946406 0.804953560371517 0.1565012768864574 0.804953560371517
8 0.2452489521940217 0.7678018575851394 0.29391703220139564 0.7678018575851394 0.29391703220139564 0.8173374613003097 0.2452489521940217 0.8173374613003097
8 0.3254081427944023 0.7523219814241486 0.35689925338740897 0.7523219814241486 0.35689925338740897 0.7770897832817337 0.3254081427944023 0.7770897832817337
8 0.4723666588951001 0.891640866873065 0.5181719106667463 0.891640866873065 0.5181719106667463 0.9226006191950464 0.4723666588951001 0.9226006191950464
8 0.10401609256477962 0.3188854489164089 0.16604403767221698 0.3188854489164089 0.16604403767221698 0.43343653250774017 0.10401609256477962 0.43343653250774017
8 0.19562659610807176 0.3065015479876161 0.2538374369012053 0.3065015479876161 0.2538374369012053 0.4303405572755418 0.19562659610807176 0.4303405572755418
8 0.17176969414367277 0.5108359133126935 0.2471575043511736 0.5108359133126935 0.2471575043511736 0.609907120743034 0.17176969414367277 0.609907120743034
8 0.28246571925848396 0.2879256965944274 0.3273166949515542 0.2879256965944274 0.3273166949515542 0.44582043343653255 0.28246571925848396 0.44582043343653255
8 0.3578535294659849 0.30340557275541796 0.42751568320203 0.30340557275541796 0.42751568320203 0.436532507739938 0.3578535294659849 0.436532507739938
8 0.4962235608594991 0.2724458204334365 0.547754469102601 0.2724458204334365 0.547754469102601 0.4674922600619196 0.4962235608594991 0.4674922600619196
8 0.42465285496630206 0.5077399380804954 0.5000406651738029 0.5077399380804954 0.5000406651738029 0.6315789473684211 0.42465285496630206 0.6315789473684211
8 0.5735199232241519 0.337461300309598 0.6584504942174124 0.337461300309598 0.6584504942174124 0.4024767801857591 0.5735199232241519 0.4024767801857591
8 0.7109356785390901 0.3219814241486068 0.7576952063893121 0.3219814241486068 0.7576952063893121 0.34674922600619196 0.7109356785390901 0.34674922600619196
8 0.6966215373604505 0.4210526315789474 0.7271583718748814 0.4210526315789474 0.7271583718748814 0.4427244582043345 0.6966215373604505 0.4427244582043345
8 0.7147527828533939 0.46130030959752316 0.7529238259964323 0.46130030959752316 0.7529238259964323 0.541795665634675 0.7147527828533939 0.541795665634675
8 0.7653294150179191 0.5325077399380802 0.8139974950252938 0.5325077399380802 0.8139974950252938 0.6377708978328172 0.7653294150179191 0.6377708978328172
8 0.9437790417116244 0.22910216718266255 0.9809958087760868 0.22910216718266255 0.9809958087760868 0.3219814241486068 0.9437790417116244 0.3219814241486068
8 0.876025440132731 0.3188854489164087 0.9151507593543452 0.3188854489164087 0.9151507593543452 0.41486068111455104 0.876025440132731 0.41486068111455104
8 0.41701864633769437 0.043343653250773995 0.5840169600884872 0.043343653250773995 0.5840169600884872 0.0804953560371517 0.41701864633769437 0.0804953560371517
