10 0.13378248315688165 0.13080442454422453 0.20596727622714153 0.13080442454422453 0.20596727622714153 0.16271916977026407 0.13378248315688165 0.16271916977026407
10 0.3031761308950915 0.13660710549441354 0.3763233878729547 0.13660710549441354 0.3763233878729547 0.15691648882007508 0.3031761308950915 0.15691648882007508
10 0.21954895612370212 0.1988388969521045 0.23495590041308473 0.1988388969521045 0.23495590041308473 0.5181422351233672 0.21954895612370212 0.5181422351233672
10 0.2763620631908005 0.20609579100145137 0.29658367757061516 0.20609579100145137 0.29658367757061516 0.5224963715529753 0.2763620631908005 0.5224963715529753
10 0.13962543262252985 0.5660377358490566 0.20703081388857877 0.5660377358490566 0.20703081388857877 0.5892597968069666 0.13962543262252985 0.5892597968069666
10 0.30621301775147924 0.548621190130624 0.34954504856536783 0.548621190130624 0.34954504856536783 0.5703918722786646 0.30621301775147924 0.5703918722786646
10 0.375544267053701 0.6342525399129173 0.3851736072345651 0.6342525399129173 0.3851736072345651 0.8374455732946299 0.375544267053701 0.8374455732946299
10 0.375544267053701 0.8272859216255442 0.42080216590376235 0.8272859216255442 0.42080216590376235 0.841799709724238 0.375544267053701 0.841799709724238
10 0.5170955677124036 0.8243831640058055 0.5806492129061069 0.8243831640058055 0.5806492129061069 0.8403483309143688 0.5170955677124036 0.8403483309143688
10 0.6769426147147481 0.8214804063860668 0.7366445238361058 0.8214804063860668 0.7366445238361058 0.8432510885341075 0.6769426147147481 0.8432510885341075
11 0.1877721335268505 0.1262699564586357 0.2089566819247516 0.1262699564586357 0.2089566819247516 0.1625544267053701 0.1877721335268505 0.1625544267053701
11 0.36013732276431837 0.1320754716981132 0.3774701350898738 0.1320754716981132 0.3774701350898738 0.15965166908563136 0.36013732276431837 0.15965166908563136
11 0.27539912917271403 0.20754716981132076 0.29850954560678794 0.20754716981132076 0.29850954560678794 0.23657474600870834 0.27539912917271403 0.23657474600870834
11 0.21762308808752928 0.4920174165457185 0.2388076364854304 0.4920174165457185 0.2388076364854304 0.5224963715529753 0.21762308808752928 0.5224963715529753
11 0.18584626549067768 0.5602322206095791 0.2089566819247516 0.5602322206095791 0.2089566819247516 0.590711175616836 0.18584626549067768 0.590711175616836
11 0.33124930222172605 0.5471698113207547 0.35243385061962706 0.5471698113207547 0.35243385061962706 0.5791001451378811 0.33124930222172605 0.5791001451378811
11 0.40443228759629335 0.8127721335268505 0.424653901976108 0.8127721335268505 0.424653901976108 0.846153846153846 0.40443228759629335 0.846153846153846
11 0.5604275985262922 0.818577648766328 0.5825750809422797 0.818577648766328 0.5825750809422797 0.8447024673439767 0.5604275985262922 0.8447024673439767
11 0.7222005135648095 0.8171262699564587 0.739533325890365 0.8171262699564587 0.739533325890365 0.8447024673439768 0.7222005135648095 0.8447024673439768
7 0.0905157977001228 0.11030478955007257 0.1357736965501842 0.11030478955007257 0.1357736965501842 0.18577648766328012 0.0905157977001228 0.18577648766328012
7 0.10303393993524618 0.5442670537010159 0.14636597074913474 0.5442670537010159 0.14636597074913474 0.6197387518142236 0.10303393993524618 0.6197387518142236
1 0.3649519928547505 0.10159651669085631 0.42176509992184885 0.10159651669085631 0.42176509992184885 0.18722786647314946 0.3649519928547505 0.18722786647314946
1 0.7356815898180193 0.7880986937590712 0.7838282907223401 0.7880986937590712 0.7838282907223401 0.8780841799709724 0.7356815898180193 0.8780841799709724
4 0.016369878307469016 0.002902757619738752 0.06355364519370324 0.002902757619738752 0.06355364519370324 0.2931785195936139 0.016369878307469016 0.2931785195936139
4 0.05585017304901195 0.4310595065312046 0.08858992966394999 0.4310595065312046 0.08858992966394999 0.7198838896952104 0.05585017304901195 0.7198838896952104
4 0.052961370994752704 0.6966618287373003 0.09340459975438205 0.6966618287373003 0.09340459975438205 0.9738751814223512 0.052961370994752704 0.9738751814223512
3 0.20125320978006028 0.07256894049346879 0.3100647538238249 0.07256894049346879 0.3100647538238249 0.21335268505079827 0.20125320978006028 0.21335268505079827
3 0.20221614379814667 0.5079825834542816 0.30813888578765203 0.5079825834542816 0.30813888578765203 0.6444121915820028 0.20221614379814667 0.6444121915820028
3 0.34280451043876303 0.5079825834542816 0.4516160544825276 0.5079825834542816 0.4516160544825276 0.648766328011611 0.34280451043876303 0.648766328011611
3 0.41791336384950317 0.7648766328011611 0.5257619738751814 0.7648766328011611 0.5257619738751814 0.8998548621190132 0.41791336384950317 0.8998548621190132
3 0.5748716087975885 0.7663280116110305 0.6846460868594394 0.7663280116110305 0.6846460868594394 0.8969521044992743 0.5748716087975885 0.8969521044992743
8 0.025999218488333146 0.05224963715529753 0.043332030813888554 0.05224963715529753 0.043332030813888554 0.24673439767779387 0.025999218488333146 0.24673439767779387
8 0.026962152506419555 0.6531204644412192 0.041406162777715756 0.6531204644412192 0.041406162777715756 0.753265602322206 0.026962152506419555 0.753265602322206
8 0.06355364519370323 0.5166908563134979 0.07896058948308583 0.5166908563134979 0.07896058948308583 0.6429608127721336 0.06355364519370323 0.6429608127721336
8 0.06355364519370325 0.760522496371553 0.0760717874288266 0.760522496371553 0.0760717874288266 0.9013062409288826 0.06355364519370325 0.9013062409288826
8 0.21858602210561576 0.11320754716981134 0.2946578095344423 0.11320754716981134 0.2946578095344423 0.18432510885341075 0.21858602210561576 0.18432510885341075
8 0.3524338506196266 0.5631349782293186 0.44006084626549047 0.5631349782293186 0.44006084626549047 0.5892597968069673 0.3524338506196266 0.5892597968069673
8 0.21666015406944278 0.554426705370102 0.2917690074801831 0.554426705370102 0.2917690074801831 0.600870827285922 0.21666015406944278 0.600870827285922
8 0.43139444010271266 0.8156748911465896 0.5122808976219716 0.8156748911465896 0.5122808976219716 0.8447024673439771 0.43139444010271266 0.8447024673439771
8 0.5873897510327118 0.8156748911465891 0.6711650106062298 0.8156748911465891 0.6711650106062298 0.8417997097242381 0.5873897510327118 0.8417997097242381
