8 0.4134362984324164 0.057065217391304345 0.6186455560485064 0.057065217391304345 0.6186455560485064 0.09510869565217392 0.4134362984324164 0.09510869565217392
8 0.16899585921325047 0.22826086956521738 0.857050428867199 0.22826086956521738 0.857050428867199 0.26358695652173914 0.16899585921325047 0.26358695652173914
8 0.2806538376220053 0.39402173913043476 0.7574635832593908 0.39402173913043476 0.7574635832593908 0.43342391304347827 0.2806538376220053 0.43342391304347827
8 0.2776360544217687 0.563858695652174 0.7634991496598639 0.563858695652174 0.7634991496598639 0.5991847826086957 0.2776360544217687 0.5991847826086957
8 0.2565115720201124 0.732336956521739 0.7816058488612836 0.732336956521739 0.7816058488612836 0.7717391304347826 0.2565115720201124 0.7717391304347826
8 0.38024068322981364 0.9035326086956522 0.6488233880508725 0.9035326086956522 0.6488233880508725 0.9347826086956522 0.38024068322981364 0.9347826086956522
10 0.4979342280390417 0.11548913043478261 0.5401831928423543 0.11548913043478261 0.5401831928423543 0.19972826086956522 0.4979342280390417 0.19972826086956522
10 0.49491644483880504 0.28125 0.5341476264418811 0.28125 0.5341476264418811 0.37092391304347827 0.49491644483880504 0.37092391304347827
10 0.5009520112392782 0.452445652173913 0.5401831928423543 0.452445652173913 0.5401831928423543 0.5421195652173912 0.5009520112392782 0.5421195652173912
10 0.48888087843833183 0.6195652173913043 0.5432009760425909 0.6195652173913043 0.5432009760425909 0.7133152173913044 0.48888087843833183 0.7133152173913044
10 0.4979342280390417 0.7880434782608695 0.5311298432416445 0.7880434782608695 0.5311298432416445 0.8777173913043478 0.4979342280390417 0.8777173913043478
11 0.48284531203785863 0.18478260869565216 0.5401831928423543 0.18478260869565216 0.5401831928423543 0.20244565217391305 0.48284531203785863 0.20244565217391305
11 0.48284531203785863 0.35190217391304346 0.5401831928423543 0.35190217391304346 0.5401831928423543 0.37228260869565216 0.48284531203785863 0.37228260869565216
11 0.49491644483880504 0.5163043478260869 0.5401831928423543 0.5163043478260869 0.5401831928423543 0.5394021739130435 0.49491644483880504 0.5394021739130435
11 0.4858630952380951 0.6875 0.5432009760425909 0.6875 0.5432009760425909 0.7133152173913043 0.4858630952380951 0.7133152173913043
11 0.48888087843833183 0.8586956521739131 0.5401831928423543 0.8586956521739131 0.5401831928423543 0.8790760869565216 0.48888087843833183 0.8790760869565216
3 0.3591162008281573 0.02717391304347826 0.6699478704525288 0.02717391304347826 0.6699478704525288 0.12228260869565218 0.3591162008281573 0.12228260869565218
3 0.06337344720496894 0.19429347826086957 0.9626728408754804 0.19429347826086957 0.9626728408754804 0.2907608695652174 0.06337344720496894 0.2907608695652174
3 0.17201364241348713 0.3641304347826086 0.8570504288671991 0.3641304347826086 0.8570504288671991 0.46059782608695643 0.17201364241348713 0.46059782608695643
3 0.16296029281277724 0.53125 0.8691215616681454 0.53125 0.8691215616681454 0.6331521739130435 0.16296029281277724 0.6331521739130435
3 0.1508891600118308 0.701086956521739 0.8811926944690919 0.701086956521739 0.8811926944690919 0.7975543478260867 0.1508891600118308 0.7975543478260867
3 0.31988501922508134 0.8709239130434782 0.7001257024548948 0.8709239130434782 0.7001257024548948 0.967391304347826 0.31988501922508134 0.967391304347826
