10 0.4879610655737705 0.09646739130434784 0.5480722113328582 0.09646739130434784 0.5480722113328582 0.16983695652173914 0.4879610655737705 0.16983695652173914
10 0.49503296507483957 0.24048913043478262 0.5374643620812545 0.24048913043478262 0.5374643620812545 0.3220108695652174 0.49503296507483957 0.3220108695652174
10 0.4879610655737705 0.391304347826087 0.5445362615823235 0.391304347826087 0.5445362615823235 0.4741847826086957 0.4879610655737705 0.4741847826086957
10 0.4879610655737705 0.5394021739130435 0.5374643620812545 0.5394021739130435 0.5374643620812545 0.6182065217391305 0.4879610655737705 0.6182065217391305
10 0.5021048645759087 0.688858695652174 0.5374643620812545 0.688858695652174 0.5374643620812545 0.7717391304347827 0.5021048645759087 0.7717391304347827
10 0.4879610655737705 0.8328804347826086 0.5480722113328582 0.8328804347826086 0.5480722113328582 0.9171195652173915 0.4879610655737705 0.9171195652173915
11 0.4879610655737705 0.15625 0.5374643620812545 0.15625 0.5374643620812545 0.17255434782608695 0.4879610655737705 0.17255434782608695
11 0.4879610655737705 0.30434782608695654 0.5445362615823235 0.30434782608695654 0.5445362615823235 0.3206521739130434 0.4879610655737705 0.3206521739130434
11 0.4808891660727014 0.44836956521739135 0.5445362615823236 0.44836956521739135 0.5445362615823236 0.4741847826086957 0.4808891660727014 0.4741847826086957
11 0.49149701532430506 0.5991847826086957 0.5480722113328582 0.5991847826086957 0.5480722113328582 0.6236413043478259 0.49149701532430506 0.6236413043478259
11 0.4879610655737705 0.7472826086956522 0.5445362615823235 0.7472826086956522 0.5445362615823235 0.7690217391304349 0.4879610655737705 0.7690217391304349
11 0.49149701532430506 0.892663043478261 0.5445362615823236 0.892663043478261 0.5445362615823236 0.9211956521739132 0.49149701532430506 0.9211956521739132
3 0.09193469351389877 0.016304347826086956 0.9370266838916608 0.016304347826086956 0.9370266838916608 0.10190217391304347 0.09193469351389877 0.10190217391304347
8 0.205085085531005 0.04619565217391304 0.8238762918745547 0.04619565217391304 0.8238762918745547 0.07472826086956523 0.205085085531005 0.07472826086956523
8 0.14497393977191733 0.19701086956521738 0.8945952868852459 0.19701086956521738 0.8945952868852459 0.2255434782608696 0.14497393977191733 0.2255434782608696
8 0.20862103528153955 0.34103260869565216 0.8344841411261583 0.34103260869565216 0.8344841411261583 0.37092391304347827 0.20862103528153955 0.37092391304347827
8 0.2333726835352815 0.48777173913043476 0.8274122416250891 0.48777173913043476 0.8274122416250891 0.5217391304347826 0.2333726835352815 0.5217391304347826
8 0.21215698503207414 0.6358695652173914 0.8132684426229508 0.6358695652173914 0.8132684426229508 0.6630434782608696 0.21215698503207414 0.6630434782608696
8 0.205085085531005 0.7866847826086957 0.8380200908766927 0.7866847826086957 0.8380200908766927 0.8192934782608695 0.205085085531005 0.8192934782608695
8 0.4066342213114754 0.9320652173913043 0.6258631058446187 0.9320652173913043 0.6258631058446187 0.9660326086956522 0.4066342213114754 0.9660326086956522
3 0.03182354775481112 0.16576086956521738 0.9936018799002139 0.16576086956521738 0.9936018799002139 0.24864130434782608 0.03182354775481112 0.24864130434782608
3 0.09547064326443336 0.3125 0.94409858339273 0.3125 0.94409858339273 0.40353260869565216 0.09547064326443336 0.40353260869565216
3 0.10607849251603707 0.4619565217391305 0.9158109853884532 0.4619565217391305 0.9158109853884532 0.5489130434782609 0.10607849251603707 0.5489130434782609
3 0.10961444226657163 0.6114130434782609 0.9299547843905916 0.6114130434782609 0.9299547843905916 0.6942934782608695 0.10961444226657163 0.6942934782608695
3 0.08486279401282965 0.7595108695652173 0.9440985833927299 0.7595108695652173 0.9440985833927299 0.8451086956521738 0.08486279401282965 0.8451086956521738
3 0.30055572879543835 0.9089673913043478 0.7319415983606559 0.9089673913043478 0.7319415983606559 0.9891304347826086 0.30055572879543835 0.9891304347826086
