8 0.10635743174924166 0.1766304347826087 0.02791281014233492 0.012681159420289845
9 0.1121324959166213 0.17663043478260868 0.008662596251069452 0.016304347826086918
7 0.07459457882865365 0.1739130434782609 0.03946293847709419 0.06884057971014494
4 0.048606790075445286 0.1657608695652174 0.02983783153146147 0.17572463768115945
4 0.05197557750641674 0.503623188405797 0.03080034222602473 0.14130434782608695
4 0.04812553472816365 0.8460144927536232 0.03272536361515128 0.12318840579710141
1 0.8239091545461616 0.41576086956521735 0.04620051333903717 0.08876811594202899
1 0.8243904098934434 0.6032608695652173 0.03753791708796754 0.09057971014492744
9 0.15977677529750328 0.3894927536231884 0.017325192502138903 0.018115942028985543
9 0.15977677529750334 0.7989130434782608 0.021175235280392012 0.025362318840579854
9 0.2911594851053901 0.6784420289855072 0.018287703196702195 0.03442028985507235
9 0.43890487672085243 0.48007246376811596 0.011550128334759293 0.02536231884057976
9 0.5953128645873843 0.6068840579710144 0.014437660418449098 0.036231884057971085
1 0.5539249047211636 0.401268115942029 0.03368787430971452 0.08152173913043484
9 0.4129170879676441 0.6077898550724637 0.009625106945632709 0.0235507246376811
9 0.6795325503616706 0.42481884057971014 0.011550128334759222 0.02355072463768117
9 0.6790512950143889 0.6068840579710144 0.012512639029322514 0.02898550724637687
9 0.6915639340437116 0.4945652173913044 0.020212724585828852 0.021739130434782653
9 0.6987827642529362 0.6793478260869565 0.01540017111301225 0.025362318840579833
9 0.5986816520183558 0.9012681159420289 0.017325192502138903 0.023550724637681243
8 0.15929551995022168 0.3188405797101449 0.020212724585828745 0.17028985507246375
8 0.16025803064478494 0.6630434782608695 0.012512639029322531 0.3043478260869565
8 0.2492902698918877 0.861413043478261 0.09432604806720078 0.0235507246376811
8 0.2911594851053901 0.7672101449275363 0.02406276736408181 0.20471014492753625
8 0.4042544917165746 0.9030797101449275 0.4138795986622074 0.03079710144927532
8 0.37682293692152136 0.608695652173913 0.0856634518161313 0.032608695652173975
8 0.4398673874154157 0.5172101449275363 0.00962510694563278 0.11775362318840585
8 0.5322684140934899 0.6086956521739131 0.1501516683518706 0.010869565217391255
8 0.6203381426460294 0.49275362318840576 0.014437660418449098 0.1557971014492753
8 0.648732208135646 0.42210144927536236 0.07700085556506174 0.032608695652173905
8 0.7868524928054756 0.427536231884058 0.04716302403360032 0.018115942028985473
8 0.7868524928054756 0.6068840579710144 0.049088045422726906 0.02536231884057969
9 0.8012901532239247 0.42391304347826086 0.018287703196702126 0.02898550724637687
9 0.8012901532239247 0.6023550724637681 0.018287703196702126 0.045289855072463754
8 0.6598010811231236 0.6059782608695652 0.04523800264447381 0.030797101449275388
3 0.16073928599206655 0.16847826086956524 0.08277591973244147 0.13768115942028986
3 0.16122054133934824 0.4420289855072464 0.08758847320525785 0.14855072463768104
3 0.15929551995022165 0.855072463768116 0.08566345181613128 0.1413043478260869
3 0.2901969744108268 0.6023550724637681 0.0895134945943844 0.13586956521739124
3 0.440829898109979 0.4057971014492754 0.08470094112156801 0.13768115942028986
3 0.726695574395271 0.6077898550724637 0.08662596251069445 0.125
3 0.7262143190479894 0.421195652173913 0.08758847320525774 0.1322463768115942
5 0.4379423660262892 0.6105072463768115 0.0500505561172902 0.07608695652173907
5 0.6179318659096212 0.6077898550724637 0.04427549194991059 0.08152173913043477
0 0.618413121256903 0.8903985507246377 0.037537917087967616 0.125
