8 0.15160349854227406 0.13666527835624045 0.029154518950437323 0.019806562080614577
8 0.21039844509232264 0.24362071359155904 0.014577259475218653 0.11091674765144152
8 0.3206997084548105 0.25847563515202 0.011661807580174894 0.13666527835624045
8 0.27842565597667635 0.35552778934703133 0.05928085519922259 0.025748530704798895
8 0.3216715257531584 0.45257994354204273 0.01360544217687071 0.12082002869174886
8 0.3833819241982508 0.13369429404414826 0.04373177842565603 0.021787218288675997
8 0.391642371234208 0.058429358137812956 0.14577259475218665 0.04555509278541349
8 0.4640427599611273 0.280262853440696 0.012633624878522837 0.48922208339117956
8 0.4042759961127308 0.5585450506733306 0.08551992225461617 0.03169049932898325
8 0.5014577259475219 0.5654773474015456 0.05053449951409142 0.03763246795316768
8 0.6273080660835763 0.560525706881392 0.03401360544217688 0.03169049932898325
8 0.7439261418853255 0.564487019297515 0.03401360544217695 0.015845249664491662
8 0.7793974732750243 0.3733536952195845 0.01360544217687078 0.32284696191401735
8 0.7774538386783284 0.6833263917812024 0.011661807580175036 0.18222037114165401
8 0.8955296404275995 0.4783284742468416 0.008746355685131135 0.5842935813781296
8 0.8498542274052479 0.15152019991670138 0.06122448979591837 0.03763246795316766
8 0.9280855199222546 0.156471840436855 0.034985422740524824 0.03169049932898329
8 0.8386783284742468 0.8219723263455043 0.040816326530612346 0.035651811745106274
9 0.15694849368318756 0.13567495025220974 0.012633624878522837 0.033671155537044764
9 0.2079689018464529 0.2852144939608497 0.027210884353741492 0.023767874496737527
9 0.2978620019436346 0.356518117451062 0.018464528668610248 0.039613124161229155
9 0.3202137998056365 0.19707529270211488 0.02429543245869773 0.045555092785413503
9 0.3969873663751214 0.13369429404414826 0.022351797862001987 0.03367115553704478
9 0.3206997084548105 0.06833263917812023 0.011661807580174894 0.03367115553704475
9 0.4387755102040816 0.5595353787773613 0.020408163265306173 0.03763246795316768
9 0.5194363459669582 0.5625063630894535 0.018464528668610213 0.04357443657735203
9 0.6375121477162293 0.560525706881392 0.019436345966958157 0.04357443657735203
9 0.750728862973761 0.560525706881392 0.018464528668610286 0.04357443657735203
9 0.7784256559766763 0.7546300152714147 0.019436345966958157 0.031690499328983324
9 0.8483965014577259 0.8199916701374428 0.0194363459669583 0.04357443657735203
9 0.8722060252672498 0.15052987181267066 0.022351797862001917 0.047535748993474944
9 0.9353741496598639 0.15449118422879357 0.022351797862001917 0.03961312416122911
9 0.8955296404275995 0.2010366051182378 0.014577259475218653 0.03763246795316768
9 0.7784256559766763 0.22084316719885233 0.019436345966958157 0.03367115553704472
7 0.12001943634596696 0.12676199731593318 0.037900874635568516 0.08318756073858113
1 0.9523809523809524 0.15152019991670138 0.03692905733722057 0.06536165486602805
1 0.4154518950437318 0.134684622148179 0.03984450923226426 0.07922624832245823
4 0.07580174927113703 0.1445879031884863 0.03692905733722061 0.24164005738349764
4 0.07580174927113703 0.3446341802026933 0.04275996112730808 0.22579480771900598
4 0.07725947521865889 0.5872645656902217 0.03595724003887269 0.247582026007682
4 0.07823129251700679 0.8180110139293814 0.032069970845481056 0.265407931880235
3 0.20942662779397472 0.13369429404414826 0.09426627793974732 0.1287426535239946
3 0.32215743440233235 0.1307233097320561 0.09620991253644316 0.13864593456430194
3 0.2089407191448008 0.35849877365912347 0.09135082604470358 0.13468462214817897
3 0.3206997084548105 0.5595353787773614 0.09523809523809522 0.13270396594011757
3 0.565597667638484 0.5634966911934842 0.09912536443148688 0.1366652783562405
3 0.6870748299319728 0.560525706881392 0.09329446064139944 0.13468462214817897
3 0.7784256559766763 0.15647184043685503 0.09329446064139929 0.1307233097320561
3 0.7774538386783285 0.8199916701374428 0.09329446064139929 0.13468462214817906
3 0.8999028182701652 0.8190013420334121 0.09912536443148695 0.13666527835624037
5 0.46307094266277943 0.5595353787773613 0.047619047619047665 0.09705215419501137
5 0.3226433430515063 0.36246008607524643 0.03887269193391646 0.0831875607385811
5 0.7759961127308066 0.5545837382572077 0.0456754130223517 0.09111018557082694
5 0.8979591836734693 0.15052987181267063 0.03304178814382894 0.08714887315470404
