8 0.08669001751313486 0.36875 0.0308231173380035 0.025
8 0.2128721541155867 0.19375 0.011558669001751305 0.19375000000000003
8 0.2379159369527145 0.1921875 0.009632224168126093 0.203125
8 0.17964098073555163 0.3703125 0.020227670753064794 0.028125
8 0.2697022767075306 0.3703125 0.019264448336252186 0.028125
8 0.34435201401050786 0.3703125 0.020227670753064756 0.021875
8 0.43730297723292466 0.365625 0.02311733800350261 0.03125
8 0.4840192644483362 0.3703125 0.02215411558669004 0.021875
8 0.46379159369527145 0.465625 0.012521891418563911 0.1125
8 0.4180385288966725 0.534375 0.013485113835376553 0.11249999999999993
8 0.526401050788091 0.6703125 0.020227670753064756 0.428125
8 0.6183887915936953 0.6671875 0.017338003502627045 0.446875
8 0.7354203152364271 0.7453125 0.016374781085814333 0.271875
8 0.7903239929947461 0.775 0.010595446584938628 0.23125
8 0.8938704028021016 0.659375 0.015411558669001835 0.46875
8 0.06357267950963222 0.6453125 0.009632224168126084 0.509375
8 0.20901926444833627 0.74375 0.009632224168126093 0.2750000000000001
8 0.2571803852889667 0.553125 0.0211908931698774 0.03125
8 0.15941330998248687 0.5078125 0.024080560420315214 0.121875
8 0.3780647985989492 0.6671875 0.01059544658493877 0.440625
8 0.3067863397548161 0.6671875 0.010595446584938663 0.434375
8 0.6737740805604201 0.3703125 0.020227670753064756 0.046875
8 0.5601138353765324 0.371875 0.02215411558669004 0.03125
8 0.5861208406304728 0.1875 0.014448336252189123 0.2125
8 0.648248686514886 0.1859375 0.01155866900175127 0.20937500000000003
8 0.7912872154115587 0.30625 0.01059544658493877 0.4625
8 0.766725043782837 0.3671875 0.11558669001751326 0.021875
8 0.8336690017513135 0.4953125 0.006742556917688347 0.178125
8 0.8269264448336251 0.5828125 0.018301225919439616 0.02812500000000007
8 0.6959281961471103 0.50625 0.01059544658493877 0.20625
8 0.7055604203152365 0.58125 0.03563922942206659 0.0375
8 0.7503502626970229 0.58125 0.0211908931698774 0.03125
8 0.8577495621716287 0.3671875 0.022154115586689897 0.028125
8 0.937215411558669 0.3703125 0.03082311733800353 0.028125
8 0.9608143607705779 0.634375 0.008669001751313488 0.5
9 0.06260945709281962 0.40625 0.017338003502626976 0.025
9 0.09776707530647986 0.371875 0.0105954465849387 0.05
9 0.18686514886164624 0.3703125 0.0057793345008756705 0.046875
9 0.2138353765323993 0.1078125 0.0211908931698774 0.015625
9 0.2379159369527145 0.2765625 0.0211908931698774 0.053124999999999964
9 0.2778896672504378 0.371875 0.008669001751313523 0.05
9 0.3525394045534151 0.371875 0.007705779334500918 0.04375
9 0.44549036777583184 0.3625 0.014448336252189123 0.05
9 0.4912434325744308 0.375 0.013485113835376553 0.05
9 0.5692644483362521 0.3671875 0.01155866900175127 0.034375
9 0.6805166374781086 0.365625 0.014448336252189194 0.0625
9 0.822110332749562 0.3671875 0.014448336252189194 0.034375
9 0.8649737302977232 0.36875 0.011558669001751412 0.05
9 0.9492556917688265 0.371875 0.010595446584938628 0.0375
9 0.962740805604203 0.865625 0.016374781085814333 0.04375
9 0.7893607705779334 0.66875 0.018301225919439616 0.05
9 0.8948336252189142 0.8703125 0.0211908931698774 0.028125
9 0.7330122591943957 0.86875 0.028896672504378388 0.04375
9 0.20709281961471102 0.86875 0.0211908931698774 0.0375
9 0.3053415061295972 0.8765625 0.019264448336252224 0.034375
9 0.3799912434325744 0.8734375 0.026007005253940462 0.021875
9 0.4623467600700525 0.41875 0.015411558669001764 0.04375
9 0.42285464098073555 0.575 0.00963222416812613 0.05625
9 0.5230297723292469 0.459375 0.021190893169877326 0.04375
9 0.6198336252189143 0.865625 0.026007005253940535 0.04375
9 0.1709719789842382 0.559375 0.008669001751313488 0.049999999999999926
9 0.26536777583187393 0.559375 0.006742556917688276 0.043750000000000074
1 0.2745183887915937 0.55 0.025043782837127822 0.08124999999999993
2 0.06453590192644483 0.3625 0.021190893169877406 0.05
2 0.7330122591943957 0.578125 0.028896672504378388 0.06875000000000014
2 0.965630472854641 0.36875 0.031786339754816026 0.06875
0 0.03756567425569177 0.7890625 0.02889667250437828 0.121875
0 0.09632224168126094 0.771875 0.04045534150612959 0.1
8 0.05827495621716286 0.809375 0.010595446584938708 0.0375
8 0.06887040280210158 0.76875 0.024080560420315235 0.03125
8 0.19842381786339755 0.790625 0.0211908931698774 0.025
8 0.2981173380035026 0.79375 0.014448336252189158 0.0125
8 0.3154553415061296 0.765625 0.02215411558669004 0.025
0 0.1743432574430823 0.790625 0.03660245183887916 0.09375
0 0.2711471103327496 0.790625 0.054903677758318746 0.11875
0 0.34146234676007003 0.759375 0.04141856392294216 0.09375
3 0.13533274956217162 0.3640625 0.06838879159369528 0.18437500000000004
3 0.2253940455341506 0.365625 0.0751313485113835 0.18750000000000003
3 0.30389667250437824 0.36875 0.06068301225919441 0.18125
3 0.3920315236427321 0.36875 0.07898423817863395 0.18125
3 0.5215849387040279 0.3671875 0.05683012259194392 0.196875
3 0.6169439579684763 0.3703125 0.09535901926444837 0.16562500000000002
3 0.8957968476357269 0.3671875 0.06164623467600691 0.12812500000000004
3 0.7898423817863397 0.5828125 0.05779334500875649 0.178125
3 0.4623467600700525 0.5625 0.08283712784588432 0.125
3 0.20950087565674252 0.5484375 0.07994746059544657 0.121875
5 0.4609019264448337 0.346875 0.031786339754816095 0.1
5 0.695446584938704 0.3578125 0.01926444833625226 0.084375
5 0.8322241681260946 0.365625 0.025043782837127822 0.0875
4 0.49268826619964967 0.9234375 0.06646234676006997 0.078125
4 0.01733800350262697 0.4171875 0.025043782837127843 0.40937499999999993
4 0.49894921190893166 0.0609375 0.1791593695271453 0.084375
