8 0.09766763848396501 0.38855116514690985 0.02429543245869775 0.024460848169054826
8 0.14431486880466474 0.38384715588363005 0.03206997084548106 0.018816037053119104
8 0.1899902818270165 0.3829063540309741 0.0281827016520894 0.020697640758431037
8 0.25704567541302237 0.3829063540309741 0.028182701652089363 0.01317122593718338
8 0.3075801749271137 0.38572875958894204 0.028182701652089363 0.022579244463742966
8 0.3581146744412051 0.38478795773628605 0.028182701652089363 0.01693443334780717
8 0.4076773566569486 0.3829063540309741 0.02429543245869773 0.020697640758431037
8 0.4810495626822157 0.3829063540309741 0.04859086491739546 0.016934433347807244
8 0.5447035957240038 0.3829063540309741 0.039844509232264326 0.016934433347807244
8 0.6015549076773568 0.3819655521783181 0.029154518950437306 0.018816037053119173
8 0.6686103012633626 0.38572875958894204 0.031098153547133193 0.018816037053119104
8 0.7755102040816326 0.3800839484730062 0.06997084548104965 0.018816037053119173
8 0.8445092322643343 0.3829063540309741 0.03692905733722057 0.020697640758431037
8 0.9188532555879495 0.3866695614415979 0.028182701652089293 0.016934433347807244
8 0.17055393586005832 0.43747286148501957 0.008746355685131206 0.06585612968591689
8 0.18415937803692906 0.4666377189173542 0.037900874635568516 0.026342451874366832
8 0.26093294460641403 0.46757852077001016 0.04178814382896018 0.020697640758431037
8 0.2813411078717201 0.44499927630626723 0.00680272108843539 0.07338254450716462
8 0.21914480077745385 0.2436676798378926 0.010689990281827022 0.2540165002171081
8 0.24829931972789118 0.09596178897090751 0.03790087463556855 0.015052829642495293
8 0.35034013605442177 0.0921985815602837 0.03790087463556844 0.018816037053119104
8 0.46938775510204084 0.09408018526559561 0.10495626822157433 0.018816037053119104
8 0.5971817298347911 0.09502098711825155 0.1117589893100098 0.01693443334780721
8 0.6895043731778426 0.0921985815602837 0.0359572400388727 0.015052829642495293
8 0.7900874635568513 0.09125777970762773 0.06608357628765787 0.020697640758431037
8 0.6627793974732751 0.28600376320741067 0.00971817298347915 0.3311622521348966
8 0.6292517006802721 0.2822405557967868 0.012633624878522766 0.18063395570994353
8 0.5310981535471331 0.14017947604573744 0.008746355685131135 0.06585612968591692
8 0.5685131195335278 0.16934433347807207 0.09523809523809526 0.030105659284990587
8 0.6768707482993197 0.17404834274135186 0.07094266277939738 0.01693443334780717
8 0.7881438289601554 0.1731075408886959 0.06413994169096213 0.018816037053119104
8 0.11904761904761905 0.4779273411492257 0.010689990281827004 0.15052829642495297
8 0.1360544217687075 0.5484874800984223 0.04859086491739553 0.03575047040092628
8 0.22448979591836732 0.5531914893617021 0.0563654033041788 0.015052829642495168
8 0.22011661807580174 0.6209292227529309 0.010689990281827022 0.26342451874366773
8 0.1778425655976676 0.7178318135764944 0.007774538386783298 0.2803589520914749
8 0.293002915451895 0.7686351136199161 0.12342079689018462 0.020697640758431106
8 0.39795918367346933 0.7714575191778839 0.05150631681243922 0.01881603705311903
8 0.4708454810495627 0.7705167173252279 0.05539358600583086 0.020697640758430964
8 0.5456754130223518 0.7714575191778839 0.03790087463556844 0.01881603705311903
8 0.6433430515063168 0.7714575191778841 0.05830903790087476 0.01505282964249531
8 0.7643343051506316 0.7695759154725721 0.08843537414965993 0.018816037053119173
8 0.5743440233236151 0.6152844116369952 0.011661807580174965 0.2596613113330438
8 0.47521865889212833 0.7140686061658706 0.009718172983479078 0.2803589520914748
8 0.3323615160349854 0.4732233318859459 0.005830903790087447 0.14864669271964104
8 0.3493683187560738 0.5484874800984224 0.04373177842565589 0.02822405557967876
8 0.42517006802721086 0.5550730930670141 0.06511175898931007 0.01881603705311903
8 0.434402332361516 0.5738891301201332 0.011661807580174965 0.3462150817773918
8 0.5174927113702624 0.4384136633376755 0.012633624878522837 0.08279056303372415
8 0.5349854227405249 0.47040092632797803 0.057337220602526814 0.02257924446374304
8 0.6137026239067055 0.4732233318859459 0.059280855199222555 0.016934433347807244
8 0.69533527696793 0.4741641337386018 0.03401360544217681 0.018816037053119104
8 0.7983479105928084 0.46569691706469823 0.039844509232264326 0.020697640758431037
8 0.8158406219630708 0.47604573744391376 0.008746355685131135 0.15052829642495305
8 0.6584062196307094 0.5475466782457664 0.32750242954324593 0.018816037053119173
8 0.8848396501457727 0.48639455782312924 0.008746355685131277 0.14864669271964104
8 0.8736637512147716 0.5484874800984224 0.025267249757045817 0.016934433347807313
8 0.24246841593780372 0.878708930380663 0.1078717201166181 0.01881603705311903
8 0.29543245869776485 0.9022289766970618 0.017492711370262377 0.07714575191778834
8 0.4747327502429543 0.9266898248661167 0.3838678328474247 0.03198726299030241
8 0.3639455782312925 0.833550441453177 0.01068999028182695 0.086553770444348
8 0.40816326530612246 0.8711825155594153 0.10495626822157433 0.02634245187436676
8 0.5262390670553936 0.876827326675351 0.08066083576287653 0.015052829642495168
8 0.6321671525753159 0.876827326675351 0.03790087463556844 0.018816037053119173
8 0.6953352769679302 0.876827326675351 0.0456754130223517 0.015052829642495168
8 0.7852283770651118 0.877768128528007 0.04859086491739546 0.020697640758431106
9 0.10398445092322643 0.3866695614415979 0.015549076773566579 0.028224055579678692
9 0.15257531584062195 0.3819655521783181 0.013605442176870746 0.03386886669561449
9 0.19582118561710396 0.38384715588363005 0.020408163265306135 0.026342451874366832
9 0.2653061224489796 0.3829063540309741 0.021379980563654043 0.0244608481690549
9 0.31584062196307094 0.3810247503256622 0.017492711370262412 0.03198726299030255
9 0.3663751214771622 0.3829063540309741 0.01943634596695823 0.020697640758431037
9 0.4115646258503402 0.37914314662035026 0.01652089407191447 0.028224055579678692
9 0.499514091350826 0.3819655521783181 0.017492711370262343 0.02634245187436676
9 0.5568513119533528 0.3810247503256622 0.019436345966958157 0.020697640758431106
9 0.608843537414966 0.3810247503256622 0.012633624878522837 0.03198726299030255
9 0.6778425655976676 0.38384715588363005 0.012633624878522908 0.022579244463742966
9 0.8002915451895043 0.3829063540309741 0.018464528668610144 0.03575047040092635
9 0.8517978620019437 0.3819655521783181 0.020408163265306173 0.03763207410623828
9 0.924198250728863 0.3866695614415979 0.01360544217687078 0.028224055579678692
9 0.8848396501457725 0.42242003184252425 0.0165208940719144 0.03198726299030255
9 0.8163265306122449 0.4158344188739326 0.017492711370262412 0.03010565928499062
9 0.706025267249757 0.4741641337386018 0.018464528668610286 0.022579244463742966
9 0.6355685131195336 0.4741641337386018 0.017492711370262343 0.026342451874366832
9 0.554907677356657 0.4713417281806339 0.015549076773566525 0.03575047040092635
9 0.36540330417881434 0.5475466782457664 0.01943634596695823 0.03010565928499062
9 0.1977648202137998 0.46287451150673037 0.018464528668610286 0.03763207410623828
9 0.1511175898931001 0.5466058763931104 0.022351797862001952 0.043276885222174
9 0.24149659863945577 0.5494282819510783 0.01652089407191447 0.018816037053119173
9 0.17589893100097187 0.8448400636850485 0.015549076773566562 0.02634245187436676
9 0.3469387755102041 0.7658127080619482 0.01360544217687078 0.03386886669561449
9 0.41885325558794945 0.7723983210305398 0.017492711370262412 0.03198726299030255
9 0.43245869776482027 0.730062237661022 0.017492711370262485 0.02634245187436676
9 0.4931972789115647 0.7714575191778839 0.014577259475218653 0.02634245187436676
9 0.5592808551992225 0.7714575191778841 0.018464528668610286 0.02257924446374304
9 0.6637512147716229 0.7714575191778839 0.021379980563654043 0.02634245187436676
9 0.7978620019436345 0.7686351136199161 0.025267249757045817 0.028224055579678692
9 0.6452866861030127 0.8721233174120713 0.0194363459669583 0.03198726299030255
9 0.7103984450923226 0.8740049211173831 0.02721088435374156 0.020697640758430964
9 0.8036929057337221 0.8749457229700391 0.0213799805636539 0.03010565928499048
9 0.45724003887269193 0.8711825155594153 0.012633624878522837 0.03386886669561449
9 0.5612244897959183 0.877768128528007 0.014577259475218582 0.024460848169054684
9 0.6622934888241011 0.9106961933709654 0.020408163265306173 0.022579244463742897
9 0.21865889212827988 0.1241858445505862 0.017492711370262377 0.030105659284990604
9 0.260932944606414 0.09031697785497178 0.022351797862001987 0.02634245187436676
9 0.358600583090379 0.09125777970762773 0.015549076773566525 0.028224055579678674
9 0.5136054421768708 0.09313938341293966 0.020408163265306173 0.020697640758431016
9 0.6457725947521865 0.09408018526559561 0.024295432458697804 0.02257924446374293
9 0.7016520894071914 0.09313938341293966 0.017492711370262412 0.03951367781155016
9 0.814868804664723 0.09125777970762773 0.02040816326530603 0.0319872629903025
9 0.608357628765792 0.16746272977276014 0.025267249757045675 0.03763207410623824
9 0.7026239067055394 0.17404834274135184 0.025267249757045675 0.024460848169054864
9 0.8143828960155491 0.17592994644666377 0.019436345966958157 0.028224055579678692
9 0.6277939747327502 0.20885801128962223 0.01943634596695823 0.030105659284990587
9 0.6637512147716231 0.12230424084527428 0.017492711370262412 0.030105659284990587
1 0.945092322643343 0.3857287595889419 0.028182701652089293 0.07902735562310027
1 0.8187560738581147 0.7686351136199161 0.02623906705539355 0.08467216673903621
1 0.8172983479105927 0.8702417137067593 0.029154518950437306 0.06585612968591689
1 0.8304178814382897 0.17028513533072803 0.028182701652089436 0.06585612968591692
1 0.8304178814382897 0.08655377044434796 0.02623906705539355 0.06773773339122885
4 0.03644314868804665 0.1354754667824577 0.024295432458697766 0.21073961499493418
4 0.03644314868804665 0.4741641337386018 0.028182701652089408 0.35750470400926326
4 0.03595724003887269 0.8382544507164568 0.029154518950437316 0.27659574468085096
3 0.21914480077745385 0.3810247503256622 0.057337220602526745 0.06961933709654076
3 0.2973760932944607 0.08467216673903605 0.07774538386783288 0.07150094080185267
3 0.38969873663751214 0.09031697785497178 0.06219630709426625 0.06773773339122884
3 0.7332361516034986 0.08655377044434796 0.05539358600583086 0.05268490374873354
8 0.3853255587949465 0.23802286872195688 0.01068999028182695 0.25025329280648423
9 0.38241010689990285 0.3499782891880156 0.0165208940719144 0.03386886669561442
3 0.22206025267249757 0.47228253003328985 0.04178814382896018 0.06773773339122875
3 0.17881438289601553 0.5503690838037343 0.04081632653061227 0.0620929222752931
3 0.47716229348882405 0.5503690838037342 0.04859086491739553 0.06585612968591698
3 0.4382896015549076 0.37914314662035026 0.046647230320699645 0.06585612968591689
3 0.6331389698736638 0.3810247503256622 0.0437317784256561 0.06585612968591689
3 0.7128279883381924 0.38384715588363005 0.06511175898931 0.06773773339122875
3 0.7356656948493684 0.1731075408886959 0.06413994169096213 0.06021131856998117
3 0.8858114674441205 0.3829063540309741 0.04761904761904759 0.07338254450716455
3 0.7478134110787172 0.4666377189173542 0.07482993197278902 0.07526414821247648
3 0.6598639455782314 0.4713417281806339 0.04275996112730809 0.0696193370965407
3 0.58600583090379 0.7667535099146042 0.06608357628765794 0.08467216673903608
3 0.6977648202137999 0.7667535099146042 0.06413994169096199 0.06961933709654076
3 0.5140913508260447 0.7686351136199161 0.04081632653061227 0.06961933709654076
3 0.5898931000971818 0.8693009118541033 0.0602526724975705 0.0715009408018527
3 0.7395529640427599 0.8721233174120713 0.05053449951409121 0.0809089593284122
5 0.11661807580174927 0.3810247503256622 0.023323615160349843 0.05832971486466931
5 0.1695821185617104 0.3829063540309741 0.020408163265306117 0.05456650745404545
5 0.28182701652089404 0.38384715588363005 0.021379980563654043 0.05644811115935731
5 0.33187560738581146 0.3800839484730062 0.020408163265306173 0.05268490374873352
5 0.5199222546161322 0.38855116514690985 0.03304178814382894 0.06585612968591689
5 0.8177842565597667 0.37632074106238245 0.028182701652089293 0.06397452598060496
5 0.5281827016520895 0.085612968591692 0.03012633624878525 0.05832971486466926
5 0.3649173955296405 0.7629903025039804 0.03012633624878525 0.06585612968591689
5 0.6622934888241011 0.876827326675351 0.030126336248785322 0.06397452598060496
2 0.21963070942662777 0.7742799247358519 0.029154518950437306 0.06209292227529303
2 0.43245869776482027 0.7742799247358518 0.029154518950437306 0.05080330004342159
2 0.47376093294460647 0.8730641192647272 0.03012633624878525 0.0639745259806051
2 0.17735665694849367 0.876827326675351 0.0281827016520894 0.052684903748733664
2 0.3853255587949465 0.38384715588363005 0.028182701652089436 0.06021131856998117
2 0.217687074829932 0.08655377044434795 0.029154518950437344 0.0451584889274859
2 0.6666666666666665 0.08843537414965986 0.02721088435374142 0.06021131856998118
2 0.6287657920310982 0.1665219279201042 0.027210884353741492 0.06961933709654076
2 0.5743440233236151 0.4675785207700101 0.02721088435374142 0.07714575191778834
7 0.8513119533527697 0.5503690838037343 0.03109815354713305 0.06961933709654076
