8 0.12106768350810296 0.3991710994007392 0.040038131553860816 0.029714970178715133
8 0.24976167778836988 0.4011520974126536 0.04003813155386084 0.025752974154886418
8 0.32411820781696854 0.40313309542456793 0.03431839847473782 0.029714970178715133
8 0.29075309818875117 0.6725488250449181 0.013346043851286992 0.4536485447283836
8 0.5643469971401335 0.895411101385281 0.5605338417540515 0.011885988071486083
8 0.8408007626310772 0.8617341351827372 0.011439466158245893 0.10697389264337417
8 0.45090562440419446 0.4011520974126536 0.045757864632983855 0.02179097813105763
8 0.5872259294566254 0.4011520974126536 0.0514775977121068 0.02179097813105763
8 0.7044804575786463 0.40313309542456793 0.10867492850333647 0.02971497017871499
8 0.7850333651096281 0.23771976142972057 0.012392755004766371 0.20206179721526246
8 0.8226882745471877 0.22979576938206328 0.011439466158245893 0.2060237932390912
8 0.8808388941849381 0.3991710994007392 0.06482364156339372 0.025752974154886345
8 0.6306005719733079 0.6131188846874878 0.010486177311725414 0.3427126560611805
8 0.6534795042897998 0.778532218682335 0.05052430886558625 0.023771976142972166
8 0.7959961868446139 0.7755607216644637 0.04957102001906577 0.02971497017871499
8 0.8913250714966634 0.7765512206704207 0.059103908484270704 0.023771976142972023
9 0.1325071496663489 0.3961996023828677 0.015252621544327933 0.02773397216680067
9 0.26453765490943754 0.398180600394782 0.02001906577693042 0.02773397216680074
9 0.33269780743565297 0.4011520974126536 0.020972354623450828 0.037638962226372356
9 0.2878932316491897 0.4615725367760409 0.01525262154432788 0.035657964214458104
9 0.3551000953288847 0.15352734592336123 0.010486177311725414 0.02971497017871508
9 0.40276453765490944 0.31002618886459404 0.014299332697807471 0.03367696620254382
9 0.6053384175405148 0.3971901013888248 0.015252621544327952 0.025752974154886418
9 0.4661582459485224 0.3991710994007393 0.019065776930409867 0.03367696620254371
9 0.7502383222116302 0.3971901013888248 0.026692087702573843 0.045562954274029795
9 0.7831267874165871 0.15055584890548976 0.020019065776930488 0.04358195626211545
9 0.8236415633937082 0.31200718687650836 0.01715919923736905 0.03763896222637246
9 0.9065776930409915 0.3981806003947821 0.01715919923736891 0.035657964214458035
9 0.6725452812202097 0.7765512206704207 0.01620591039084843 0.039619960238286754
9 0.8145853193517635 0.7755607216644635 0.020019065776930346 0.03367696620254378
9 0.9151572926596759 0.7765512206704207 0.011439466158245893 0.035657964214458104
7 0.0867492850333651 0.3991710994007393 0.040038131553860816 0.08914491053614519
1 0.9385128693994281 0.7805132166942493 0.04671115347950433 0.08320191650040215
1 0.928503336510963 0.3942186043709534 0.03813155386081988 0.09904990059571687
4 0.636320305052431 0.07923992047657354 0.6091515729265968 0.13470786481017502
4 0.04289799809342231 0.41303808548413956 0.028598665395614873 0.5011924970143277
4 0.041944709246901815 0.8151806819027503 0.02478551000953289 0.3347886640135232
3 0.18493803622497615 0.3971901013888249 0.09914204003813155 0.17234682703654744
3 0.38608198284080075 0.39818060039478204 0.10104861773117257 0.1703658290246331
3 0.5171591992373689 0.4021425964186107 0.0962821734985701 0.18225181709611912
8 0.4027645376549093 0.22088127832844875 0.008579599618684455 0.18027081908420484
8 0.3551000953288846 0.23573876341780628 0.006673021925643496 0.1743278250484618
3 0.8036224976167778 0.40016159840669635 0.09914204003813154 0.1664038330008044
5 0.6315538608198284 0.3932281053649962 0.04671115347950433 0.10103089860763127
3 0.7283126787416586 0.7765512206704207 0.09532888465204949 0.1703658290246331
5 0.8393708293612964 0.7676367296168061 0.05243088655862721 0.10499289463145985
5 0.28741658722592944 0.3932281053649962 0.04671115347950426 0.10499289463145992
