8 0.0977121067683508 0.5769143847999736 0.035271687321258335 0.016251109430985195
8 0.16062917063870355 0.5803967653923278 0.031458531935176365 0.023215870615693107
8 0.16205910390848427 0.8450576904112291 0.06482364156339371 0.03250221886197025
8 0.1315538608198284 0.7278175438019789 0.011439466158245946 0.23448029321850045
8 0.28741658722592944 0.5780751783307584 0.040991420400381354 0.018572696492554427
8 0.3493803622497617 0.4236896387363992 0.05052430886558632 0.020894283554123802
8 0.32125834127740704 0.4840509023372013 0.011439466158245998 0.1137577660168963
8 0.5004766444232602 0.8601480063114296 0.44232602478551003 0.02553745767726241
8 0.4094375595805529 0.5769143847999736 0.14775977121067682 0.02553745767726234
8 0.48093422306959005 0.4213680516748299 0.04099142040038131 0.020894283554123802
8 0.5543374642516682 0.15554633312514382 0.07912297426120105 0.013929522369415857
8 0.5171591992373689 0.2716256862036094 0.008579599618684312 0.23215870615693107
8 0.563393708293613 0.4225288452056145 0.06482364156339365 0.027859044738831714
8 0.7006673021925645 0.4167248775516913 0.04194470924690194 0.030180631800401016
8 0.7125834127740706 0.1555463331251438 0.05815061963775023 0.02321587061569309
8 0.7368922783603432 0.26698251208047075 0.007626310772163834 0.21822918378751524
8 0.7387988560533841 0.4968196311758325 0.007626310772163976 0.074290785970218
8 0.6477597712106768 0.5803967653923277 0.1515729265967588 0.023215870615693034
8 0.7383222116301239 0.7208527826172709 0.006673021925643354 0.20197807435653012
8 0.7750238322211629 0.8647911804345683 0.03813155386081988 0.016251109430985195
8 0.9018112488083889 0.8740775286808454 0.04003813155386084 0.025537457677262267
9 0.11058150619637751 0.5745927977384043 0.011439466158245946 0.02553745767726234
9 0.17016205910390847 0.5757535912691891 0.012392755004766443 0.027859044738831714
9 0.1882745471877979 0.8415753098188751 0.0142993326978074 0.030180631800401016
9 0.2998093422306959 0.5780751783307584 0.014299332697807437 0.027859044738831714
9 0.3684461391801716 0.4202072581440453 0.012392755004766443 0.023215870615693107
9 0.479027645376549 0.5745927977384043 0.012392755004766443 0.02553745767726234
9 0.4938036224976167 0.4155640840209066 0.011439466158245964 0.023215870615693034
9 0.5896091515729266 0.4225288452056145 0.012392755004766443 0.037145392985108924
9 0.5877025738798857 0.15438553959435916 0.014299332697807471 0.03018063180040105
9 0.736415633937083 0.3679715492587357 0.012392755004766514 0.02553745767726241
9 0.717349857006673 0.4155640840209066 0.018112488083889388 0.041788567108247604
9 0.7168732125834125 0.5803967653923277 0.011439466158245893 0.041788567108247604
9 0.7397521448999046 0.5211962953223103 0.01715919923736891 0.030180631800400946
9 0.7168732125834129 0.862469593372999 0.02097235462345097 0.03946698004667823
9 0.7378455672068637 0.8079122974261201 0.015252621544327952 0.041788567108247604
9 0.7893231649189704 0.8613087998422142 0.01334604385128685 0.03250221886197025
9 0.9161105815061964 0.8705951480884915 0.013346043851286992 0.03250221886197039
7 0.06720686367969496 0.5722712106768351 0.0467111534795043 0.09518506952434165
1 0.9366062917063871 0.8763991157424148 0.039084842707340355 0.08125554715492597
4 0.03145853193517636 0.17063664902534434 0.024785510009532885 0.28555520857302524
4 0.030505243088655862 0.5235178823838795 0.017159199237368927 0.4480663028828769
4 0.02955195424213537 0.8566656257190757 0.02478551000953289 0.2785904473883173
3 0.22163965681601525 0.5803967653923278 0.09628217349857007 0.16251109430985175
3 0.41992373689227835 0.4225288452056145 0.09437559580552907 0.15786792018671314
3 0.6396568160152526 0.4225288452056145 0.09914204003813154 0.15786792018671314
3 0.6396568160152526 0.15090315900200518 0.09914204003813154 0.16251109430985175
3 0.5295519542421354 0.575753591269189 0.10009532888465208 0.15786792018671306
3 0.23784556720686367 0.8636303869037836 0.09818875119161109 0.17644061667926764
3 0.8384175405147759 0.8647911804345683 0.09437559580552915 0.16483268137142104
5 0.13107721639656816 0.5745927977384043 0.04099142040038131 0.0951850695243418
5 0.3245948522402287 0.5780751783307584 0.042897998093422235 0.09750665658591111
5 0.5152526215443279 0.4225288452056145 0.04099142040038131 0.09750665658591111
5 0.7378455672068637 0.4202072581440452 0.04003813155386084 0.09286348246277243
5 0.7392755004766446 0.5792359718615431 0.0371782650142994 0.0951850695243418
5 0.7407054337464253 0.8647911804345683 0.03431839847473782 0.09982824364748026
