8 0.3969984398573584 0.08220108695652174 0.03571612261692501 0.0421195652173913
8 0.3983721368810862 0.16304347826086957 0.027473940474557635 0.04891304347826086
8 0.21979152379646139 0.3213315217391305 0.04395830475929227 0.042119565217391325
8 0.28847637498285555 0.28125000000000006 0.09890618570840765 0.05163043478260863
8 0.5068942017555891 0.2826086956521739 0.14011709642024406 0.04619565217391301
8 0.5700842648470718 0.32336956521739135 0.04121091071183649 0.03804347826086953
8 0.578326446989439 0.4008152173913044 0.03022133452201345 0.04347826086956523
8 0.578326446989439 0.49388586956521735 0.03022133452201345 0.04755434782608695
8 0.5797001440131669 0.5747282608695652 0.03296872856946919 0.04619565217391305
8 0.5742053559182554 0.6528532608695653 0.043958304759292306 0.05298913043478258
8 0.4491989267590179 0.8023097826086957 0.11264315594568643 0.05842391304347828
8 0.3805140755726237 0.8519021739130435 0.019231758332190346 0.0353260869565215
8 0.7060802701961322 0.8036684782608695 0.1263801261829653 0.05842391304347814
8 0.777512515429982 0.8532608695652175 0.03846351666438082 0.032608695652173905
8 0.3736455904539844 0.9266304347826088 0.032968728569469266 0.043478260869565306
8 0.780259909477438 0.9279891304347825 0.03296872856946919 0.04619565217391298
9 0.3969984398573584 0.09646739130434781 0.05220048690165953 0.019021739130434784
9 0.3969984398573584 0.1800271739130435 0.04121091071183649 0.014945652173913047
9 0.2184178267727335 0.33899456521739124 0.052200486901659564 0.01766304347826086
9 0.578326446989439 0.3383152173913044 0.04670569880674805 0.01358695652173914
9 0.5755790529419832 0.4205163043478261 0.04670569880674812 0.014945652173913047
9 0.5755790529419832 0.5115489130434783 0.0522004869016596 0.01766304347826086
9 0.5810738410368947 0.5889945652173914 0.04670569880674805 0.012228260869565305
9 0.5769527499657111 0.6684782608695652 0.043958304759292306 0.016304347826086883
9 0.37776668152516796 0.8654891304347825 0.04670569880674805 0.010869565217391398
9 0.3708981964065286 0.938858695652174 0.04395830475929223 0.01358695652173907
9 0.780259909477438 0.9429347826086957 0.043958304759292306 0.016304347826086883
9 0.7830073035248937 0.8661684782608695 0.049453092854203934 0.012228260869565305
3 0.4024932279522699 0.042798913043478264 0.3599086202167055 0.05027173913043478
3 0.39425104580990267 0.12296195652173914 0.3269398916472363 0.04755434782608697
3 0.21704412974900564 0.36209239130434784 0.3406768618845152 0.04483695652173914
3 0.5838212350843506 0.359375 0.2664972226032095 0.05298913043478265
3 0.5769527499657111 0.44972826086956524 0.40661431902345363 0.0625
3 0.5797001440131669 0.5373641304347826 0.3461716499794267 0.04755434782608688
3 0.5783264469894389 0.6114130434782609 0.27199201069812085 0.04347826086956516
5 0.5673368707996159 0.7391304347826088 0.3434242559319709 0.13858695652173922
5 0.39562474283363047 0.23369565217391305 0.24726546427101906 0.10597826086956523
3 0.37776668152516796 0.8879076086956522 0.27199201069812096 0.04755434782608702
3 0.7843810005486216 0.8872282608695653 0.354413832121794 0.04891304347826079
3 0.3791403785488959 0.9639945652173912 0.30770813331504593 0.04483695652173921
3 0.7830073035248937 0.9660326086956522 0.4011195309285421 0.04619565217391298
