8 0.11826013460456698 0.33333333333333326 0.05340780272464315 0.021806853582554523
8 0.19408014025830142 0.43613707165109034 0.008583396866460511 0.1246105919003115
8 0.19837183869153172 0.49454828660436134 0.022889058310561376 0.017133956386292865
8 0.2050478140321121 0.5599688473520249 0.0057222645776403526 0.1355140186915888
8 0.3628869452986915 0.4392523364485982 0.0066759753405803935 0.1339563862928349
8 0.3380904654622499 0.5038940809968847 0.06008377806522354 0.020249221183800542
8 0.3099559979555183 0.5646417445482865 0.005722264577640317 0.12928348909657317
8 0.26513159209733567 0.6643302180685359 0.0476855381470028 0.017133956386292795
8 0.3652712222060416 0.6635514018691588 0.0629449103540437 0.015576323987538956
8 0.39149826818689304 0.7141744548286604 0.008583396866460546 0.10124610591900307
8 0.42201701260097496 0.7609034267912773 0.07534315027226449 0.017133956386292795
8 0.42964669870449534 0.33956386292834895 0.06008377806522361 0.021806853582554523
8 0.49831387363617935 0.19937694704049846 0.008583396866460546 0.09034267912772588
8 0.4868693444808987 0.23909657320872274 0.029565033651141732 0.017133956386292865
8 0.474947959944148 0.2702492211838006 0.00762968610352047 0.07320872274143297
8 0.5417077133499519 0.33099688473520245 0.11635271307868685 0.023364485981308435
8 0.6118054544260461 0.37694704049844235 0.008583396866460475 0.043613707165109046
8 0.6146665867148663 0.3940809968847352 0.01812050449586117 0.012461059190031137
8 0.6203888512925065 0.5358255451713395 0.008583396866460475 0.2897196261682242
8 0.5045129935952898 0.7546728971962616 0.030518744414081807 0.014018691588785118
8 0.6075137559928159 0.751557632398754 0.028611322888201726 0.014018691588785118
8 0.7057459645756415 0.751557632398754 0.022889058310561268 0.014018691588785118
8 0.8054087393028775 0.7531152647975078 0.03147245517702174 0.020249221183800615
8 0.9031640925042334 0.75 0.02479647983644142 0.017133956386292937
8 0.8440340252019499 0.4524922118380062 0.00762968610352047 0.16043613707165108
8 0.815422702313748 0.5334890965732088 0.061037488828163615 0.010903426791277227
8 0.7868113794255465 0.6028037383177569 0.009537107629400623 0.1651090342679128
8 0.9103169232262838 0.33255451713395634 0.06008377806522361 0.014018691588785118
9 0.13781120524483814 0.3364485981308411 0.010490818392340647 0.024922118380062273
9 0.203617247887702 0.6191588785046729 0.014305661444100863 0.017133956386292865
9 0.28039096430437654 0.6612149532710281 0.013351950681160822 0.023364485981308292
9 0.3628869452986913 0.3753894080996885 0.008583396866460546 0.021806853582554523
9 0.45682745544828696 0.33566978193146413 0.013351950681160787 0.023364485981308362
9 0.4997444397805894 0.1557632398753894 0.019074215258801104 0.01869158878504674
9 0.5951155160745951 0.32242990654205606 0.019074215258801173 0.015576323987538956
9 0.6203888512925065 0.6744548286604362 0.018120504495861098 0.018691588785046776
9 0.5150038119876303 0.7538940809968847 0.013351950681160787 0.018691588785046776
9 0.4515820462521167 0.7624610591900313 0.016213082969981016 0.020249221183800615
9 0.6170508636222164 0.75 0.013351950681160787 0.020249221183800615
9 0.712421939916222 0.7531152647975077 0.01716679373292109 0.023364485981308435
9 0.813515280787868 0.7523364485981309 0.013351950681160787 0.021806853582554596
9 0.9122243447521639 0.75 0.014305661444100792 0.020249221183800615
9 0.8445108805834198 0.38084112149532706 0.010490818392340628 0.023364485981308435
9 0.9341596922997851 0.3302180685358255 0.014305661444100792 0.015576323987538956
7 0.0796348487054947 0.33099688473520245 0.037194719754662195 0.05763239875389406
1 0.9293911384850847 0.750778816199377 0.0333798767029019 0.05295950155763251
1 0.9513264860327061 0.32866043613707163 0.03910214128054235 0.059190031152648
4 0.033856732084371996 0.4127725856697819 0.03147245517702185 0.383177570093458
4 0.033856732084371996 0.7912772585669782 0.03147245517702186 0.4174454828660437
4 0.030995599795551828 0.08333333333333331 0.02002792602174118 0.15109034267912771
3 0.1797744788142006 0.33255451713395634 0.07915799332402466 0.0825545171339564
3 0.3633638006801614 0.33255451713395634 0.08011170408696472 0.08878504672897193
3 0.2050478140321121 0.6651090342679127 0.07820428256108461 0.09034267912772584
3 0.84546459134636 0.3341121495327103 0.07915799332402472 0.08878504672897197
3 0.5574439409384628 0.7554517133956387 0.08106541484990473 0.08411214953271028
3 0.6580604264286388 0.7523364485981309 0.0782042825610847 0.08722741433021809
3 0.7534315027226444 0.7531152647975077 0.08011170408696472 0.08878504672897193
3 0.8540479882128205 0.750778816199377 0.08106541484990473 0.08411214953271028
7 0.4773322368514981 0.751557632398754 0.029565033651141732 0.05140186915887867
5 0.3099559979555183 0.6596573208722742 0.051500381198763066 0.09501557632398758
0 0.14305661444100845 0.4369158878504673 0.03814843051760224 0.08255451713395637
2 0.4754248153256181 0.3348909657320872 0.03337987670290197 0.05295950155763236
2 0.6118054544260461 0.3341121495327103 0.0333798767029019 0.04517133956386296
