8 0.1024785510009533 0.7812360498705427 0.010486177311725449 0.2588337619773112
8 0.10152526215443279 0.5902672376799657 0.010486177311725449 0.03156509292406227
8 0.15633937082936128 0.520034905923927 0.020972354623450897 0.014204291815828043
8 0.2102001906577693 0.39456366155077915 0.014299332697807437 0.15466895532790542
8 0.3002859866539561 0.5113545053698099 0.009532888465204933 0.36931158721152935
8 0.24451858913250718 0.2714597991469361 0.02192564346997141 0.015782546462031134
8 0.3784556720686368 0.2722489264700376 0.07435653002859866 0.017360801108234264
8 0.31124880838894187 0.0931170241259839 0.02001906577693042 0.009469527877218713
8 0.30219256434699715 0.15072331871239764 0.007626310772163976 0.12152560775764
8 0.622974261201144 0.09390615144908544 0.43565300285986647 0.014204291815828043
8 0.8398474737845567 0.15151244603549924 0.009532888465204933 0.12310386240384313
8 0.5281220209723546 0.22569041440704565 0.026692087702573773 0.01578254646203117
8 0.5562440419447092 0.27067067182383453 0.006673021925643567 0.04892589403229664
8 0.6963775023832222 0.22884692369945192 0.03145853193517638 0.009469527877218695
8 0.7102001906577692 0.26277939859281896 0.009532888465204933 0.06786494978673399
8 0.7831267874165873 0.2714597991469361 0.03145853193517638 0.015782546462031134
8 0.6177311725452812 0.35195078610329505 0.03431839847473782 0.01893905575443739
8 0.63441372735939 0.3203856931792327 0.012392755004766371 0.07891273231015586
8 0.18970448045757862 0.6352474950967546 0.00953288846520497 0.12152560775763994
8 0.2340324118207817 0.6541865508511919 0.010486177311725449 0.15940371926651473
8 0.24165872259294566 0.7370449197768556 0.027645376549094394 0.018939055754437533
8 0.21782650142993326 0.7394123017461601 0.01620591039084843 0.007891273231015674
8 0.22402287893231648 0.7496709569464803 0.007626310772163976 0.03787811150887492
8 0.2368922783603432 0.7662426307316133 0.03908484270734032 0.011047782523421716
8 0.4661582459485224 0.7417796837154649 0.24022878932316494 0.01893905575443739
8 0.44947569113441377 0.5910563650030671 0.012392755004766443 0.6360366224198559
8 0.4933269780743565 0.5950020016185751 0.008579599618684455 0.6313018584812469
8 0.6277407054337464 0.8514683816265814 0.010486177311725414 0.1152125891728275
8 0.7683508102955195 0.8491009996572767 0.009532888465204933 0.12310386240384304
8 0.6277407054337465 0.6470844049432779 0.008579599618684526 0.08522575089496826
8 0.6877979027645377 0.6107845480806062 0.13632030505243078 0.012626037169624951
8 0.7688274547187798 0.6597104421129028 0.010486177311725554 0.050504148678499734
8 0.7054337464251668 0.7386231744230585 0.041944709246901656 0.01262603716962488
8 0.8131553860819829 0.6092062934344031 0.059103908484270704 0.012626037169624809
8 0.8398474737845567 0.4095570806897088 0.009532888465204933 0.16571673785132723
8 0.8693994280266921 0.5216131605701301 0.024785510009532885 0.017360801108234226
8 0.8393708293612966 0.5784303278334423 0.006673021925643496 0.06470844049432778
8 0.9232602478551002 0.5910563650030672 0.010486177311725414 0.04261287544748413
8 0.3031458531935176 0.8491009996572768 0.013346043851286992 0.1104778252342183
9 0.10152526215443279 0.6581321874666998 0.014299332697807437 0.015782546462031206
9 0.1029551954242135 0.5807977098027471 0.019065776930409922 0.018939055754437658
9 0.16348903717826502 0.5192457786008253 0.010486177311725485 0.01893905575443746
9 0.20972354623450903 0.32433132979474055 0.017159199237368944 0.023673819693046667
9 0.25357483317445184 0.2690924171776314 0.013346043851286992 0.023673819693046775
9 0.4099142040038132 0.2730380537931392 0.015252621544327952 0.022095565046843683
9 0.3002859866539561 0.3290660937333499 0.01715919923736891 0.023673819693046775
9 0.3145853193517636 0.09232789680288234 0.013346043851286887 0.011047782523421822
9 0.7926596758817922 0.27067067182383453 0.010486177311725554 0.020517310400640518
9 0.8398474737845567 0.20911874062191294 0.01715919923736905 0.014204291815828078
9 0.7106768350810296 0.29197710954757666 0.01811248808388953 0.01893905575443739
9 0.6348903717826501 0.2896097275782719 0.01715919923736884 0.020517310400640518
9 0.5381315538608199 0.22647954173014725 0.010486177311725343 0.023673819693046775
9 0.1892278360343184 0.6889081530676603 0.016205910390848396 0.017360801108234368
9 0.2530981887511916 0.7378340470999573 0.012392755004766443 0.023673819693046737
9 0.3031458531935176 0.8996051483357764 0.015252621544327952 0.028408583631656086
9 0.5786463298379408 0.7402014290692617 0.015252621544327952 0.022095565046843575
9 0.7202097235462344 0.737834047099957 0.012392755004766371 0.020517310400640552
9 0.7483317445185892 0.6107845480806061 0.01906577693041001 0.03156509292406234
9 0.7688274547187797 0.6391931317122623 0.01429933269780733 0.018939055754437533
9 0.8398474737845567 0.5515999988479894 0.009532888465204933 0.023673819693046667
9 0.8755958055290753 0.5224022878932316 0.014299332697807471 0.025252074339249902
9 0.9218303145853193 0.602104147526489 0.015252621544327952 0.020517310400640483
9 0.8398474737845567 0.4837350490612553 0.01715919923736905 0.020517310400640552
9 0.76930409914204 0.8980268936895734 0.01334604385128685 0.025252074339250044
9 0.6272640610104862 0.798596850978777 0.017159199237368982 0.02209556504684386
9 0.45090562440419446 0.8932921297509643 0.01906577693040994 0.025252074339249902
1 0.92278360343184 0.634458367773653 0.03241182078169686 0.05366065797090592
4 0.040038131553860816 0.2383164515766706 0.032411820781696854 0.42928526376724774
4 0.038131553860819824 0.5571238901097003 0.02859866539561487 0.23358168763806134
4 0.038608198284080075 0.7496709569464803 0.02764537654909437 0.1862340482519677
4 0.018589132507149667 0.93923719612118 0.025738798856053388 0.12152560775764001
3 0.36272640610104867 0.09074964215667922 0.08865586272640616 0.12152560775764
3 0.30076263107721635 0.2730380537931392 0.09056244041944705 0.11363433452662446
3 0.4709246901811248 0.22569041440704565 0.09151572926596749 0.11363433452662437
3 0.5581506196377503 0.3527399134263966 0.09246901811248812 0.1152125891728275
3 0.6348903717826502 0.22647954173014725 0.09151572926596757 0.11836909846523376
3 0.713536701620591 0.35431816807259975 0.09246901811248819 0.11521258917282758
3 0.8412774070543375 0.2683032898545299 0.09246901811248819 0.11363433452662437
3 0.9237368922783602 0.5239805425394347 0.09151572926596757 0.1262603716962493
3 0.6277407054337465 0.7402014290692617 0.09437559580552915 0.11363433452662448
3 0.7683508102955195 0.737834047099957 0.09151572926596771 0.11836909846523383
3 0.3007626310772164 0.736255792453754 0.09246901811248812 0.12152560775764001
3 0.21067683508102952 0.5168783966315208 0.09532888465204956 0.11521258917282758
3 0.10104861773117253 0.5192457786008254 0.09151572926596759 0.11679084381903067
0 0.18875119161105813 0.7409905563923632 0.05529075309818872 0.11205607988042132
0 0.21115347950428975 0.27067067182383453 0.05052430886558629 0.11521258917282755
2 0.10009532888465206 0.6281453491888405 0.03431839847473784 0.047347639386093474
