8 0.13012392755004767 0.15453589707184823 0.06959008579599621 0.031090062132797875
8 0.27550047664442323 0.15545031066398934 0.07054337464251667 0.02194592621138675
8 0.34413727359389895 0.29718441744586194 0.011439466158246035 0.18471154561250497
8 0.20162059103908483 0.07132426018700688 0.008579599618684491 0.05486481552846684
8 0.40324118207816967 0.0530359883441846 0.41372735938989513 0.018288271842822272
8 0.6067683508102956 0.21763043492958506 0.012392755004766443 0.34016185627649426
8 0.4146806482364157 0.44349059218844017 0.07054337464251667 0.020117099027104502
8 0.5257387988560533 0.4462338329648635 0.09246901811248805 0.02560358057995117
8 0.4666348903717827 0.5084139572304592 0.008579599618684455 0.07681074173985351
8 0.08913250714966633 0.7178146698307744 0.006673021925643479 0.104243149504087
8 0.2793136320305052 0.6693507494472949 0.39084842707340317 0.018288271842822418
8 0.4661582459485224 0.6355174465380741 0.007626310772163976 0.09327018639839359
8 0.1315538608198284 0.7900533436099224 0.06291706387035272 0.018288271842822466
8 0.27264061010486174 0.7891389300177812 0.07244995233555766 0.012801790289975657
8 0.37797902764537655 0.7882245164256401 0.08293612964728311 0.018288271842822324
8 0.5367016205910391 0.7882245164256401 0.09342230695900852 0.02194592621138682
8 0.32125834127740704 0.852233467875518 0.009532888465204933 0.07681074173985365
9 0.16015252621544326 0.1536214834797071 0.019065776930409922 0.04023419805420904
9 0.20114394661582458 0.0868692912534058 0.015252621544327915 0.031090062132797868
9 0.30123927550047663 0.15636472425613046 0.011439466158245998 0.027432407764233436
9 0.34413727359389895 0.3749095727778567 0.015252621544327952 0.029261234948515593
9 0.4432793136320305 0.44166176500415794 0.015252621544327952 0.020117099027104502
9 0.5638703527168732 0.44257617859629905 0.016205910390848358 0.029261234948515593
9 0.4661582459485224 0.5321887106261282 0.015252621544327952 0.029261234948515593
9 0.08865586272640609 0.7534767999242777 0.017159199237368927 0.02560358057995117
9 0.1563393708293613 0.7909677572020635 0.015252621544327915 0.027432407764233488
9 0.30171591992373686 0.7882245164256401 0.018112488083889388 0.02194592621138682
9 0.41134413727359387 0.7882245164256401 0.01620591039084843 0.02194592621138682
9 0.5743565300285987 0.7891389300177812 0.016205910390848573 0.031090062132797983
9 0.32125834127740704 0.8814947028240337 0.015252621544327915 0.029261234948515666
7 0.08436606291706386 0.15819355144041267 0.033365109628217364 0.06766660581844242
4 0.0219256434699714 0.14813500192686044 0.03622497616777884 0.28895469511659194
4 0.020972354623450908 0.4544635552941335 0.026692087702573877 0.3822248815149855
4 0.019065776930409915 0.79645423875491 0.030505243088655862 0.3493059921979051
3 0.2040038131553861 0.15179265629542488 0.08770257387988561 0.12801790289975593
3 0.3431839847473785 0.152707069887566 0.08198284080076262 0.1261890757154737
3 0.34270734032411826 0.43800411063559347 0.08102955195424208 0.12618907571547366
3 0.6081982840800763 0.43708969704345235 0.0838894184938038 0.13167555726832034
3 0.20019065776930411 0.7882245164256401 0.08388941849380363 0.12436024853119136
3 0.4547187797902765 0.7891389300177812 0.08770257387988564 0.12984673008403816
5 0.46472831267874165 0.43708969704345235 0.039084842707340355 0.07681074173985351
5 0.3198284080076263 0.7754227261356644 0.04099142040038131 0.08046839610841787
2 0.08722592945662536 0.7863956892413577 0.03145853193517637 0.06583777863416017
2 0.3231649189704481 0.9189856601018193 0.03431839847473785 0.06400895144987785
2 0.4666348903717827 0.5678508407196317 0.03717826501429933 0.06035129708131357
2 0.5915157292659675 0.7882245164256401 0.0352716873212583 0.08046839610841801
