8 0.11645813282001924 0.15898796766367265 0.03272377285851784 0.03456260166601579
8 0.16794995187680464 0.23848195149550905 0.01636188642925891 0.0725814634986332
8 0.17228103946102022 0.07862991879018594 0.00962463907603464 0.0708533334153324
8 0.19971126082771895 0.04665951224912133 0.068334937439846 0.024193821166211067
8 0.2974013474494706 0.049251707374072515 0.0904716073147257 0.019009430916308693
8 0.33830606352261794 0.07430959358193397 0.018286814244465786 0.07949398383183634
8 0.287776708373436 0.15639577253872147 0.03272377285851782 0.02246569108291025
8 0.22184793070259864 0.1563957725387215 0.03368623676612128 0.015553170749707128
8 0.25553416746871993 0.5737391876558623 0.01443695861405196 0.7707460171521524
8 0.3897978825794033 0.63422374057139 0.29066410009624644 0.017281300833007832
8 0.5274302213666988 0.5806517079890655 0.013474494706448539 0.13825040666406324
8 0.5009624639076035 0.4864686184491724 0.01828681424446593 0.02592195124951182
8 0.3883541867179981 0.1563957725387215 0.020211742059672702 0.015553170749707128
8 0.3931665062560154 0.3214321954939469 0.010587102983638061 0.3525385369933612
8 0.39990375360923963 0.48042016315761954 0.025986525505293515 0.024193821166211008
8 0.539461020211742 0.15985203270532305 0.0279114533205005 0.01209691058310554
8 0.3041385948026949 0.22206471570415154 0.03657362848893165 0.03629073174931659
8 0.32868142444658327 0.26353983770337047 0.012512030798845046 0.12615349608095766
8 0.3609239653512993 0.2246569108291027 0.015399422521655453 0.04493138216582054
8 0.41097208854667955 0.26440390274502085 0.08277189605389801 0.01728130083300787
8 0.4513955726660251 0.20219121974619242 0.007699711260827726 0.15207544733046952
8 0.4990375360923966 0.13133788633086002 0.10875842155919152 0.020737560999609474
8 0.6616939364773821 0.1347941464974616 0.06256015399422515 0.020737560999609474
8 0.6867179980750722 0.2920539840778335 0.016361886429259016 0.3490822768267596
8 0.6414821944177094 0.1883661790797861 0.0240615976900866 0.06566894316543
8 0.651106833493744 0.5434969111980985 0.020211742059672702 0.5720110575725615
8 0.6910490856592878 0.638544065779642 0.01539942252165531 0.25403512224521607
8 0.7256977863330125 0.6886598381953648 0.007699711260827655 0.1745411384133797
8 0.7569778633301252 0.8087648789847697 0.027911453320500358 0.024193821166210938
8 0.8051010587102984 0.15725983758037188 0.039461020211741984 0.020737560999609456
8 0.7868142444658325 0.4665951224912133 0.012512030798845046 0.6394081308212924
8 0.787776708373436 0.8986276433164108 0.012512030798844904 0.10368780499804743
8 0.526948989412897 0.9487434157321337 0.563041385948027 0.031106341499414186
8 0.7256977863330125 0.345626016660158 0.007699711260827655 0.4458575614916039
8 0.7709335899903753 0.12788162616425847 0.10009624639076037 0.020737560999609456
8 0.8753609239653514 0.25144292712026495 0.02021174205967256 0.09850341474814506
8 0.9138594802694899 0.1538035774137703 0.029836381135707482 0.024193821166211063
8 0.8691049085659287 0.05875642283222686 0.025024061597690092 0.010368780499804746
8 0.8561116458132819 0.054436097623974875 0.006737247353224234 0.10887219524794975
9 0.1246390760346487 0.15898796766367268 0.012512030798845046 0.048387642332422126
9 0.16746871992300288 0.2047834148711436 0.028873917228103937 0.029378211416113444
9 0.2271414821944177 0.04320325208251975 0.00962463907603464 0.02765008133281264
9 0.3368623676612127 0.09763934970649463 0.026948989412897077 0.02592195124951184
9 0.29547641963426374 0.1546676424554207 0.017324350336862367 0.02592195124951184
9 0.23195380173243507 0.1555317074970711 0.015399422521655416 0.031106341499414204
9 0.25072184793070257 0.19787089453794046 0.02598652550529355 0.032834471582715
9 0.3118383060635226 0.21083187016269636 0.015399422521655416 0.03456260166601581
9 0.32771896053897975 0.21083187016269636 0.01443695861405196 0.02765008133281263
9 0.35899903753609236 0.23675382141220822 0.021174205967276195 0.03456260166601581
9 0.40664100096246386 0.4847404883658716 0.010587102983638132 0.043203252082519794
9 0.546679499518768 0.13047382128920965 0.01924927815206921 0.025921951249511858
9 0.6891241578440809 0.7603772366523475 0.01924927815206928 0.03456260166601581
9 0.6578440808469682 0.8208617895678754 0.014436958614052031 0.031106341499414186
9 0.7646775745909529 0.8139492692346721 0.01828681424446586 0.038018861832617434
9 0.8132820019249277 0.16071609774697346 0.011549566891241482 0.02765008133281263
9 0.8118383060635226 0.12615349608095766 0.012512030798845046 0.02765008133281265
9 0.87776708373436 0.21256000024599714 0.01924927815206928 0.03110634149941422
9 0.9220404234841193 0.1512113822888191 0.017324350336862436 0.032834471582715
9 0.4494706448508181 0.5452250412813991 0.013474494706448539 0.015553170749707093
9 0.4287776708373435 0.5417687811147976 0.010587102983638132 0.0224656910829102
8 0.4494706448508181 0.5746032526975127 0.011549566891241625 0.08467837408173871
8 0.42829643888354185 0.5460891063230497 0.011549566891241553 0.02765008133281263
9 0.6819056785370549 0.8666572367753461 0.010587102983638203 0.015553170749707022
8 0.6761308950914341 0.8778900823168013 0.022136669874879687 0.034562601666015665
9 0.5452358036573629 0.16158016278862383 0.010587102983638061 0.015553170749707128
8 0.5274302213666988 0.30501495970258946 0.0076997112608277974 0.30587902474423984
8 0.589990375360924 0.24971479703696417 0.005774783445620883 0.0881346342483403
8 0.6169393647738209 0.2246569108291027 0.017324350336862367 0.03110634149941422
9 0.5885466794995188 0.20996780512104596 0.016361886429258943 0.029378211416113444
9 0.6121270452358036 0.21256000024599714 0.011549566891241482 0.013825040666406316
9 0.6867179980750722 0.44844975661655495 0.025986525505293515 0.029378211416113444
9 0.7266602502406161 0.621262764946634 0.017324350336862294 0.02592195124951182
9 0.5048123195380174 0.4864686184491724 0.008662175168431147 0.032834471582715
7 0.08421559191530317 0.15898796766367265 0.03176130895091433 0.07258146349863315
1 0.9422521655437922 0.15121138228881914 0.026948989412896935 0.060484552915527665
4 0.020211742059672758 0.1667645530385262 0.040423484119345515 0.3335291060770524
4 0.018768046198267566 0.4951092688656763 0.03753609239653513 0.3266165857438494
4 0.019730510105871034 0.8174055294012738 0.03946102021174207 0.35945105732656446
3 0.17131857555341676 0.1555317074970711 0.09047160731472571 0.11405658549785215
3 0.3373435996150145 0.1563957725387215 0.0818094321462945 0.10541593508134818
3 0.5895091434071222 0.1546676424554207 0.0837343599615015 0.1019596749147466
3 0.8585178055822908 0.1546676424554207 0.08469682386910492 0.1019596749147466
3 0.4518768046198268 0.48819674853247313 0.08758421559191526 0.10541593508134824
3 0.7050048123195382 0.8165414643596233 0.0837343599615015 0.11578471558115283
5 0.7868142444658325 0.8122211391513713 0.03176130895091433 0.0794939838318362
5 0.5274302213666988 0.4795560981159692 0.04234841193455246 0.07776585374853554
5 0.25264677574590955 0.14861918716386793 0.0375360923965351 0.0725814634986332
0 0.5654475457170356 0.30501495970258946 0.045235803657362794 0.06739707324873084
0 0.5625601539942252 0.24885073199531377 0.045235803657362794 0.048387642332422126
0 0.6467757459095285 0.242802276703761 0.044273339749759374 0.03974699191591817
0 0.3955726660250241 0.564234472197708 0.044273339749759374 0.057028292748926075
0 0.3946102021174206 0.6091658543635284 0.050048123195380184 0.057028292748926006
8 0.3618864292589028 0.4052465045340352 0.013474494706448467 0.2263850409124035
8 0.37969201154956683 0.5080702444904323 0.05293551491819059 0.03456260166601581
9 0.4003849855630414 0.5158468298652857 0.015399422521655453 0.03283447158271507
0 0.36044273339749766 0.2739086182031752 0.0240615976900866 0.06394081308212925
0 0.287776708373436 0.3240243906188981 0.04812319538017327 0.04665951224912128
0 0.2901828681424447 0.2618117076200697 0.04716073147256978 0.05011577241572294
0 0.13137632338787295 0.2600835775367689 0.05101058710298366 0.03974699191591817
0 0.24109720885466795 0.04752357729077173 0.025986525505293585 0.06739707324873083
0 0.6871992300288738 0.4838764233242212 0.03272377285851789 0.08295024399843796
0 0.7276227141482196 0.5797876429474151 0.04042348411934554 0.08122211391513723
0 0.6410009624639076 0.8865307327333053 0.0519730510105871 0.05875642283222689
0 0.8349374398460057 0.3015586995359879 0.04908565928777662 0.04320325208251976
0 0.8378248315688162 0.23848195149550905 0.051010587102983604 0.048387642332422126
0 0.8902791145332052 0.057892357790576464 0.02887391722810392 0.06048455291552765
