8 0.2414965986394558 0.29209960330736506 0.07677356656948493 0.02360400834806992
8 0.2759961127308066 0.42782265130876707 0.015549076773566562 0.2980006053943826
8 0.15694849368318756 0.5281396867880642 0.008746355685131223 0.17112906052350688
8 0.42857142857142855 0.4477385333524511 0.5597667638483965 0.016227755739298074
8 0.6914480077745384 0.5222386847010467 0.041788143828960074 0.014752505217543685
8 0.7040816326530611 0.48240692061367874 0.014577259475218653 0.10031703547929709
8 0.7172011661807579 0.3186541126989437 0.4703595724003886 0.01475250521754365
8 0.48493683187560743 0.4012681419171884 0.011661807580174894 0.19178256782806802
8 0.5529640427599611 0.29726298013350544 0.009718172983479078 0.4086443945259603
8 0.6574344023323616 0.2994758559161369 0.008746355685131277 0.4071691440042058
8 0.3381924198250729 0.6306695980499929 0.02332361516034986 0.019178256782806782
8 0.19970845481049565 0.6321448485717472 0.0573372206025267 0.019178256782806855
8 0.12973760932944609 0.6291943475282384 0.02429543245869775 0.016227755739298005
8 0.39795918367346944 0.6314072233108701 0.0398445092322644 0.017703006261052465
8 0.4504373177842565 0.5244515604836782 0.04178814382896014 0.016227755739298074
8 0.43391642371234207 0.5650209498319234 0.010689990281827022 0.09146553234877089
8 0.5194363459669582 0.523713935222801 0.0398445092322644 0.014752505217543685
8 0.6064139941690962 0.5222386847010466 0.07580174927113696 0.017703006261052465
8 0.48347910592808563 0.7243480061813952 0.008746355685131206 0.3629116283515747
8 0.7235179786200194 0.8969523172266566 0.4868804664723032 0.014752505217543756
8 0.5860058309037901 0.6284567222673613 0.2837706511175899 0.014752505217543614
8 0.8391642371234208 0.6306695980499929 0.028182701652089578 0.019178256782806782
8 0.9271137026239067 0.6306695980499928 0.08551992225461617 0.016227755739298005
8 0.870262390670554 0.7095955009638516 0.010689990281827022 0.12097054278385827
8 0.924198250728863 0.7899966543994649 0.08940719144800767 0.016227755739298147
8 0.8260447035957239 0.7907342796603419 0.056365403304178725 0.014752505217543899
8 0.7988338192419824 0.8180264143127977 0.00971817298347915 0.08703978078350787
8 0.879494655004859 0.8571205531392886 0.17881438289601548 0.014752505217543756
8 0.3639455782312925 0.8003234080517453 0.012633624878522837 0.30537685800315445
8 0.6627793974732751 0.9471108349663051 0.6161321671525753 0.020653507304561173
9 0.13508260447035958 0.6262438464847296 0.01166180758017493 0.019178256782806782
9 0.15500485908649175 0.5930507097452564 0.010689990281827022 0.02950501043508737
9 0.27453838678328474 0.5701843266580636 0.022351797862001917 0.025079258869824202
9 0.2230320699708455 0.6284567222673613 0.014577259475218653 0.02655450939157873
9 0.3430515063168124 0.6328824738326244 0.011661807580174894 0.023604008348069812
9 0.41205053449951407 0.6277190970064841 0.015549076773566596 0.022128757826315494
9 0.46307094266277943 0.5222386847010467 0.018464528668610355 0.020653507304561173
9 0.4844509232264334 0.48830792270069623 0.01652089407191454 0.014752505217543685
9 0.532069970845481 0.5207634341792924 0.018464528668610213 0.02360400834806988
9 0.4825072886297376 0.5532189456578884 0.01652089407191447 0.02950501043508737
9 0.6379980563654033 0.5192881836575379 0.01068999028182695 0.023604008348069954
9 0.6579203109815355 0.48830792270069623 0.01749271137026227 0.014752505217543685
9 0.5519922254616132 0.10105466074017429 0.011661807580174823 0.019178256782806782
9 0.7230320699708455 0.6277190970064841 0.01360544217687078 0.025079258869824345
9 0.84645286686103 0.6269814717456069 0.015549076773566525 0.020653507304561173
9 0.9620991253644314 0.6314072233108701 0.015549076773566668 0.02655450939157852
9 0.9659863945578232 0.9493237107489365 0.019436345966958157 0.028029759913333122
9 0.8459669582118562 0.7892590291385875 0.018464528668610286 0.023604008348069812
9 0.8683187560738582 0.7604916439643773 0.0165208940719144 0.022128757826315563
9 0.9655004859086492 0.7877837786168331 0.01263362487852305 0.017703006261052395
4 0.040330417881438284 0.6070655897019229 0.05928085519922254 0.7597540187035001
4 0.597667638483965 0.0626981471745607 0.7871720116618076 0.08703978078350777
3 0.27696793002915454 0.6321448485717472 0.10884353741496604 0.11654479121859516
3 0.7779397473275025 0.6306695980499928 0.10787172011661796 0.11064378913157767
5 0.15646258503401358 0.6277190970064841 0.025267249757045657 0.05163376826140301
5 0.3634596695821186 0.6291943475282384 0.03304178814382901 0.05458426930491164
5 0.43197278911564624 0.6291943475282384 0.03012633624878525 0.05163376826140294
0 0.19047619047619044 0.2913619780464879 0.04275996112730805 0.08113877869649024
2 0.5529640427599611 0.5215010594401696 0.02721088435374156 0.048683267217894226
2 0.6550048590864919 0.5192881836575379 0.03304178814382894 0.05901002087017474
5 0.4849368318756073 0.5178129331357835 0.03887269193391638 0.04720801669613976
5 0.8692905733722059 0.6240309707020981 0.030126336248785322 0.04720801669613976
5 0.8668610301263362 0.7936847807038506 0.029154518950437306 0.03835651356561371
