8 0.11418853255587949 0.1771170307653394 0.0281827016520894 0.015009917861469475
8 0.20748299319727892 0.17411504719304552 0.03206997084548106 0.021013885006057224
8 0.3017492711370262 0.174865543086119 0.034013605442176846 0.01350892607532252
8 0.3620019436345967 0.174865543086119 0.032069970845480994 0.0195128932199103
8 0.3323615160349854 0.11782785521253512 0.00388726919339156 0.08255454823808193
8 0.3620019436345967 0.08630702770344928 0.07288629737609334 0.013508926075322503
8 0.5539358600583091 0.17336455129997205 0.22157434402332357 0.019512893219910267
8 0.7444120505344994 0.17561603897919248 0.031098153547133193 0.01500991786146944
8 0.8401360544217686 0.17411504719304552 0.03206997084548106 0.009005950716881692
8 0.6967930029154519 0.29344389419172756 0.005830903790087518 0.17261405540689853
8 0.7920310981535471 0.29944786133631535 0.007774538386783263 0.17561603897919248
8 0.93488824101069 0.174865543086119 0.03109815354713305 0.013508926075322485
8 0.4096209912536443 0.5170916703276223 0.010689990281827022 0.6079016733895123
8 0.2711370262390671 0.5163411744345487 0.011661807580174965 0.6124046487479531
8 0.24052478134110786 0.5170916703276223 0.010689990281826987 0.6079016733895123
8 0.11321671525753159 0.8555653181037581 0.0281827016520894 0.018011901433763314
8 0.20796890184645286 0.8555653181037581 0.03304178814382897 0.012007934289175494
8 0.33673469387755106 0.8540643263176111 0.09426627793974734 0.021013885006057224
8 0.44946550048590866 0.8495613509591703 0.018464528668610286 0.018011901433763314
8 0.4659863945578232 0.6356700214332308 0.01652089407191447 0.016510909647616357
8 0.45675413022351796 0.7407394464635169 0.007774538386783263 0.23565571042507025
8 0.5539358600583091 0.6356700214332308 0.031098153547133193 0.025516860364498014
8 0.6399416909620992 0.6341690296470839 0.02040816326530603 0.013508926075322449
8 0.6579203109815355 0.4202777001211443 0.021379980563654043 0.018011901433763383
8 0.6482021379980563 0.5253471251514304 0.007774538386783405 0.24316066935580494
8 0.7439261418853255 0.41502422886963003 0.03790087463556844 0.022514876792204177
8 0.8896987366375122 0.41802621244192395 0.13119533527696803 0.01350892607532252
9 0.21671525753158405 0.17561603897919245 0.013605442176870746 0.03001983572293888
9 0.12293488824101068 0.17336455129997205 0.014577259475218672 0.022514876792204177
9 0.315354713313897 0.17336455129997205 0.01652089407191447 0.019512893219910267
9 0.3722060252672497 0.17636653487226595 0.01360544217687071 0.025516860364498052
9 0.39115646258503406 0.08480603591730233 0.010689990281827093 0.02251487679220416
9 0.6564625850340136 0.1718635595138251 0.02040816326530603 0.025516860364498087
9 0.7536443148688048 0.174865543086119 0.014577259475218653 0.022514876792204142
9 0.8498542274052476 0.17336455129997205 0.014577259475218653 0.022514876792204177
9 0.9431486880466471 0.17336455129997205 0.014577259475218653 0.022514876792204177
9 0.40864917395529643 0.8127870521985702 0.01068999028182695 0.02251487679220432
9 0.2400388726919339 0.8120365563054968 0.021379980563654043 0.027017852150644898
9 0.21671525753158405 0.8548148222106846 0.021379980563654043 0.016510909647616357
9 0.12050534499514093 0.8488108550660968 0.019436345966958212 0.034522811081379674
9 0.37414965986394555 0.8540643263176112 0.021379980563654043 0.030019835722938808
9 0.4684159378036929 0.6311670460747899 0.015549076773566525 0.028518843936791924
9 0.5636540330417882 0.6371710132193777 0.01360544217687078 0.03452281108137981
9 0.6593780369290573 0.4135232370834831 0.01652089407191454 0.022514876792204177
9 0.7555879494655006 0.41577472476270344 0.020408163265306173 0.03001983572293888
9 0.9460641399416909 0.41877670833499736 0.01846452866861043 0.02401586857835106
9 0.695821185617104 0.2191448007774538 0.0194363459669583 0.027017852150645005
9 0.7934888241010691 0.36999447528522167 0.020408163265306173 0.028518843936791924
7 0.08649173955296405 0.17411504719304552 0.03109815354713314 0.054035704301289976
7 0.08600583090379008 0.8465593673868764 0.03206997084548105 0.060039671445877615
1 0.41059280855199226 0.0833050441311554 0.03012633624878518 0.058538679659730815
1 0.9582118561710399 0.17036256772767813 0.03887269193391646 0.055536696087436895
1 0.9611273080660836 0.4172757165488505 0.029154518950437306 0.05403570430128994
4 0.028182701652089408 0.1425942196839597 0.025267249757045675 0.2461626529280988
4 0.048104956268221574 0.41877670833499736 0.037900874635568516 0.22815075149433547
4 0.04373177842565598 0.6319175419678635 0.03304178814382896 0.2341547186389233
4 0.04275996112730807 0.8525633345314643 0.03304178814382896 0.2281507514943354
3 0.16132167152575316 0.17261405540689856 0.07774538386783286 0.08705752359652275
3 0.25413022351797865 0.17036256772767813 0.07094266277939748 0.09156049895496357
3 0.41010689990281823 0.1718635595138251 0.07774538386783292 0.09456248252725745
3 0.6948493683187561 0.17111306362075163 0.07385811467444128 0.09005950716881664
3 0.793974732750243 0.17261405540689856 0.06997084548104965 0.08105355645193497
3 0.8867832847424684 0.17261405540689856 0.07482993197278916 0.09005950716881664
3 0.6972789115646258 0.4195272042280709 0.07871720116618079 0.0915604989549636
3 0.7934888241010691 0.41802621244192395 0.07288629737609327 0.0915604989549636
3 0.5068027210884354 0.6371710132193777 0.07677356656948497 0.08855851538266983
3 0.6010689990281827 0.6364205173263043 0.07871720116618071 0.08705752359652287
3 0.16180758017492713 0.8533138304245377 0.08066083576287657 0.09456248252725744
3 0.2560738581146744 0.8548148222106846 0.07677356656948493 0.09456248252725744
3 0.40816326530612246 0.8488108550660968 0.08163265306122447 0.09156049895496367
5 0.33333333333333337 0.17486554308611896 0.025267249757045675 0.04653074537055526
9 0.273339749759384 0.2185221564465305 0.02309913378248318 0.020811633947288646
