8 0.6850961538461539 0.1671195652173913 0.10162551642730662 0.016304347826086935
8 0.4923581054495376 0.27377717391304346 0.4240237064725556 0.05027173913043477
8 0.5028710899075348 0.40149456521739124 0.42402370647255544 0.11277173913043477
8 0.48534944914420614 0.5930706521739131 0.3819717686405666 0.07744565217391297
8 0.5028710899075349 0.7873641304347827 0.5011189258312021 0.0883152173913044
10 0.4976145976785362 0.11684782608695653 0.04906059413732052 0.09782608695652174
10 0.28209841628959276 0.10801630434782608 0.4380410190832185 0.01766304347826086
10 0.14542961833562856 0.5971467391304348 0.16470342317529016 0.020380434782608675
10 0.0683343989769821 0.3464673913043477 0.03854760967932323 0.513586956521739
10 0.7499262246704701 0.20448369565217392 0.2943635648239229 0.02309782608695649
10 0.8900993507771 0.4429347826086956 0.0350432815266575 0.483695652173913
10 0.7026177946094826 0.6902173913043478 0.4029977375565611 0.01358695652173907
10 0.4976145976785362 0.7139945652173912 0.04205193783198901 0.04755434782608702
10 0.501118925831202 0.5074728260869565 0.0630779067479834 0.07744565217391312
10 0.4958624336022034 0.2900815217391305 0.059573578595317755 0.09918478260869566
11 0.4976145976785362 0.15013586956521738 0.070086563053315 0.033967391304347797
11 0.4976145976785362 0.7282608695652175 0.07709521935864644 0.03532608695652172
11 0.501118925831202 0.5353260869565217 0.09111253196930946 0.02717391304347828
11 0.5028710899075349 0.32608695652173914 0.09461686012197518 0.029891304347826057
11 0.4976145976785362 0.8987771739130436 0.06307790674798347 0.025815217391304233
10 0.501118925831202 0.8797554347826088 0.0630779067479834 0.08288043478260874
7 0.4958624336022034 0.03872282608695652 0.17872073578595304 0.0638586956521739
1 0.5028710899075348 0.939538043478261 0.1647034231752901 0.0638586956521739
3 0.5046232539838676 0.4042119565217391 0.5677011607318511 0.1508152173913044
3 0.4993667617548691 0.5971467391304348 0.571205488884517 0.11005434782608696
3 0.4993667617548691 0.7887228260869565 0.5782141451898485 0.1073369565217392
5 0.501118925831202 0.20176630434782614 0.25932028329726536 0.08831521739130435
