10 0.14492202986652572 0.08355978260869566 0.058436302365534536 0.02309782608695653
10 0.2676382648341483 0.08288043478260869 0.042074137703184855 0.016304347826086953
10 0.4359348156468878 0.08491847826086955 0.12855986520417603 0.014945652173913037
10 0.5995564622703846 0.08220108695652174 0.14492202986652572 0.014945652173913047
10 0.7205196081670411 0.08220108695652174 0.04090541165587411 0.014945652173913047
10 0.8590136447733581 0.08627717391304347 0.07713591912250564 0.012228260869565214
10 0.8087584247389984 0.483695652173913 0.023374520946213836 0.7445652173913043
10 0.7614250198229154 0.48913043478260876 0.019868342804281694 0.7445652173913043
10 0.6877952788423417 0.11956521739130435 0.010518534425796276 0.03804347826086957
10 0.6568240385886084 0.1358695652173913 0.0631112065547773 0.010869565217391308
10 0.627021524382186 0.49184782608695654 0.010518534425796205 0.7282608695652175
10 0.3050374983480904 0.24184782608695649 0.011687260473106918 0.23641304347826086
10 0.14141585172459364 0.4476902173913044 0.009349808378485544 0.18614130434782608
10 0.22497976410730808 0.3607336956521739 0.18348998942777853 0.009510869565217349
10 0.21387686665785652 0.2805706521739131 0.009349808378485527 0.3247282608695653
10 0.3926919518963923 0.45923913043478265 0.03038687723007797 0.005434782608695699
10 0.4043792123694992 0.49252717391304346 0.01869961675697098 0.07744565217391304
10 0.18115253733315714 0.5584239130434783 0.0654486586493987 0.01358695652173914
10 0.25127610017179863 0.6345108695652174 0.01869961675697109 0.08967391304347828
10 0.3278276562706489 0.5597826086956522 0.0899919056429232 0.016304347826087025
10 0.40613230144046525 0.6134510869565217 0.010518534425796205 0.03396739130434789
10 0.444700261001718 0.6270380434782609 0.0899919056429232 0.020380434782608602
10 0.4820994945156601 0.733695652173913 0.026880699088145832 0.2445652173913043
10 0.4254162812210916 0.7126358695652175 0.032724329324699326 0.012228260869565162
10 0.44119408285978595 0.7927989130434782 0.022205794898903123 0.17798913043478265
10 0.4517126172855822 0.8668478260869565 0.04558031584511696 0.02717391304347828
10 0.5154081868640148 0.8709239130434783 0.030386877230078043 0.010869565217391255
10 0.5288485364080878 0.8777173913043478 0.01285598652041763 0.032608695652173905
10 0.5533917834016122 0.8913043478260869 0.06895483679133071 0.016304347826087025
10 0.710001073741245 0.892663043478261 0.08765445354830177 0.010869565217391398
10 0.8759601724593631 0.891983695652174 0.09232935773754462 0.00951086956521749
10 0.3108811285846439 0.7105978260869565 0.044411589797806315 0.021739130434782653
11 0.16712782476542884 0.08491847826086957 0.016362164662349698 0.03125
11 0.28224734042553196 0.08152173913043478 0.0198683428042818 0.02445652173913043
11 0.4932023919651117 0.08355978260869565 0.011687260473106918 0.01766304347826086
11 0.6655894839434388 0.08220108695652174 0.012855986520417702 0.020380434782608682
11 0.733959957711114 0.08288043478260869 0.014024712567728272 0.019021739130434766
11 0.8969972413109555 0.08763586956521738 0.01285598652041756 0.025815217391304355
11 0.142000214748249 0.5332880434782609 0.02454324699352453 0.012228260869565162
11 0.24776992202986656 0.6644021739130435 0.032724329324699326 0.021739130434782653
11 0.20452705827937095 0.5584239130434783 0.011687260473106881 0.024456521739130325
11 0.3611363486190037 0.5604619565217391 0.011687260473106918 0.020380434782608602
11 0.4867743987049029 0.8478260869565218 0.0268806990881459 0.013586956521739212
11 0.46807478194793184 0.8777173913043478 0.015193438615038985 0.02717391304347828
11 0.5791037564424475 0.892663043478261 0.010518534425796205 0.021739130434782653
11 0.743894129113255 0.8933423913043478 0.015193438615039127 0.014945652173912976
11 0.9121906799259945 0.8953804347826084 0.01285598652041756 0.01902173913043484
11 0.7620093828465707 0.13043478260869568 0.028049425135456545 0.019021739130434784
11 0.8122646028809305 0.8498641304347825 0.02103706885159241 0.012228260869565162
11 0.6848734637240651 0.10461956521739131 0.021037068851592552 0.019021739130434766
7 0.09992607704506411 0.08627717391304347 0.04791776793973832 0.05027173913043478
1 0.9162812210915819 0.08831521739130434 0.04207413770318482 0.04619565217391304
1 0.9273841185410336 0.890625 0.03389305537200997 0.044836956521739066
4 0.04441158979780627 0.18342391304347824 0.05142394608167042 0.34782608695652173
4 0.08531700145368046 0.5271739130434783 0.053761398176291796 0.26902173913043476
4 0.08414827540636978 0.7099184782608695 0.05609885027091318 0.1535326086956522
4 0.08297954935905909 0.8695652173913043 0.05142394608167042 0.21467391304347827
3 0.21037068851592444 0.08423913043478262 0.08882317959561252 0.0951086956521739
3 0.3260745671996828 0.08288043478260869 0.0958355358794767 0.07608695652173914
3 0.3961981300383243 0.2058423913043478 0.1262224131095546 0.06929347826086957
3 0.7847995407691292 0.08491847826086957 0.09934171402140876 0.08559782608695653
3 0.25419791529007535 0.7146739130434783 0.08999190564292324 0.08695652173913032
3 0.3728236090921105 0.7092391304347825 0.09349808378485534 0.08967391304347828
3 0.4067166644641205 0.5550271739130435 0.09349808378485534 0.09103260869565212
3 0.6252684353112198 0.8851902173913043 0.10284789216334075 0.09375
3 0.791227534029338 0.892663043478261 0.09349808378485534 0.08967391304347828
5 0.2501073741244879 0.5557065217391305 0.07479846702788424 0.0815217391304347
0 0.7240257863089732 0.2112771739130435 0.05960502841284523 0.08831521739130438
0 0.872453994317431 0.8131793478260869 0.0455803158451171 0.07472826086956516
2 0.14024712567728292 0.563179347826087 0.04207413770318487 0.04483695652173914
2 0.6901327309369631 0.08355978260869566 0.040905411655874246 0.04755434782608696
2 0.4850213096339369 0.876358695652174 0.044411589797806246 0.051630434782608745
10 0.7906431710056826 0.8315217391304347 0.01285598652041756 0.04347826086956516
10 0.8198613221884499 0.8118206521739131 0.0736297409805735 0.012228260869565162
10 0.7222726972380071 0.13926630434782608 0.00934980837848542 0.0855978260869565
8 0.5159925498876702 0.1236413043478261 0.061942480507466584 0.032608695652173905
9 0.5142394608167042 0.08084239130434784 0.04207413770318489 0.04755434782608696
8 0.6860421897713758 0.11888586956521738 0.0490864939870491 0.03125
8 0.9145281320206159 0.11277173913043478 0.06194248050746665 0.01358695652173914
8 0.3944450409673583 0.20448369565217397 0.11804133077837989 0.03940217391304348
8 0.32490584115237214 0.08695652173913043 0.06077375446015587 0.029891304347826074
8 0.20978632549226905 0.08627717391304346 0.07129228888595217 0.03396739130434783
8 0.10051044006871944 0.12024456521739132 0.04674904189242762 0.025815217391304355
8 0.04324286375049558 0.1745923913043478 0.030386877230077988 0.12907608695652173
8 0.6246840722875645 0.44565217391304346 0.07596719307519492 0.016304347826086953
8 0.7211039711906966 0.24592391304347827 0.0701235628386415 0.01358695652173914
8 0.20920196246861372 0.4633152173913044 0.04207413770318489 0.024456521739130394
8 0.35003345116955203 0.4626358695652174 0.05025522003435974 0.03125
8 0.04090541165587419 0.7004076086956522 0.032724329324699354 0.18614130434782594
8 0.08531700145368047 0.7112771739130435 0.01869961675697107 0.06929347826086968
8 0.08473263843002511 0.5258152173913043 0.022205794898903123 0.08152173913043484
8 0.08239518633540374 0.8858695652173912 0.01986834280428175 0.13315217391304343
8 0.25069173714814325 0.7099184782608695 0.0829795493590591 0.01766304347826093
8 0.14024712567728295 0.592391304347826 0.03973668560856351 0.024456521739130325
8 0.25069173714814325 0.6324728260869565 0.04558031584511696 0.0366847826086957
8 0.4850213096339368 0.6820652173913043 0.04674904189242774 0.029891304347825953
8 0.44002535681247523 0.7900815217391304 0.06194248050746665 0.04755434782608702
8 0.36873306792652305 0.7146739130434784 0.06194248050746669 0.01902173913043484
8 0.4067166644641205 0.557744565217391 0.08181082331174853 0.03940217391304373
8 0.4838525835866262 0.90625 0.06077375446015594 0.029891304347826234
8 0.6281902504294965 0.891304347826087 0.06194248050746665 0.0298913043478261
8 0.8771288985066739 0.8620923913043478 0.07596719307519492 0.042119565217391255
8 0.9285528445883442 0.9205163043478259 0.06895483679133094 0.012228260869565162
8 0.7906431710056827 0.8987771739130435 0.08999190564292334 0.05027173913043484
