10 0.15160349854227406 0.13666527835624045 0.029154518950437323 0.019806562080614577
10 0.21039844509232264 0.24362071359155904 0.014577259475218653 0.11091674765144152
10 0.3206997084548105 0.25847563515202 0.011661807580174894 0.13666527835624045
10 0.27842565597667635 0.35552778934703133 0.05928085519922259 0.025748530704798895
10 0.3216715257531584 0.45257994354204273 0.01360544217687071 0.12082002869174886
10 0.3833819241982508 0.13369429404414826 0.04373177842565603 0.021787218288675997
10 0.391642371234208 0.058429358137812956 0.14577259475218665 0.04555509278541349
10 0.4640427599611273 0.280262853440696 0.012633624878522837 0.48922208339117956
10 0.4042759961127308 0.5585450506733306 0.08551992225461617 0.03169049932898325
10 0.5014577259475219 0.5654773474015456 0.05053449951409142 0.03763246795316768
10 0.6273080660835763 0.560525706881392 0.03401360544217688 0.03169049932898325
10 0.7439261418853255 0.564487019297515 0.03401360544217695 0.015845249664491662
10 0.7793974732750243 0.3733536952195845 0.01360544217687078 0.32284696191401735
10 0.7774538386783284 0.6833263917812024 0.011661807580175036 0.18222037114165401
10 0.8955296404275995 0.4783284742468416 0.008746355685131135 0.5842935813781296
10 0.8498542274052479 0.15152019991670138 0.06122448979591837 0.03763246795316766
10 0.9280855199222546 0.156471840436855 0.034985422740524824 0.03169049932898329
10 0.8386783284742468 0.8219723263455043 0.040816326530612346 0.035651811745106274
11 0.15694849368318756 0.13567495025220974 0.012633624878522837 0.033671155537044764
11 0.2079689018464529 0.2852144939608497 0.027210884353741492 0.023767874496737527
11 0.2978620019436346 0.356518117451062 0.018464528668610248 0.039613124161229155
11 0.3202137998056365 0.19707529270211488 0.02429543245869773 0.045555092785413503
11 0.3969873663751214 0.13369429404414826 0.022351797862001987 0.03367115553704478
11 0.3206997084548105 0.06833263917812023 0.011661807580174894 0.03367115553704475
11 0.4387755102040816 0.5595353787773613 0.020408163265306173 0.03763246795316768
11 0.5194363459669582 0.5625063630894535 0.018464528668610213 0.04357443657735203
11 0.6375121477162293 0.560525706881392 0.019436345966958157 0.04357443657735203
11 0.750728862973761 0.560525706881392 0.018464528668610286 0.04357443657735203
11 0.7784256559766763 0.7546300152714147 0.019436345966958157 0.031690499328983324
11 0.8483965014577259 0.8199916701374428 0.0194363459669583 0.04357443657735203
11 0.8722060252672498 0.15052987181267066 0.022351797862001917 0.047535748993474944
11 0.9353741496598639 0.15449118422879357 0.022351797862001917 0.03961312416122911
11 0.8955296404275995 0.2010366051182378 0.014577259475218653 0.03763246795316768
11 0.7784256559766763 0.22084316719885233 0.019436345966958157 0.03367115553704472
7 0.12001943634596696 0.12676199731593318 0.037900874635568516 0.08318756073858113
1 0.9523809523809524 0.15152019991670138 0.03692905733722057 0.06536165486602805
1 0.4154518950437318 0.134684622148179 0.03984450923226426 0.07922624832245823
4 0.07580174927113703 0.1445879031884863 0.03692905733722061 0.24164005738349764
4 0.07580174927113703 0.3446341802026933 0.04275996112730808 0.22579480771900598
4 0.07725947521865889 0.5872645656902217 0.03595724003887269 0.247582026007682
4 0.07823129251700679 0.8180110139293814 0.032069970845481056 0.265407931880235
3 0.20942662779397472 0.13369429404414826 0.09426627793974732 0.1287426535239946
3 0.32215743440233235 0.13460909664930157 0.09620991253644315 0.13087436072981104
3 0.2089407191448008 0.35849877365912347 0.09135082604470358 0.13468462214817897
3 0.3206997084548105 0.5595353787773614 0.09523809523809522 0.13270396594011757
3 0.565597667638484 0.5634966911934842 0.09912536443148688 0.1366652783562405
3 0.6870748299319728 0.560525706881392 0.09329446064139944 0.13468462214817897
3 0.7784256559766763 0.15647184043685503 0.09329446064139929 0.1307233097320561
3 0.7774538386783285 0.8199916701374428 0.09329446064139929 0.13468462214817906
3 0.8979962405771242 0.8190013420334123 0.09531220904540456 0.13666527835624045
5 0.46307094266277943 0.5595353787773613 0.047619047619047665 0.09705215419501137
5 0.3226433430515063 0.36246008607524643 0.03887269193391646 0.0831875607385811
5 0.7759961127308066 0.5545837382572077 0.0456754130223517 0.09111018557082694
5 0.8979591836734693 0.15052987181267063 0.03304178814382894 0.08714887315470404
8 0.037178265014299335 0.48863770484361524 0.019065776930409912 0.39829315901765855
8 0.07626310772163966 0.8199010395387899 0.019065776930409922 0.15931726360706336
8 0.07721639656816015 0.578982250669572 0.01715919923736891 0.17486041127604524
8 0.07816968541468064 0.3545780561986473 0.01715919923736891 0.17291751781742257
8 0.0767397521448999 0.14280266920877024 0.01429933269780742 0.17680330473466788
8 0.21020019065776935 0.13794543556221348 0.05815061963775028 0.07771573834490901
8 0.2092469018112488 0.35846384311589274 0.08102955195424212 0.06800127105179535
8 0.3217349857006673 0.43423668800217946 0.07721639656816016 0.029143401879340898
8 0.33746425166825544 0.2710336374778701 0.01715919923736891 0.017486041127604574
8 0.41897044804575784 0.20594670661400882 0.03336510962821734 0.031086295337963605
8 0.334604385128694 0.47115166371601075 0.015252621544327952 0.013600254210359068
8 0.3198284080076263 0.5663534431885242 0.06768350810295516 0.06411548413454994
8 0.46091515729265964 0.6401833946161878 0.0657769304099142 0.025257614962095474
8 0.40610104861773116 0.07285850469835219 0.022878932316491928 0.02525761496209544
8 0.5672068636796948 0.5634391030005902 0.07626310772163954 0.0621725906759272
8 0.5157292659675882 0.5799536973988834 0.01525262154432788 0.021371828044850077
8 0.6854146806482365 0.5614962095419674 0.07054337464251667 0.0621725906759272
8 0.7783603431839846 0.15154568977257254 0.07340324118207832 0.054401016841436306
8 0.9528122020972356 0.22148985428299064 0.025738798856053364 0.019428934586227235
8 0.7793136320305052 0.8208724862681013 0.0657769304099142 0.04857233646556822
8 0.8946615824594853 0.8179581460801671 0.061963775023832275 0.0505152299241908
11 0.3226882745471878 0.4896091515729266 0.018112488083889423 0.034972082255209
