10 0.13203050524308865 0.29199405349336266 0.04480457578646328 0.02600756751762745
10 0.25500476644423264 0.2931762156532548 0.060057197330791255 0.03310054047698042
10 0.30457578646329836 0.21515351310037245 0.00857959961868442 0.08511567551223526
10 0.4180171591992374 0.18087081046349993 0.24118207816968543 0.016550270238490157
10 0.5571973307912298 0.5248799989921175 0.008579599618684455 0.6147243231439213
10 0.30457578646329836 0.5437945935503918 0.010486177311725449 0.42557837756117634
10 0.42707340324118215 0.6679216203390682 0.007626310772163942 0.2718972967751959
10 0.4809342230695901 0.46813621531729394 0.03717826501429933 0.023643243197843163
10 0.3760724499523356 0.8251491876047251 0.07340324118207811 0.02364324319784302
10 0.5014299332697807 0.8263313497646173 0.11439466158245949 0.03073621615719617
10 0.6020019065776929 0.17968864830360778 0.05815061963775015 0.028371891837411737
10 0.73069590085796 0.18087081046349993 0.06387035271687325 0.02600756751762745
10 0.8603431839847474 0.18087081046349993 0.0657769304099142 0.03546486479676471
11 0.14775977121067682 0.2896297291735783 0.011439466158245964 0.04019351343633332
11 0.2802669208770257 0.29199405349336266 0.017159199237368944 0.03546486479676471
11 0.5357483317445185 0.18323513478328426 0.011439466158245822 0.04492216207590197
11 0.6224976167778837 0.17732432398382345 0.015252621544327952 0.037829189116549
11 0.7550047664442325 0.17732432398382345 0.01715919923736891 0.037829189116549
11 0.8875119161105814 0.17968864830360778 0.01715919923736891 0.04255783775611764
11 0.49475691134413724 0.46813621531729394 0.013346043851286921 0.037829189116549033
11 0.4265967588179218 0.5449767557102841 0.01620591039084843 0.02600756751762745
11 0.3036224976167779 0.741215674252382 0.02001906577693042 0.035464864796764604
11 0.40467111534795047 0.8251491876047251 0.014299332697807471 0.03310054047698045
11 0.5562440419447092 0.2328859454987548 0.012392755004766443 0.035464864796764674
1 0.9022878932316492 0.17732432398382347 0.03336510962821734 0.0945729727913725
4 0.04242135367016206 0.31090864805163715 0.02955195424213537 0.5839881069867253
4 0.04051477597712107 0.7766805390491469 0.02573879885605338 0.423214053241392
3 0.19113441372735937 0.2908118913334705 0.08102955195424213 0.16077405374533332
3 0.42707340324118204 0.46813621531729394 0.08198284080076262 0.16077405374533327
3 0.30695900857959957 0.8227848632849409 0.08770257387988557 0.17968864830360773
3 0.6639656816015252 0.17968864830360778 0.0791229742612012 0.1655027023849019
3 0.7950428979980935 0.17850648614371564 0.08007626310772167 0.1631383780651176
5 0.30600571973307916 0.29435837781314694 0.03622497616777881 0.08275135119245093
5 0.5567206863679695 0.1714135131843627 0.03431839847473782 0.09693729711115683
5 0.4275500476644423 0.8204205389651565 0.04099142040038124 0.10403027007050966
2 0.09723546234509056 0.2955405399730391 0.036224976167778845 0.08038702687266663
1 0.5119161105815062 0.45867891803815675 0.03241182078169686 0.0945729727913725
8 0.10104861773117253 0.2257929725394019 0.07054337464251667 0.04019351343633335
8 0.36224976167778833 0.2860832426939019 0.06673021925643469 0.05674378367482351
8 0.47283126787416585 0.15959189158544113 0.015252621544327952 0.02127891887805882
8 0.43898951382268825 0.6927470256968036 0.010486177311725414 0.02837189183741188
8 0.5004766444232602 0.8038702687266663 0.01715919923736891 0.028371891837411737
8 0.4299332697807436 0.9126291874367447 0.07244995233555769 0.042557837756117746
8 0.0438512869399428 0.3109086480516371 0.01715919923736891 0.16313837806511755
8 0.041468064823641564 0.7861378363282842 0.012392755004766443 0.13476648622770596
8 0.31696854146806486 0.47286486395686256 0.0162059103908485 0.02837189183741181
8 0.511439466158246 0.5260621611520097 0.03336510962821734 0.021278918878058804
8 0.42421353670162065 0.46340756667772537 0.059103908484270704 0.02837189183741181
8 0.6658722592945662 0.18441729694317643 0.05243088655862735 0.023643243197843163
8 0.7931363203050523 0.18559945910306858 0.05529075309818879 0.04965081071547057
8 0.9003813155386083 0.24234324277789207 0.025738798856053364 0.02127891887805884
