10 0.13508260447035958 0.8342419825072886 0.03109815354713314 0.035218658892128475
10 0.19339164237123418 0.6537463556851313 0.013605442176870746 0.2641399416909621
10 0.19436345966958213 0.374198250728863 0.01166180758017493 0.21131195335276967
10 0.21671525753158405 0.2839504373177843 0.0641399416909621 0.048425655976676404
10 0.26482021379980564 0.39951166180758024 0.016520894071914503 0.11666180758017497
10 0.3513119533527697 0.2861516034985423 0.03206997084548106 0.03521865889212826
10 0.3843537414965986 0.18269679300291547 0.018464528668610286 0.127667638483965
10 0.39795918367346933 0.12436588921282798 0.05344995140913511 0.04622448979591837
10 0.5262390670553936 0.126567055393586 0.05344995140913511 0.028615160349854243
10 0.5199222546161322 0.1617857142857143 0.03692905733722057 0.024212827988338185
10 0.5335276967930029 0.4578425655976677 0.011661807580174894 0.6075218658892129
10 0.4863945578231293 0.23332361516034986 0.014577259475218653 0.04402332361516034
10 0.5427599611273081 0.24432944606413995 0.15063168124392612 0.022011661807580154
10 0.3843537414965986 0.41161807580174925 0.008746355685131206 0.16288629737609334
10 0.3965014577259475 0.4831559766763849 0.04275996112730809 0.024212827988338147
10 0.5408163265306123 0.48535714285714293 0.07288629737609334 0.02861516034985421
10 0.6326530612244897 0.4864577259475219 0.062196307094266316 0.03081632653061227
10 0.772108843537415 0.4875583090379008 0.05150631681243922 0.0154081632653061
10 0.7944606413994169 0.5183746355685132 0.012633624878522908 0.10345481049562678
10 0.7954324586977648 0.7351895043731779 0.010689990281827022 0.21131195335276964
10 0.8143828960155491 0.8353425655976676 0.056365403304178725 0.03301749271137041
10 0.9416909620991254 0.8397448979591837 0.029154518950437306 0.02421282798833829
10 0.5913508260447036 0.8342419825072886 0.059280855199222555 0.030816326530612344
10 0.7191448007774539 0.8375437317784257 0.034985422740524685 0.01981049562682216
11 0.14625850340136054 0.8320408163265307 0.01652089407191447 0.04842565597667644
11 0.19484936831875607 0.5403862973760932 0.02429543245869773 0.024212827988338147
11 0.24392614188532555 0.2828498542274053 0.017492711370262343 0.05943148688046644
11 0.36103012633624876 0.2828498542274053 0.012633624878522908 0.04182215743440231
11 0.26627793974732744 0.36319241982507294 0.02526724975704564 0.026413994169096143
11 0.41496598639455784 0.12436588921282798 0.015549076773566596 0.0638338192419825
11 0.544703595724004 0.13317055393586005 0.022351797862001917 0.055029154518950435
11 0.6122448979591837 0.247631195335277 0.01943634596695823 0.041822157434402346
11 0.5724003887269193 0.4853571428571428 0.019436345966958157 0.0682361516034986
11 0.661321671525753 0.4875583090379008 0.0165208940719144 0.037419825072886326
11 0.7954324586977648 0.5590962099125365 0.02623906705539355 0.017609329446064095
11 0.4110787172011662 0.4831559766763849 0.01943634596695823 0.037419825072886326
11 0.6132167152575316 0.8320408163265306 0.025267249757045748 0.04402332361516045
11 0.533041788143829 0.7505976676384839 0.018464528668610213 0.03962099125364446
11 0.7346938775510203 0.8408454810495627 0.015549076773566525 0.03521865889212833
11 0.8377065111758989 0.8364431486880466 0.021379980563654043 0.04842565597667644
11 0.9494655004859086 0.8353425655976676 0.015549076773566525 0.050626822157434505
7 0.1054421768707483 0.8408454810495627 0.037900874635568495 0.10125364431486872
1 0.9674441205053449 0.8485495626822157 0.0359572400388727 0.12546647230320687
1 0.7487852283770651 0.8408454810495627 0.03401360544217681 0.1100583090379007
1 0.565597667638484 0.1342711370262391 0.036929057337220496 0.11446064139941693
4 0.02135260376435923 0.3495151250873687 0.04270520752871846 0.6990302501747374
4 0.02575315840621963 0.8344280078584965 0.03790087463556851 0.3157690999880355
3 0.19387755102040816 0.8309402332361515 0.098153547133139 0.1562827988338192
3 0.2915451895043732 0.28174927113702625 0.09912536443148688 0.14967930029154522
3 0.4586977648202138 0.12216472303206997 0.1010689990281827 0.16068513119533528
3 0.4645286686103013 0.49306122448979595 0.09329446064139944 0.14527696793002917
3 0.7079689018464529 0.47765306122448975 0.09426627793974732 0.1540816326530612
3 0.6627793974732747 0.8340972961230154 0.09912536443148676 0.1411640083370586
3 0.8819241982507288 0.8320408163265306 0.09620991253644305 0.14087463556851304
5 0.38289601554907676 0.27734693877551014 0.04081632653061227 0.10565597667638482
0 0.6370262390670554 0.24653061224489797 0.059280855199222486 0.17609329446064137
0 0.5388726919339164 0.8188338192419825 0.06122448979591844 0.18049562682215736
0 0.26433430515063167 0.5172740524781341 0.06997084548104958 0.14967930029154522
2 0.19144800777453838 0.48865889212827995 0.0408163265306122 0.08364431486880469
2 0.5884353741496597 0.4776530612244898 0.032069970845480994 0.08804664723032075
2 0.793002915451895 0.5932142857142857 0.03887269193391646 0.08144314868804671
8 0.14398848092152627 0.4946004319654428 0.05339970153381106 0.06047516198704102
8 0.023839152470451368 0.357451403887689 0.03242124735981386 0.2570194384449244
8 0.022408803322224294 0.8347732181425485 0.02383915247045138 0.23542116630669555
8 0.10489227086998604 0.9384449244060474 0.07247102351017216 0.084233261339093
8 0.19166678586242902 0.8401727861771059 0.09344947768416936 0.06911447084233259
8 0.26509137547141925 0.6123110151187905 0.10870653526525828 0.03239740820734347
8 0.3146768126099581 0.4146868250539957 0.045771172743266565 0.06047516198704109
8 0.45103676474093995 0.27645788336933047 0.08391381669598885 0.034557235421166295
8 0.6345982387634156 0.3531317494600432 0.08677451499244292 0.058315334773218055
8 0.5926413304154211 0.5367170626349892 0.07914598620189864 0.028077753779697616
8 0.7928902111672126 0.6522678185745141 0.0791459862018985 0.025917926565874865
8 0.5406719780298371 0.9200863930885529 0.11633506405580278 0.025917926565874723
8 0.45914207658089345 0.12203023758099356 0.08105311839953472 0.15334773218142547
8 0.5621272152532433 0.18142548596112312 0.03528194565626798 0.025917926565874758
8 0.4815508799031177 0.6166306695464363 0.06293536252199161 0.06695464362850984
8 0.46057242572912044 0.4870410367170626 0.0820066844983527 0.10151187904967607
8 0.7056389131253604 0.4838012958963283 0.0934494776841693 0.1123110151187906
8 0.6651123539255933 0.8326133909287262 0.08105311839953461 0.09287257019438398
8 0.7490261706215822 0.8844492440604752 0.03528194565626805 0.01943844492440604
8 0.9664392411520986 0.8876889848812095 0.03337481345863182 0.012958963282937361
8 0.4844115781995718 0.24730021598272145 0.032421247359813846 0.01943844492440604
8 0.38333357172485805 0.19546436285097188 0.036235511755086165 0.02807775377969769
8 0.3895317513671754 0.3930885529157666 0.02383915247045138 0.021598272138229006
