10 0.1737247353224254 0.4389647135220381 0.06448508180943215 0.030574656663226563
10 0.32435033686236764 0.2773558140164122 0.0346487006737248 0.11793081855815948
10 0.36429258902791145 0.4345969054272915 0.08180943214629459 0.039310272852719874
10 0.478344562078922 0.4345969054272915 0.07699711260827719 0.03494246475797325
10 0.5822906641000962 0.4378727614983515 0.05774783445620784 0.03712636880534653
10 0.7531280076997112 0.4378727614983515 0.05293551491819059 0.032758560710599835
10 0.8657362848893166 0.4389647135220382 0.08565928777670834 0.034942464757973184
10 0.4254090471607315 0.6376999818330106 0.013474494706448467 0.3188499909165053
10 0.534167468719923 0.6453436459988172 0.021174205967276195 0.3297695111533719
10 0.8031761308950913 0.6344241257619507 0.016361886429258874 0.32540170305862526
11 0.19971126082771895 0.43350495340360484 0.01828681424446586 0.0371263688053466
11 0.3392685274302214 0.23149382902157234 0.01443695861405196 0.03931027285271984
11 0.397497593840231 0.4324130013799181 0.01924927815206928 0.056781505231706435
11 0.5072184793070259 0.4389647135220382 0.02309913378248318 0.056781505231706504
11 0.6039461020211742 0.44005666554572476 0.022136669874879614 0.050229793089586534
11 0.5336862367661213 0.4968381707774312 0.022136669874879687 0.04149417690009315
11 0.42589027911453314 0.78838936110177 0.02021174205967277 0.04804588904221319
11 0.7738380828418049 0.435669455568107 0.017324350336862436 0.04149417690009315
11 0.8007699711260828 0.7829296009833366 0.025024061597690092 0.050229793089586396
11 0.8965351299326275 0.4356888574509782 0.024061597690086672 0.050229793089586465
7 0.11645813282001924 0.4378727614983514 0.048123195380173255 0.12885033879502614
1 0.9273339749759384 0.43132104935623145 0.060635226179018245 0.12448253070027951
4 0.03176130895091434 0.39310272852719824 0.04812319538017325 0.707584911348957
4 0.49278152069297376 0.8844811391861964 0.19249278152069282 0.19218355616885277
3 0.2675649663137632 0.44005666554572476 0.1289701636188643 0.23367773306894563
3 0.6684311838306063 0.43678080947466486 0.12608277189605382 0.22712602092682574
0 0.3666987487969201 0.16051694748193931 0.055822906641001 0.1812640359319859
2 0.4230028873917228 0.4345969054272915 0.04716073147256978 0.12229862665290618
2 0.534167468719923 0.4324130013799181 0.04812319538017313 0.10482739427391963
2 0.8051010587102982 0.4345969054272915 0.04908565928777662 0.09609177808442632
8 0.11876221124008737 0.5616883116883117 0.1001609010458568 0.1363636363636364
8 0.26518790943569714 0.43722943722943725 0.09920698770256298 0.0692640692640692
8 0.42639926445236187 0.33766233766233766 0.10111481438915064 0.04329004329004324
8 0.531806688886335 0.33441558441558444 0.10206872773244456 0.08008658008658003
8 0.49746580852775546 0.8777056277056279 0.08299046086656701 0.03679653679653683
8 0.8041489483967361 0.3203463203463203 0.0953913343293874 0.10822510822510821
8 0.9257728996667051 0.537878787878788 0.09634524767268146 0.0800865800865801
8 0.36201011378002534 0.2640692640692641 0.021940006895759083 0.030303030303030276
8 0.02718653028387542 0.3863636363636364 0.02575566026893461 0.4437229437229437
