10 0.10690208667736759 0.1131621187800963 0.06548956661316213 0.02086677367576243
10 0.23836276083467098 0.11637239165329052 0.051043338683788166 0.014446227929373983
10 0.32696629213483147 0.11476725521669343 0.08186195826645261 0.011235955056179777
10 0.5268057784911718 0.050561797752808994 0.23306581059390055 0.024077046548956673
10 0.4646869983948636 0.11235955056179776 0.051043338683788096 0.019261637239165328
10 0.5609951845906902 0.11396468699839488 0.07415730337078649 0.012841091492776879
10 0.7059390048154094 0.11556982343499199 0.0693418940609952 0.019261637239165345
10 0.5171749598715891 0.27608346709470305 0.026966292134831493 0.2696629213483146
10 0.4276083467094704 0.2536115569823435 0.017335473515248837 0.1348314606741573
10 0.411717495987159 0.31059390048154095 0.04526484751203853 0.014446227929373983
10 0.3924558587479936 0.36837881219903695 0.012520064205457544 0.13964686998394868
10 0.2359550561797753 0.3523274478330658 0.0057784911717496355 0.046548956661316226
10 0.20513643659711078 0.37158908507223115 0.07512038523274481 0.017656500802568188
10 0.17142857142857146 0.3828250401284109 0.01348314606741571 0.05617977528089888
10 0.15313001605136434 0.23354735152487963 0.007704654895666127 0.10112359550561799
10 0.17287319422150887 0.2792937399678973 0.05104333868378813 0.022471910112359553
10 0.10064205457463885 0.4526484751203852 0.06645264847512039 0.01926163723916531
10 0.23402889245585876 0.45184590690208665 0.05585874799357942 0.014446227929374018
10 0.3322632423756019 0.45184590690208665 0.10208667736757626 0.014446227929374018
10 0.44735152487961477 0.45425361155698235 0.08186195826645261 0.016051364365971068
10 0.5826645264847512 0.4510433386837881 0.0462279293739968 0.022471910112359553
10 0.6611556982343499 0.45184590690208665 0.03948635634028903 0.014446227929374018
10 0.6775280898876406 0.44221508828250405 0.008667736757624453 0.03691813804173357
10 0.6929373996789727 0.43017656500802565 0.04141252006420544 0.016051364365971068
10 0.8205457463884431 0.45184590690208665 0.05971107544141276 0.033707865168539325
10 0.8990369181380418 0.4975922953451043 0.07223113964687002 0.025682182985553793
10 0.8451043338683789 0.5449438202247191 0.010593900481540998 0.04012841091492781
10 0.8200642054574641 0.5585874799357946 0.06067415730337089 0.016051364365971068
10 0.6423756019261638 0.5024077046548956 0.005778491171749707 0.12520064205457465
10 0.6756019261637239 0.5601926163723917 0.07993579454253613 0.012841091492776896
10 0.2715890850722312 0.6163723916532906 0.0077046548956661454 0.28250401284109145
10 0.24799357945425363 0.7520064205457464 0.05104333868378813 0.011235955056179848
10 0.17239165329052974 0.6284109149277688 0.01348314606741571 0.1974317817014446
10 0.09967897271268057 0.7752808988764045 0.06837881219903692 0.009630818619582726
10 0.20609951845906907 0.85553772070626 0.06741573033707862 0.009630818619582584
10 0.23643659711075443 0.8266452648475121 0.006741573033707873 0.05778491171749593
10 0.26725521669341895 0.803370786516854 0.07223113964686999 0.011235955056179706
10 0.3996789727126806 0.8041733547351524 0.04044943820224724 0.012841091492776825
10 0.4738362760834671 0.8025682182985554 0.036597110754414144 0.009630818619582726
10 0.5046548956661316 0.7471910112359551 0.036597110754414075 0.02086677367576243
10 0.4897271268057785 0.7728731942215089 0.0028892455858748178 0.06902086677367564
10 0.4565008025682184 0.853932584269663 0.00770465489566611 0.12199036918138048
10 0.48635634028892455 0.907704654895666 0.07319422150882822 0.017656500802568188
10 0.6418940609951846 0.9052969502407704 0.08764044943820223 0.012841091492776967
10 0.6833065810593902 0.8892455858747994 0.008667736757624453 0.04173354735152486
10 0.6443017656500803 0.7768860353130016 0.08667736757624404 0.012841091492776685
10 0.6818619582664528 0.7913322632423757 0.009630818619582584 0.04494382022471911
10 0.7276083467094705 0.8426966292134831 0.04911717495987162 0.012841091492776967
10 0.769983948635634 0.8009630818619583 0.004815409309791221 0.02247191011235941
10 0.7882825040128413 0.7961476725521669 0.04333868378812198 0.016051364365971068
10 0.867255216693419 0.7921348314606742 0.058747993579454205 0.014446227929373947
10 0.769983948635634 0.8796147672552166 0.004815409309791221 0.025682182985553793
10 0.7882825040128413 0.8868378812199037 0.04719101123595507 0.011235955056179848
10 0.8662921348314608 0.8892455858747994 0.0568218298555378 0.01605136436597121
11 0.13097913322632426 0.11476725521669341 0.015409309791332274 0.033707865168539325
11 0.25617977528089886 0.11316211878009633 0.019261637239165345 0.02407704654895669
11 0.3606741573033708 0.11396468699839485 0.01637239165329049 0.019261637239165328
11 0.48731942215088286 0.11235955056179776 0.017335473515248764 0.025682182985553793
11 0.592295345104334 0.11075441412520064 0.013483146067415746 0.022471910112359553
11 0.6332263242375602 0.05778491171749598 0.018298555377207038 0.019261637239165318
11 0.7348314606741573 0.11396468699839488 0.013483146067415817 0.02247191011235957
11 0.5253611556982344 0.3932584269662921 0.01637239165329049 0.03531300160513645
11 0.393900481540931 0.4197431781701445 0.017335473515248764 0.024077046548956604
11 0.19020866773675763 0.27768860353130015 0.018298555377207072 0.032102728731942205
11 0.16757624398073837 0.3948635634028892 0.0231139646869984 0.01605136436597114
11 0.1285714285714286 0.45104333868378815 0.01637239165329053 0.025682182985553723
11 0.25280898876404495 0.45024077046548955 0.01637239165329053 0.020866773675762503
11 0.2715890850722312 0.48154093097913325 0.017335473515248764 0.022471910112359553
11 0.3775280898876405 0.4478330658105939 0.017335473515248764 0.022471910112359553
11 0.4820224719101124 0.45024077046548955 0.01637239165329049 0.024077046548956604
11 0.5990369181380417 0.45024077046548955 0.015409309791332291 0.030497592295345086
11 0.7054574638844302 0.4285714285714286 0.020224719101123584 0.025682182985553723
11 0.708828250401284 0.5601926163723917 0.013483146067415675 0.025682182985553723
11 0.8446227929373998 0.45987158908507225 0.013483146067415675 0.03049759229534516
11 0.9322632423756019 0.4975922953451043 0.01540930979133222 0.028892455858747893
11 0.8436597110754414 0.5304975922953451 0.01540930979133222 0.017656500802568188
11 0.1709470304975923 0.7199036918138042 0.02215088282504011 0.02086677367576243
11 0.12905296950240772 0.7744783306581059 0.015409309791332254 0.020866773675762573
11 0.2951845906902087 0.7993579454253612 0.014446227929373983 0.01926163723916517
11 0.41219903691813814 0.7993579454253612 0.013483146067415746 0.035313001605136375
11 0.5181380417335474 0.745585874799358 0.013483146067415746 0.024077046548956673
11 0.5166934189406099 0.9060995184590691 0.012520064205457402 0.03049759229534516
11 0.6808988764044944 0.803370786516854 0.015409309791332362 0.027287319422150774
11 0.6823434991974318 0.8707865168539325 0.014446227929374089 0.02407704654895653
11 0.7483146067415731 0.8402889245585875 0.01540930979133222 0.02086677367576243
11 0.8080256821829856 0.7913322632423756 0.015409309791332362 0.035313001605136375
11 0.892295345104334 0.7913322632423757 0.010593900481540857 0.025682182985553793
11 0.8085072231139648 0.8860353130016051 0.014446227929374089 0.022471910112359553
11 0.892295345104334 0.890048154093098 0.012520064205457402 0.02407704654895653
7 0.05922953451043339 0.11075441412520064 0.03756019261637239 0.07062600321027288
1 0.7516853932584269 0.11316211878009633 0.04333868378812198 0.06260032102728731
4 0.017335473515248792 0.4991974317817014 0.03274478330658106 0.9791332263242374
3 0.17768860353130017 0.12038523274478331 0.08186195826645265 0.11556982343499196
3 0.40257740508897155 0.11080034807728131 0.08089887640449434 0.12199036918138041
3 0.6327447833065811 0.11556982343499196 0.0808988764044944 0.11556982343499195
3 0.23643659711075443 0.2768860353130016 0.08186195826645268 0.1075441412520064
3 0.16998394863563404 0.4558587479935794 0.08186195826645264 0.1027287319422151
3 0.5224719101123596 0.44943820224719105 0.07800963081861959 0.10914927768860352
3 0.7521669341894062 0.4293739967897271 0.08089887640449447 0.11075441412520064
3 0.7531300160513643 0.5626003210272874 0.08089887640449447 0.11396468699839488
3 0.5609951845906902 0.7463884430176564 0.08571428571428569 0.10593900481540942
3 0.3399678972712681 0.8017656500802569 0.07704654895666127 0.11396468699839488
3 0.173354735152488 0.7776886035313002 0.08282504012841091 0.1075441412520064
3 0.5624398073836276 0.9052969502407706 0.07704654895666138 0.10914927768860352
5 0.6211878009630819 0.45184590690208665 0.0346709470304976 0.09149277688603533
5 0.8465489566613164 0.492776886035313 0.040449438202247306 0.051364365971107585
5 0.7699839486356342 0.8402889245585875 0.03756019261637235 0.06581059390048154
5 0.6847512038523275 0.8394863563402889 0.028892455858748035 0.05457463884430183
5 0.43820224719101136 0.7953451043338684 0.0346709470304976 0.07223113964687002
2 0.052969502407704656 0.45184590690208665 0.03467094703049759 0.052969502407704636
2 0.2754414125200642 0.11556982343499196 0.03274478330658102 0.05457463884430176
5 0.509470304975923 0.10674157303370785 0.0346709470304976 0.07223113964686997
2 0.2735152487961477 0.44943820224719105 0.03081861958266451 0.051364365971107585
2 0.16853932584269665 0.5064205457463885 0.0346709470304976 0.052969502407704636
2 0.056831016645953865 0.7681190301811582 0.03852327447833066 0.056179775280898944
2 0.17431781701444624 0.8290529695024077 0.028892455858747983 0.046548956661316226
2 0.823916532905297 0.8001605136436598 0.0337078651685394 0.05939004815409305
2 0.9115569823434992 0.7897271268057784 0.027929373996789762 0.054574638844301686
1 0.910593900481541 0.8884430176565007 0.03948635634028903 0.06902086677367592
8 0.041494435612082665 0.5278219395866455 0.010492845786963429 0.05723370429252775
8 0.04292527821939587 0.1971383147853736 0.011446740858505557 0.0604133545310016
8 0.05914149443561208 0.14864864864864863 0.04197138314785374 0.01748807631160572
8 0.018600953895071538 0.487281399046105 0.00858505564387917 0.23688394276629576
8 0.043402225755166925 0.8370429252782193 0.00858505564387917 0.039745627980922224
8 0.055802861685214616 0.8100158982511926 0.05818759936406995 0.007949125596184388
8 0.17122416534181237 0.5365659777424484 0.07154213036565978 0.023847376788553306
8 0.2737678855325914 0.4848966613672496 0.04578696343402225 0.022257551669316412
8 0.05484896661367248 0.4841017488076311 0.06009538950715419 0.011128775834658171
8 0.1516693163751987 0.20349761526232116 0.06295707472178058 0.015898251192368845
8 0.2737678855325914 0.1478537360890302 0.04387917329093799 0.015898251192368845
8 0.17551669316375196 0.1176470588235294 0.05151033386327501 0.015898251192368845
8 0.4292527821939586 0.2082670906200318 0.055325914149443566 0.03179650238473769
8 0.6944356120826708 0.21701112877583464 0.059141494435612146 0.01748807631160574
8 0.7521462639109697 0.1478537360890302 0.039109697933227355 0.015898251192368845
8 0.5098569157392686 0.15580286168521462 0.04101748807631161 0.022257551669316377
8 0.5179650238473767 0.25039745627980925 0.017170111287758374 0.014308426073131956
8 0.2356120826709062 0.2798092209856916 0.05723370429252785 0.019077901430842596
8 0.168362480127186 0.4538950715421304 0.04864864864864863 0.02066772655007945
8 0.17217806041335454 0.775039745627981 0.06772655007949122 0.02384737678855328
8 0.21224165341812395 0.7837837837837839 0.06772655007949123 0.015898251192368918
9 0.2117647058823529 0.7432432432432432 0.03243243243243242 0.06200317965023856
9 0.3925278219395867 0.4538950715421304 0.033386327503974585 0.04292527821939579
8 0.3939586645468998 0.4841017488076311 0.043879173290937955 0.01748807631160574
8 0.48314785373608893 0.5802861685214626 0.05818759936406991 0.022257551669316485
8 0.5246422893481717 0.46025437201907793 0.06486486486486484 0.06836248012718606
8 0.755007949125596 0.4292527821939586 0.05627980922098572 0.019077901430842557
8 0.7516693163751986 0.5659777424483307 0.05723370429252782 0.019077901430842415
8 0.6219395866454689 0.4928457869634339 0.030524642289348317 0.019077901430842557
8 0.8451510333863275 0.5405405405405407 0.049602543720190795 0.022257551669316412
8 0.9510333863275039 0.5310015898251192 0.03815580286168526 0.015898251192368845
8 0.8251192368839426 0.9189189189189189 0.02480127186009554 0.022257551669316342
9 0.8241653418124005 0.8831478537360892 0.03434022257551675 0.04928457869634329
8 0.9104928457869633 0.8243243243243243 0.060095389507154234 0.017488076311605597
8 0.9128775834658185 0.9220985691573926 0.04006359300476944 0.012718600953894993
8 0.8241653418124005 0.8267090620031796 0.03624801271860093 0.012718600953895133
8 0.7683624801271859 0.8839427662957076 0.0543720190779014 0.022257551669316485
8 0.6848966613672495 0.884737678855326 0.05723370429252782 0.02066772655007952
8 0.497933227344992 0.7774244833068363 0.03624801271860093 0.03179650238473755
8 0.46883942766295705 0.8537360890302067 0.06581875993640701 0.012718600953895133
8 0.4364069952305246 0.8426073131955485 0.03529411764705877 0.015898251192368776
8 0.5623211446740858 0.907790143084261 0.0543720190779014 0.022257551669316342
8 0.5608903020667726 0.7511923688394276 0.053418124006359376 0.02066772655007938
8 0.17456279809220984 0.8720190779014309 0.04769475357710652 0.04292527821939587
8 0.33863275039745633 0.8012718600953894 0.05723370429252782 0.05723370429252797
8 0.4034976152623211 0.1128775834658188 0.06486486486486484 0.060413354531001565
8 0.6357710651828298 0.11923688394276627 0.05627980922098572 0.028616852146263944
9 0.4034976152623211 0.06041335453100159 0.03243243243243242 0.04769475357710652
2 0.42734499205087445 0.17011128775834655 0.030524642289348165 0.03497615262321144
