10 0.2414965986394558 0.29209960330736506 0.07677356656948493 0.02360400834806992
10 0.2759961127308066 0.42782265130876707 0.015549076773566562 0.2980006053943826
10 0.15694849368318756 0.5281396867880642 0.008746355685131223 0.17112906052350688
10 0.42857142857142855 0.4477385333524511 0.5597667638483965 0.016227755739298074
10 0.6914480077745384 0.5222386847010467 0.041788143828960074 0.014752505217543685
10 0.7040816326530611 0.48240692061367874 0.014577259475218653 0.10031703547929709
10 0.7172011661807579 0.3186541126989437 0.4703595724003886 0.01475250521754365
10 0.48493683187560743 0.4012681419171884 0.011661807580174894 0.19178256782806802
10 0.5529640427599611 0.29726298013350544 0.009718172983479078 0.4086443945259603
10 0.6574344023323616 0.2994758559161369 0.008746355685131277 0.4071691440042058
10 0.3381924198250729 0.6306695980499929 0.02332361516034986 0.019178256782806782
10 0.19970845481049565 0.6321448485717472 0.0573372206025267 0.019178256782806855
10 0.12973760932944609 0.6291943475282384 0.02429543245869775 0.016227755739298005
10 0.39795918367346944 0.6314072233108701 0.0398445092322644 0.017703006261052465
10 0.4504373177842565 0.5244515604836782 0.04178814382896014 0.016227755739298074
10 0.43391642371234207 0.5650209498319234 0.010689990281827022 0.09146553234877089
10 0.5194363459669582 0.523713935222801 0.0398445092322644 0.014752505217543685
10 0.6064139941690962 0.5222386847010466 0.07580174927113696 0.017703006261052465
10 0.48347910592808563 0.7243480061813952 0.008746355685131206 0.3629116283515747
10 0.7235179786200194 0.8969523172266566 0.4868804664723032 0.014752505217543756
10 0.5860058309037901 0.6284567222673613 0.2837706511175899 0.014752505217543614
10 0.8391642371234208 0.6306695980499929 0.028182701652089578 0.019178256782806782
10 0.9271137026239067 0.6306695980499928 0.08551992225461617 0.016227755739298005
10 0.870262390670554 0.7095955009638516 0.010689990281827022 0.12097054278385827
10 0.924198250728863 0.7899966543994649 0.08940719144800767 0.016227755739298147
10 0.8260447035957239 0.7907342796603419 0.056365403304178725 0.014752505217543899
10 0.7988338192419824 0.8180264143127977 0.00971817298347915 0.08703978078350787
10 0.879494655004859 0.8571205531392886 0.17881438289601548 0.014752505217543756
10 0.3639455782312925 0.8003234080517453 0.012633624878522837 0.30537685800315445
10 0.6627793974732751 0.9471108349663051 0.6161321671525753 0.020653507304561173
11 0.13508260447035958 0.6262438464847296 0.01166180758017493 0.019178256782806782
11 0.15500485908649175 0.5930507097452564 0.010689990281827022 0.02950501043508737
11 0.27453838678328474 0.5701843266580636 0.022351797862001917 0.025079258869824202
11 0.2230320699708455 0.6284567222673613 0.014577259475218653 0.02655450939157873
11 0.3430515063168124 0.6328824738326244 0.011661807580174894 0.023604008348069812
11 0.41205053449951407 0.6277190970064841 0.015549076773566596 0.022128757826315494
11 0.46307094266277943 0.5222386847010467 0.018464528668610355 0.020653507304561173
11 0.4844509232264334 0.48830792270069623 0.01652089407191454 0.014752505217543685
11 0.532069970845481 0.5207634341792924 0.018464528668610213 0.02360400834806988
11 0.4825072886297376 0.5532189456578884 0.01652089407191447 0.02950501043508737
11 0.6351380825583874 0.5221825396633267 0.01068999028182695 0.023604008348069954
11 0.6560136617768582 0.48686074469780183 0.01749271137026227 0.014752505217543685
11 0.5519922254616132 0.10105466074017429 0.011661807580174823 0.019178256782806782
11 0.7230320699708455 0.6277190970064841 0.01360544217687078 0.025079258869824345
11 0.84645286686103 0.6269814717456069 0.015549076773566525 0.020653507304561173
11 0.9620991253644314 0.6314072233108701 0.015549076773566668 0.02655450939157852
11 0.9659863945578232 0.9493237107489365 0.019436345966958157 0.028029759913333122
11 0.8459669582118562 0.7892590291385875 0.018464528668610286 0.023604008348069812
11 0.8683187560738582 0.7604916439643773 0.0165208940719144 0.022128757826315563
11 0.9655004859086492 0.7877837786168331 0.01263362487852305 0.017703006261052395
4 0.042237067086115514 0.6085127677048173 0.05928085519922254 0.7597540187035001
4 0.597667638483965 0.0626981471745607 0.7871720116618076 0.08703978078350777
3 0.27696793002915454 0.6321448485717472 0.10884353741496604 0.11654479121859516
3 0.7779397473275025 0.6306695980499928 0.10787172011661796 0.11064378913157767
5 0.15646258503401358 0.6277190970064841 0.025267249757045657 0.05163376826140301
5 0.3634596695821186 0.6291943475282384 0.03304178814382901 0.05458426930491164
5 0.43197278911564624 0.6291943475282384 0.03012633624878525 0.05163376826140294
0 0.19047619047619044 0.2913619780464879 0.04275996112730805 0.08113877869649024
2 0.5529640427599611 0.5215010594401696 0.02721088435374156 0.048683267217894226
2 0.6550048590864919 0.5192881836575379 0.03304178814382894 0.05901002087017474
5 0.4849368318756073 0.5178129331357835 0.03887269193391638 0.04720801669613976
5 0.8692905733722059 0.6240309707020981 0.030126336248785322 0.04720801669613976
5 0.8668610301263362 0.7936847807038506 0.029154518950437306 0.03835651356561371
8 0.19781485498526255 0.3610709117221419 0.08865918801749118 0.08827785817655577
8 0.17255175302328926 0.1722141823444284 0.29553062672497055 0.04630969609261941
8 0.5982111879674806 0.06729377713458756 0.210684737116833 0.04196816208393625
8 0.09914575864321593 0.6816208393632419 0.07817261739176641 0.040520984081042
9 0.10295905705257039 0.6280752532561507 0.043852931707576294 0.06946454413892916
8 0.041946282502898995 0.6049204052098406 0.032413036479512866 0.25470332850940647
8 0.36321667349101217 0.5658465991316933 0.06101277454967132 0.08972503617945002
8 0.4309027202570539 0.6845151953690305 0.06863937136838025 0.040520984081042
8 0.3984896837775409 0.6324167872648337 0.019066492046772295 0.023154848046309625
8 0.5534049316575659 0.5861070911722144 0.10772568006426347 0.06367583212735163
8 0.6582706379148136 0.5846599131693199 0.10009908324555461 0.06657018813314032
8 0.586294630438248 0.6309696092619393 0.0266930888654813 0.02026049204052093
8 0.8665720635258007 0.6700434153400869 0.06482607295902568 0.017366136034732308
8 0.9261548511719642 0.6266280752532563 0.02001981664911085 0.037626628075253306
8 0.8689553750316473 0.7141823444283648 0.0181131674444336 0.018813314037626584
8 0.8327290401427798 0.8552821997105644 0.02001981664911085 0.02026049204052086
8 0.6115577324002213 0.8950795947901594 0.018113167444433528 0.01591895803183789
8 0.5696114498973223 0.9486251808972506 0.018113167444433743 0.02749638205499295
8 0.7774362132071404 0.6316931982633868 0.08484588960813691 0.1027496382054994
