10 0.1698748796920116 0.1467617971572443 0.07218479307025988 0.03191474522603954
10 0.3397497593840231 0.1467617971572443 0.07314725697786326 0.020309383325661515
10 0.22725242826839342 0.3584905660377359 0.015406944289382593 0.3193033381712628
10 0.28647287038070784 0.36429608127721336 0.020221614379814668 0.316400580551524
10 0.1733281232555543 0.5776487663280117 0.06740538126604889 0.023222060957910032
10 0.3278790331584236 0.5595065312046443 0.04333203081388863 0.021770682148040663
10 0.38035893714413305 0.7358490566037736 0.009629340180864148 0.2031930333817126
10 0.3981732164787317 0.8345428156748912 0.04525789885006141 0.014513788098693824
10 0.5488723903092553 0.832365747460087 0.06355364519370334 0.01596516690856319
10 0.706793569275427 0.832365747460087 0.05970190912135763 0.021770682148040663
11 0.19836440772580105 0.1444121915820029 0.021184548397901112 0.03628447024673442
11 0.36880372892709606 0.14586357039187228 0.01733281232555541 0.027576197387518153
11 0.28695433738975096 0.2220609579100145 0.023110416434073924 0.02902757619738754
11 0.22821536228647982 0.5072568940493469 0.021184548397901112 0.03047895500725687
11 0.19740147370771463 0.5754716981132075 0.023110416434073924 0.0304789550072568
11 0.34184157642067653 0.5631349782293178 0.02118454839790104 0.03193033381712631
11 0.41454309478620066 0.8294629898403483 0.020221614379814668 0.03338171262699561
11 0.571501339734286 0.8316400580551524 0.022147482415987553 0.026124818577648767
11 0.7308669197275873 0.8309143686502176 0.01733281232555541 0.027576197387518136
7 0.1131447471251535 0.14804063860667635 0.04525789885006141 0.07547169811320753
7 0.12469995534219044 0.5820029027576197 0.043332030813888575 0.07547169811320764
1 0.39335854638829965 0.1444121915820029 0.05681310706709837 0.08563134978229316
1 0.7597549402701795 0.8330914368650219 0.0481467009043206 0.08998548621190125
4 0.03996176175058613 0.14804063860667635 0.04718376688623423 0.29027576197387517
4 0.07222005135648096 0.5754716981132075 0.03273975661493804 0.2888243831640058
4 0.07318298537456737 0.8352685050798258 0.040443228759629336 0.2772133526850509
3 0.2556589818019426 0.14296081277213354 0.10881154404376467 0.14078374455732948
3 0.25517751479289935 0.5761973875181422 0.10592274198950538 0.13642960812772123
3 0.3972102824606453 0.5783744557329463 0.1088115440437646 0.14078374455732948
3 0.4718376688623423 0.8323657474600872 0.10784861002567822 0.13497822931785208
3 0.629758847828514 0.8316400580551524 0.10977447806185098 0.13062409288824384
8 0.03466562465111085 0.14949201741654572 0.01733281232555541 0.19448476052249636
8 0.034184157642067656 0.7031930333817127 0.014444010271296194 0.10014513788098682
8 0.07125711733839453 0.5798258345428158 0.015406944289382612 0.12626995645863567
8 0.06981271631126493 0.8309143686502177 0.012518142235123353 0.14078374455732956
8 0.256621915820029 0.14876632801161102 0.07607178742882653 0.0711175616835994
8 0.39624734844255854 0.576197387518143 0.08762699564586386 0.026124818577648704
8 0.25421458077481296 0.577648766328012 0.07510885341074029 0.04644412191582004
8 0.4718376688623422 0.8301886792452834 0.0808864575192589 0.02902757619738746
8 0.6292773808194708 0.8287373004354136 0.08377525957351793 0.026124818577648912
