10 0.09766763848396512 0.1339103073796952 0.03401360544217687 0.01539956641997458
10 0.21234207968901855 0.13321032708787817 0.043731778425655995 0.013999605836340514
10 0.33333333333333337 0.1311103862124271 0.038872691933916424 0.018199487587242658
10 0.4936831875607386 0.1339103073796952 0.22351797862001946 0.012599645252706449
10 0.6588921282798833 0.13321032708787817 0.046647230320699645 0.013999605836340514
10 0.7759961127308066 0.1339103073796952 0.0456754130223517 0.012599645252706449
10 0.8989310009718173 0.13461028767151223 0.04275996112730795 0.016799527003608646
10 0.370262390670554 0.22840764677499378 0.009718172983479078 0.1483958218652096
10 0.38241010689990285 0.29630573508124536 0.039844509232264326 0.023799329921778883
10 0.4523809523809524 0.29770569566487937 0.04178814382896021 0.018199487587242658
10 0.5694849368318756 0.29770569566487937 0.036929057337220496 0.015399566419974562
10 0.5821185617103984 0.3236049664621094 0.017492711370262343 0.08399763501804319
10 0.46307094266277943 0.35930396134477777 0.2653061224489795 0.0181994875872428
10 0.33333333333333337 0.235407449693164 0.011661807580174894 0.2547928262213976
10 0.2711370262390671 0.19690853364322755 0.01360544217687078 0.07139798976533665
10 0.1846452866861031 0.2291076270668108 0.1865889212827988 0.015399566419974633
10 0.09378036929057341 0.3698036657220331 0.006802721088435373 0.28279203789407875
10 0.1472303206997085 0.5321990934235832 0.0826044703595724 0.011199684669072382
10 0.3104956268221575 0.5307991328399493 0.1856171039844509 0.016799527003608646
10 0.45335276967930027 0.5307991328399493 0.04567541302235178 0.016799527003608646
10 0.532069970845481 0.41600236498195686 0.010689990281827022 0.17079519120335449
10 0.4951409135082605 0.3754035080565693 0.010689990281827093 0.0951973196871156
10 0.45432458697764816 0.41950226644104205 0.08454810495626823 0.009799724085438442
10 0.4193391642371235 0.46430100511733174 0.012633624878522837 0.09379735910348153
10 0.5126336248785228 0.5888974970607624 0.010689990281827022 0.04619869925992376
10 0.4042759961127308 0.6091969255234562 0.23129251700680267 0.013999605836340549
10 0.293488824101069 0.5657981474308006 0.009718172983479078 0.09799724085438363
10 0.20116618075801754 0.6434959598224904 0.01166180758017493 0.1805949152887927
10 0.2847424684159378 0.7197938116305462 0.18853255587949458 0.022399369338144907
10 0.48347910592808546 0.7232937130896314 0.05733722060252667 0.020999408754510684
10 0.5072886297376094 0.8051914072322236 0.007774538386783334 0.19319456054149942
10 0.5422740524781341 0.8982887860438881 0.07774538386783277 0.015399566419974633
10 0.6229348882410106 0.5118996649608895 0.011661807580174965 0.7209797005715373
10 0.7001943634596697 0.43700177373646765 0.006802721088435533 0.5459846276172806
10 0.7356656948493684 0.3719036065974842 0.009718172983479007 0.4129883721720456
10 0.7920310981535471 0.5776978123916899 0.12827988338192425 0.018199487587242658
10 0.8561710398445093 0.7176938707550953 0.011661807580174894 0.28419199847771287
10 0.7580174927113703 0.7148939495878273 0.12827988338192425 0.012599645252706609
10 0.8221574344023324 0.7813920773104447 0.00971817298347915 0.15399566419974575
10 0.8960155490767733 0.8947888845848029 0.0408163265306122 0.013999605836340549
10 0.728862973760933 0.8961888451684371 0.14188532555879504 0.019599448170876742
11 0.10835762876579212 0.1318103665042441 0.012633624878522837 0.02519929050541295
11 0.22691933916423718 0.13181036650424413 0.022351797862001917 0.016799527003608608
11 0.35034013605442177 0.13041040592061004 0.012633624878522766 0.022399369338144855
11 0.5996112730806609 0.1360102482551463 0.015549076773566668 0.022399369338144855
11 0.6744412050534498 0.129010445336976 0.015549076773566525 0.02239936933814482
11 0.7925170068027211 0.1311103862124271 0.014577259475218795 0.020999408754510788
11 0.9149659863945577 0.1332103270878782 0.01652089407191454 0.02239936933814482
11 0.0913508260447037 0.5027999211672681 0.013605442176870746 0.022399369338144837
11 0.17978620019436356 0.5342990342990344 0.017492711370262377 0.020999408754510753
11 0.39455782312925164 0.5328990737154002 0.01360544217687071 0.026599251089047087
11 0.467444120505345 0.5300991525481322 0.01360544217687078 0.02379932992177885
11 0.4193391642371235 0.49790005912454904 0.0204081632653061 0.015399566419974562
11 0.39795918367346944 0.2949057744976113 0.010689990281827022 0.026599251089047017
11 0.46744412050534495 0.2970057153730623 0.01943634596695823 0.019599448170876707
11 0.5291545189504373 0.3348046511311818 0.01068999028182688 0.016799527003608573
11 0.575801749271137 0.894788884584803 0.01652089407191454 0.013999605836340549
11 0.7900874635568513 0.8954888648766199 0.0194363459669583 0.026599251089047017
11 0.8197278911564626 0.8513901064921473 0.014577259475218653 0.019599448170876742
11 0.6214771622934889 0.16470944021964434 0.01068999028182695 0.03219909342358324
11 0.7356656948493682 0.17380918401326573 0.013605442176870639 0.027999211672681046
11 0.9139941690962098 0.894788884584803 0.012633624878522766 0.025199290505413075
7 0.0641399416909622 0.13041040592061004 0.04470359572400388 0.07279795034897076
1 0.9348882410106899 0.8891890422502666 0.044703595724003835 0.06719810801443443
1 0.934402332361516 0.13251034679606113 0.039844509232264326 0.060198305096264254
4 0.021865889212828095 0.19760851393504464 0.020408163265306117 0.38358919991573054
4 0.02526724975704578 0.7204937919223633 0.027210884353741492 0.527785140030038
3 0.15597667638483972 0.1339103073796952 0.09037900874635567 0.07419791093260476
3 0.2745383867832848 0.1311103862124271 0.08843537414965982 0.07699783209987292
3 0.7186588921282799 0.12971042562879304 0.0884353741496598 0.08259767443440909
3 0.8372206025267249 0.13461028767151223 0.08649173955296419 0.07839779268350694
3 0.5121477162293488 0.29700571537306236 0.08746355685131192 0.078397792683507
3 0.5145772594752187 0.5328990737154004 0.09037900874635568 0.07419791093260486
3 0.41836734693877553 0.7211937722141804 0.08649173955296405 0.07279795034897063
3 0.6205053449951409 0.8961888451684371 0.08066083576287668 0.07559787151623894
3 0.8396501457725947 0.8961888451684371 0.0913508260447037 0.07559787151623894
5 0.20116618075801757 0.5307991328399492 0.03304178814382894 0.053198502178094104
5 0.3707482993197279 0.13531026796332926 0.0359572400388727 0.057398383928996176
2 0.6214771622934888 0.129010445336976 0.03401360544217695 0.05599842334536211
2 0.4178814382896016 0.5328990737154004 0.03887269193391638 0.07419791093260486
8 0.0625816355385589 0.18238557558945906 0.042362953287639865 0.03190013869625521
8 0.023588462626072206 0.19486823855755894 0.012516327107711786 0.07628294036061024
8 0.1819681402582713 0.2510402219140083 0.048139719645045334 0.01386962552011095
8 0.15164011688189272 0.13037447988904302 0.07028399068176616 0.019417475728155355
8 0.271989415994506 0.13453536754507628 0.07028399068176619 0.013869625520110953
8 0.4173713693225429 0.33495145631067963 0.05680486918115349 0.018030513176144184
9 0.4183341637154438 0.29542302357836336 0.04332574768054073 0.05270457697642165
2 0.092428261718487 0.5319001386962552 0.04043736450183807 0.05409153952843269
8 0.09435385050428881 0.5804438280166435 0.042362953287639886 0.03190013869625524
8 0.04332574768054078 0.5457697642163661 0.013479121500612692 0.037447988904299546
8 0.042362953287639865 0.7226074895977809 0.011553532714810872 0.07489597780859909
8 0.042362953287639865 0.891123439667129 0.011553532714810872 0.08460471567267688
8 0.02406985982252265 0.7191400832177532 0.011553532714810863 0.09292649098474343
8 0.4183341637154438 0.7239944521497921 0.07606075703917156 0.013869625520110986
8 0.507874042255228 0.5339805825242719 0.05680486918115342 0.05270457697642165
8 0.6205209862246341 0.5013869625520111 0.02599544860832445 0.015256588072122029
8 0.7591633788023645 0.7364771151178918 0.031772214965729975 0.013869625520110845
8 0.7971937573219503 0.59500693481276 0.032735009358630836 0.01109570041608876
8 0.617632603045931 0.8966712898751728 0.07991193461077593 0.018030513176144743
8 0.9358361498996808 0.9348127600554785 0.05391648600245091 0.019417475728155296
8 0.9329477667209781 0.18307905686546463 0.042362953287639726 0.03606102635228847
8 0.8361869302344371 0.1345353675450763 0.06835840189596439 0.016643550624133176
8 0.7172818227111754 0.1345353675450763 0.08087472900367615 0.016643550624133176
8 0.8371497246273382 0.8987517337031901 0.0645072243243608 0.03606102635228851
11 0.37163863565974986 0.7212205270457699 0.017330299072216348 0.030513176144244057
