10 0.1333012512030799 0.3210693602426335 0.014436958614051977 0.016371808737584672
10 0.20500481231953802 0.32015981531276766 0.01924927815206928 0.014552718877853081
10 0.2781520692974013 0.3192502703829019 0.015399422521655453 0.016371808737584707
10 0.3907603464870067 0.16371808737584712 0.03657362848893165 0.014552718877853081
10 0.3739172281039461 0.22829577739632015 0.006737247353224305 0.15462263807718896
10 0.5255052935514918 0.3165216355933044 0.27141482194417704 0.014552718877853118
10 0.654475457170356 0.16371808737584712 0.021174205967276264 0.018190898597316353
10 0.6583253128007701 0.23375304697551502 0.00962463907603464 0.17281353667450525
10 0.6039461020211742 0.4520438301433111 0.03946102021174212 0.016371808737584745
10 0.6939364773820981 0.4520438301433111 0.025024061597690092 0.012733629018121419
10 0.7733397497593839 0.4866065374782122 0.014436958614052031 0.074582684248997
10 0.7199230028873917 0.5457269579194903 0.005774783445620812 0.06912541466980202
10 0.7454282964388835 0.5148024303040526 0.060635226179018245 0.010914539158389757
10 0.5851780558229066 0.5748323956751965 0.009624639076034568 0.08003995382819191
10 0.5866217516843117 0.4693251838107617 0.006737247353224163 0.058210875511412324
10 0.37439846005774785 0.4302147518265316 0.015399422521655453 0.18372807583289513
10 0.3537054860442733 0.3192502703829019 0.016361886429258874 0.012733629018121419
10 0.38691049085659285 0.5138928853741868 0.03849855630413856 0.020009988457047923
10 0.480269489894129 0.51753106509365 0.021174205967276195 0.012733629018121348
10 0.5596727622714148 0.5148024303040526 0.020211742059672844 0.014552718877853152
10 0.4403272377285852 0.5984805638517078 0.010587102983638061 0.07640177410872866
10 0.5033686236766122 0.6303146363970114 0.14436958614051976 0.020009988457047923
10 0.5673724735322425 0.7303645786822512 0.01828681424446593 0.238300771624844
10 0.37247353224254093 0.836781335476552 0.05774783445620784 0.025467258036242838
10 0.2435033686236766 0.6039378334309027 0.00962463907603464 0.4729633635302251
10 0.2747834456207892 0.8322336108272228 0.07795957651588069 0.027286347895974502
10 0.17083734359961503 0.42839566196679996 0.012512030798845011 0.12187902060201956
10 0.47738209817131855 0.16098945258624967 0.0076997112608277974 0.01637180873758469
10 0.4956689124157845 0.12187902060201954 0.011549566891241696 0.061849055230875596
10 0.5153994225216555 0.09095449298658172 0.049085659287776764 0.02182907831677962
10 0.6145332050048125 0.09186403791644754 0.03368623676612124 0.016371808737584724
10 0.6284889316650626 0.1109644814436297 0.00962463907603464 0.07276359438926538
10 0.6289701636188643 0.2146526034483329 0.010587102983638132 0.058210875511412324
10 0.6159769008662175 0.23466259190538086 0.03272377285851775 0.02546725803624291
10 0.4951876804619826 0.2110144237288696 0.006737247353224305 0.061849055230875576
10 0.5149181905678537 0.23466259190538089 0.0519730510105871 0.01819089859731637
10 0.5972088546679499 0.6002996537114393 0.04716073147256971 0.01455271887785301
10 0.6924927815206929 0.5993901087815736 0.02213666987487983 0.01273362901812149
10 0.7487969201154957 0.603028288501037 0.025024061597690092 0.016371808737584745
10 0.836381135707411 0.6030282885010368 0.02309913378248325 0.01273362901812149
10 0.9273339749759384 0.5984805638517078 0.039461020211741984 0.018190898597316263
10 0.9470644850818095 0.5520937724285511 0.00577478344562067 0.12187902060201956
10 0.42974013474494704 0.90681629507622 0.008662175168431218 0.05639178565168066
10 0.5153994225216555 0.9304644632527311 0.18383060635226178 0.016371808737584672
10 0.6126082771896053 0.9159117443748781 0.016361886429258874 0.04183906677382751
10 0.526948989412897 0.8977208457775617 0.012512030798845117 0.027286347895974502
10 0.6135707410972089 0.8395099702661494 0.05101058710298368 0.030924527615437826
10 0.5875842155919153 0.8667963181621238 0.010587102983638203 0.09277358284631347
10 0.5538979788257941 0.9086353849359514 0.07410972088546686 0.012733629018121348
11 0.13474494706448506 0.32197890517249933 0.005774783445620795 0.025467258036242876
11 0.2088546679499519 0.32015981531276766 0.013474494706448504 0.02546725803624291
11 0.28055822906641004 0.3174311805231702 0.01443695861405196 0.030924527615437788
11 0.3537054860442733 0.31834072545303604 0.016361886429258874 0.029105437755706197
11 0.3955726660250241 0.3147025457335728 0.011549566891241553 0.047296336353022495
11 0.404716073147257 0.16553717723557873 0.018286814244465786 0.025467258036242838
11 0.4797882579403272 0.16098945258624967 0.006737247353224234 0.027286347895974502
11 0.5346487006737247 0.08731631326711846 0.012512030798845117 0.029105437755706145
11 0.6270452358036573 0.13825082933960423 0.01828681424446593 0.029105437755706162
11 0.5365736284889318 0.23466259190538086 0.010587102983638061 0.02546725803624291
11 0.6275264677574591 0.1946426149912849 0.017324350336862436 0.02182907831677962
11 0.40423484119345526 0.5120737955144551 0.00962463907603464 0.041839066773827656
11 0.48748796920115495 0.51753106509365 0.018286814244465786 0.027286347895974502
11 0.566410009624639 0.5102547056547234 0.012512030798845046 0.030924527615437753
11 0.6193455245428297 0.45022474028357956 0.014436958614052031 0.020009988457047996
11 0.7006737247353223 0.45295337507317696 0.015399422521655453 0.018190898597316405
11 0.7184793070259866 0.5730133058154648 0.010587102983638061 0.03274361747516949
11 0.758902791145332 0.6002996537114393 0.010587102983638061 0.025467258036242838
11 0.7011549566891242 0.5948423841322444 0.010587102983638061 0.02546725803624277
11 0.618864292589028 0.5993901087815736 0.011549566891241625 0.02364816817651132
10 0.478344562078922 0.8322336108272228 0.038498556304138634 0.027286347895974502
11 0.3060635226179019 0.8304145209674911 0.017324350336862367 0.03456270733490101
11 0.3912415784408084 0.8376908804064178 0.02021174205967277 0.030924527615437826
11 0.4903753609239654 0.831324065897357 0.016361886429258874 0.040019976914095846
11 0.5274302213666988 0.8868063066191719 0.019249278152069352 0.016371808737584672
11 0.6193455245428297 0.9049972052164881 0.010587102983638203 0.023648168176511178
11 0.43936477382098177 0.5620987666570751 0.01443695861405196 0.029105437755706235
11 0.8431183830606352 0.6012091986413053 0.013474494706448467 0.016371808737584745
11 0.944177093358999 0.5002497114261995 0.011549566891241625 0.029105437755706235
7 0.109720885466795 0.3201598153127677 0.036573628488931684 0.0909544929865817
1 0.944177093358999 0.4638679142315668 0.04234841193455253 0.08367813354765524
4 0.068334937439846 0.3519938878580713 0.05582290664100097 0.7039877757161426
4 0.06785370548604427 0.8349622456168203 0.05678537054860443 0.3165216355933043
3 0.17083734359961503 0.3174311805231702 0.068334937439846 0.10368812200470316
3 0.24302213666987488 0.32197890517249933 0.06641000962463905 0.1127835713033614
3 0.3161693936477382 0.32197890517249933 0.06641000962463905 0.10186903214497157
3 0.4398460057747831 0.16276532230115667 0.06737247353224252 0.10377456229435224
3 0.5668912415784408 0.09098042507347649 0.06544754571703562 0.1091972557576876
3 0.5717035611164581 0.23921031655470995 0.06544754571703557 0.09641176256577666
3 0.4403272377285852 0.5211692448131133 0.06833493743984605 0.10368812200470309
3 0.5221366698748797 0.5184406100235158 0.07025986525505289 0.10550721186443482
3 0.6535129932627527 0.4520438301433111 0.06544754571703564 0.1000499422852399
3 0.7348411934552453 0.4465865605641163 0.06448508180943222 0.10368812200470316
3 0.6559191530317614 0.5984805638517077 0.06833493743984605 0.10550721186443482
3 0.7945139557266603 0.597571018921842 0.06833493743984591 0.11096448144362966
3 0.8777670837343601 0.6012091986413052 0.06544754571703564 0.11096448144362966
3 0.4278152069297401 0.8331431557570886 0.06641000962463905 0.1018690321449715
3 0.528873917228104 0.8322336108272228 0.06448508180943222 0.10732630172416634
5 0.3739172281039461 0.32197890517249933 0.03176130895091433 0.04365815663355924
5 0.5871029836381136 0.5129833404443209 0.028873917228103993 0.05457269579194907
5 0.7218479307025987 0.602118743571171 0.03657362848893157 0.058210875511412394
5 0.4971126082771896 0.16098945258624967 0.029836381135707413 0.06002996537114393
5 0.6275264677574591 0.16553717723557873 0.03464870067372473 0.04001997691409596
0 0.1751684311838306 0.527536059322174 0.053897978825794016 0.1273362901812144
0 0.6371511068334939 0.8940826660580984 0.044273339749759444 0.10368812200470316
2 0.32675649663137635 0.8285954311077595 0.03176130895091433 0.0818590436879235
8 0.16873710073710071 0.3207207207207208 0.07054545454545452 0.06486486486486488
8 0.24404914004914005 0.31891891891891894 0.0629189189189189 0.05405405405405407
8 0.3169778869778869 0.3189189189189189 0.06768550368550375 0.05765765765765771
8 0.3737002457002457 0.1972972972972973 0.09342506142506146 0.023423423423423417
8 0.06863882063882064 0.33693693693693705 0.020972972972972972 0.3063063063063064
8 0.1692137592137592 0.5828828828828829 0.046712530712530745 0.023423423423423344
8 0.06816216216216206 0.8288288288288279 0.0352727272727274 0.2306306306306303
8 0.32937100737100733 0.881081081081081 0.10200491400491395 0.01801801801801801
8 0.44186240786240805 0.517117117117117 0.05433906633906602 0.07927927927927965
8 0.5200343980343982 0.5144144144144147 0.05815233415233427 0.07387387387387388
8 0.5043046683046682 0.0900900900900901 0.05529238329238332 0.02882882882882882
8 0.5019213759213759 0.236036036036036 0.04861916461916465 0.018018018018017976
8 0.44043243243243246 0.16216216216216217 0.051479115479115475 0.0900900900900901
8 0.6368157248157247 0.9585585585585586 0.04766584766584771 0.01441441441441441
8 0.43042260442260444 0.835135135135135 0.04861916461916458 0.06306306306306311
8 0.5267076167076167 0.8324324324324326 0.05624570024570019 0.06486486486486498
8 0.6534987714987714 0.6018018018018018 0.058152334152334145 0.07207207207207218
8 0.652068796068796 0.44864864864864856 0.051479115479115475 0.039639639639639554
8 0.7359606879606879 0.4495495495495495 0.059105651105651094 0.081081081081081
8 0.7922063882063884 0.5981981981981982 0.05147911547911562 0.06126126126126123
8 0.877051597051597 0.6 0.053385749385749366 0.021621621621621612
11 0.1692137592137592 0.47837837837837843 0.016206388206388204 0.023423423423423344
8 0.022402948402948403 0.4990990990990991 0.020019656019656017 0.2522522522522523
