10 0.06453791561022598 0.13226452905811623 0.1146270441435357 0.13226452905811623 0.1146270441435357 0.14829659318637275 0.06453791561022598 0.14829659318637275
10 0.18205471716914493 0.1342685370741483 0.7465206656406738 0.1342685370741483 0.7465206656406738 0.1503006012024048 0.18205471716914493 0.1503006012024048
10 0.7657857150765621 0.1342685370741483 0.800462804061161 0.1342685370741483 0.800462804061161 0.15030060120240482 0.7657857150765621 0.15030060120240482
10 0.8678904770867704 0.13627254509018036 0.899677808655986 0.13627254509018036 0.899677808655986 0.14829659318637275 0.8678904770867704 0.14829659318637275
10 0.754226685415029 0.16032064128256512 0.7638592101329732 0.16032064128256512 0.7638592101329732 0.48296593186372744 0.754226685415029 0.48296593186372744
10 0.14448787076916264 0.19438877755511022 0.15412039548710682 0.19438877755511022 0.15412039548710682 0.5110220440881762 0.14448787076916264 0.5110220440881762
10 0.15701015290249007 0.5250501002004008 0.19072398941529473 0.5250501002004008 0.19072398941529473 0.5410821643286573 0.15701015290249007 0.5410821643286573
10 0.25622515749731506 0.5270541082164328 0.29379200389729737 0.5270541082164328 0.29379200389729737 0.5410821643286573 0.25622515749731506 0.5410821643286573
10 0.31305705333318573 0.5250501002004008 0.3486973947895792 0.5250501002004008 0.3486973947895792 0.5450901803607214 0.31305705333318573 0.5450901803607214
10 0.36892569669726194 0.5210420841683366 0.4093823005126275 0.5210420841683366 0.4093823005126275 0.5430861723446894 0.36892569669726194 0.5430861723446894
10 0.47392021612285345 0.5230460921843687 0.5085973051074525 0.5230460921843687 0.5085973051074525 0.5430861723446895 0.47392021612285345 0.5430861723446895
10 0.5307521119587241 0.5210420841683366 0.567355705886912 0.5210420841683366 0.567355705886912 0.5470941883767535 0.5307521119587241 0.5470941883767535
10 0.6309303690253435 0.5190380761523046 0.6713869728407089 0.5190380761523046 0.6713869728407089 0.5450901803607214 0.6309303690253435 0.5450901803607214
10 0.6887255173330086 0.5250501002004008 0.726292363732991 0.5250501002004008 0.726292363732991 0.5450901803607214 0.6887255173330086 0.5450901803607214
10 0.7917935318150113 0.5230460921843687 0.8245441158560215 0.5230460921843687 0.8245441158560215 0.5410821643286573 0.7917935318150113 0.5410821643286573
10 0.35832991950752335 0.5551102204408818 0.3660359392818787 0.5551102204408818 0.3660359392818787 0.6893787575150301 0.35832991950752335 0.6893787575150301
10 0.3564034145639346 0.6733466933867736 0.4074557955690386 0.6733466933867736 0.4074557955690386 0.6973947895791583 0.3564034145639346 0.6973947895791583
10 0.47584672106644227 0.6773547094188376 0.5220828397125743 0.6773547094188376 0.5220828397125743 0.691382765531062 0.47584672106644227 0.691382765531062
10 0.5163033248818079 0.5531062124248497 0.5240093446561632 0.5531062124248497 0.5240093446561632 0.6893787575150301 0.5163033248818079 0.6893787575150301
10 0.30053477119985833 0.5551102204408818 0.30535103355883036 0.5551102204408818 0.30535103355883036 0.8877755511022045 0.30053477119985833 0.8877755511022045
10 0.29764501378447505 0.8677354709418837 0.36121967692290663 0.8677354709418837 0.36121967692290663 0.8957915831663327 0.29764501378447505 0.8957915831663327
10 0.426720845004927 0.8717434869739479 0.684872507445831 0.8717434869739479 0.684872507445831 0.8877755511022044 0.426720845004927 0.8877755511022044
10 0.6752399827278868 0.5571142284569138 0.6839092549740365 0.5571142284569138 0.6839092549740365 0.8837675350701403 0.6752399827278868 0.8837675350701403
11 0.10210476201020827 0.1282565130260521 0.11270053919994685 0.1282565130260521 0.11270053919994685 0.1523046092184369 0.10210476201020827 0.1523046092184369
11 0.7349616359791407 0.12224448897795591 0.749410423056057 0.12224448897795591 0.749410423056057 0.15030060120240482 0.7349616359791407 0.15030060120240482
11 0.7879405219278336 0.13026052104208416 0.7994995515893667 0.13026052104208416 0.7994995515893667 0.14829659318637273 0.7879405219278336 0.14829659318637273
11 0.888118778994453 0.13026052104208416 0.8996778086559859 0.13026052104208416 0.8996778086559859 0.15631262525050096 0.888118778994453 0.15631262525050096
11 0.1782017072819673 0.5190380761523046 0.18783423199991142 0.5190380761523046 0.18783423199991142 0.5511022044088176 0.1782017072819673 0.5511022044088176
11 0.2783799643485867 0.5210420841683366 0.2909022464819141 0.5210420841683366 0.2909022464819141 0.5430861723446894 0.2783799643485867 0.5430861723446894
11 0.33617511265625166 0.5150300601202404 0.3486973947895792 0.5150300601202404 0.3486973947895792 0.5490981963927855 0.33617511265625166 0.5490981963927855
11 0.3930070084921224 0.5170340681362725 0.408419048040833 0.5170340681362725 0.408419048040833 0.5430861723446895 0.3930070084921224 0.5430861723446895
11 0.4941485180305363 0.5210420841683366 0.5076340526356582 0.5210420841683366 0.5076340526356582 0.5470941883767535 0.4941485180305363 0.5470941883767535
11 0.5538701712817902 0.5070140280561122 0.5663924534151176 0.5070140280561122 0.5663924534151176 0.5511022044088176 0.5538701712817902 0.5511022044088176
11 0.6540484283484096 0.5130260521042084 0.6684972154253257 0.5130260521042084 0.6684972154253257 0.5511022044088176 0.6540484283484096 0.5511022044088176
11 0.7089538192406912 0.5150300601202404 0.7253291112611965 0.5150300601202404 0.7253291112611965 0.5490981963927855 0.7089538192406912 0.5490981963927855
11 0.8110585812508995 0.5150300601202404 0.8264706207996102 0.5150300601202404 0.8264706207996102 0.5430861723446894 0.8110585812508995 0.5430861723446894
11 0.3939702609639168 0.6633266533066133 0.4103455529844219 0.6633266533066133 0.4103455529844219 0.6973947895791585 0.3939702609639168 0.6973947895791585
11 0.34773414231778477 0.8657314629258517 0.36507268681008426 0.8657314629258517 0.36507268681008426 0.9038076152304609 0.34773414231778477 0.9038076152304609
11 0.5124503149946301 0.5490981963927856 0.525935849599752 0.5490981963927856 0.525935849599752 0.5871743486973948 0.5124503149946301 0.5871743486973948
11 0.6733134777842981 0.5531062124248497 0.6858357599176254 0.5531062124248497 0.6858357599176254 0.5811623246492985 0.6733134777842981 0.5811623246492985
7 0.0423735526828453 0.10627206794541463 0.06645486447770575 0.10627206794541463 0.06645486447770575 0.17240433247447276 0.0423735526828453 0.17240433247447276
1 0.8206911059688438 0.503006012024048 0.8466989227072931 0.503006012024048 0.8466989227072931 0.5671342685370742 0.8206911059688438 0.5671342685370742
1 0.899677808655986 0.10621242484969941 0.9237591204508465 0.10621242484969941 0.9237591204508465 0.1683366733466934 0.899677808655986 0.1683366733466934
4 0.01155902966153301 0.014028056112224449 0.03564034145639345 0.014028056112224449 0.03564034145639345 0.2685370741482966 0.01155902966153301 0.2685370741482966
4 0.01155902966153301 0.37875751503006005 0.037566846399982284 0.37875751503006005 0.037566846399982284 0.9779559118236473 0.01155902966153301 0.9779559118236473
3 0.11173728672815245 0.08016032064128256 0.18205471716914493 0.08016032064128256 0.18205471716914493 0.20240480961923846 0.11173728672815245 0.20240480961923846
3 0.7985362991175723 0.07615230460921844 0.8698169820303591 0.07615230460921844 0.8698169820303591 0.20641282565130262 0.7985362991175723 0.20641282565130262
3 0.18879748447170586 0.4769539078156313 0.2591149149126984 0.4769539078156313 0.2591149149126984 0.593186372745491 0.18879748447170586 0.593186372745491
3 0.4026395332100666 0.46893787575150303 0.47584672106644227 0.46893787575150303 0.47584672106644227 0.5891783567134269 0.4026395332100666 0.5891783567134269
3 0.5635026959997343 0.46893787575150303 0.6395996412714933 0.46893787575150303 0.6395996412714933 0.591182364729459 0.5635026959997343 0.591182364729459
3 0.7243658587894021 0.46893787575150303 0.7937200367586001 0.46893787575150303 0.7937200367586001 0.593186372745491 0.7243658587894021 0.593186372745491
3 0.4026395332100666 0.625250501002004 0.47873647848182554 0.625250501002004 0.47873647848182554 0.7454909819639278 0.4026395332100666 0.7454909819639278
3 0.3612196769229066 0.8256513026052105 0.4353901172510767 0.8256513026052105 0.4353901172510767 0.9418837675350702 0.3612196769229066 0.9418837675350702
5 0.2889757415383253 0.5070140280561122 0.31209380086139127 0.5070140280561122 0.31209380086139127 0.5551102204408818 0.2889757415383253 0.5551102204408818
5 0.34773414231778477 0.49899799599198397 0.36988894916905635 0.49899799599198397 0.36988894916905635 0.5531062124248498 0.34773414231778477 0.5531062124248498
5 0.5095605575792469 0.49699398797595185 0.5288256070151353 0.49699398797595185 0.5288256070151353 0.5571142284569138 0.5095605575792469 0.5571142284569138
5 0.6684972154253258 0.49498997995991983 0.6896887698048032 0.49498997995991983 0.6896887698048032 0.5511022044088176 0.6684972154253258 0.5511022044088176
2 0.1367818509948073 0.5090180360721442 0.16086316278966775 0.5090180360721442 0.16086316278966775 0.5531062124248497 0.1367818509948073 0.5531062124248497
2 0.7484471705842624 0.11022044088176353 0.7696387249637396 0.11022044088176353 0.7696387249637396 0.16432865731462926 0.7484471705842624 0.16432865731462926
8 0.03814785582741383 0.5138888888888888 0.04959221257563798 0.5138888888888888 0.04959221257563798 0.6587301587301588 0.03814785582741383 0.6587301587301588
8 0.03624046303604314 0.8273809523809522 0.051499605367008684 0.8273809523809522 0.051499605367008684 0.9126984126984127 0.03624046303604314 0.9126984126984127
8 0.11825835306498289 0.5575396825396826 0.18406340436727175 0.5575396825396826 0.18406340436727175 0.5972222222222222 0.11825835306498289 0.5972222222222222
8 0.01812023151802157 0.08333333333333327 0.028610891870560384 0.08333333333333327 0.028610891870560384 0.18849206349206338 0.01812023151802157 0.18849206349206338
8 0.01812023151802157 0.656746031746032 0.02670349907918969 0.656746031746032 0.02670349907918969 0.7123015873015873 0.01812023151802157 0.7123015873015873
8 0.34142330965535383 0.4067460317460318 0.4043672717705866 0.4067460317460318 0.4043672717705866 0.4583333333333333 0.34142330965535383 0.4583333333333333
8 0.4453762167850565 0.40476190476190477 0.5216719284398842 0.40476190476190477 0.5216719284398842 0.42460317460317465 0.4453762167850565 0.42460317460317465
8 0.4625427519073927 0.03373015873015873 0.504505393317548 0.03373015873015873 0.504505393317548 0.05555555555555555 0.4625427519073927 0.05555555555555555
8 0.4625427519073927 0.7837301587301587 0.504505393317548 0.7837301587301587 0.504505393317548 0.8035714285714286 0.4625427519073927 0.8035714285714286
8 0.34619179163378055 0.5634920634920635 0.3566824519863193 0.5634920634920635 0.3566824519863193 0.5932539682539683 0.34619179163378055 0.5932539682539683
8 0.8201789002893974 0.5575396825396826 0.844021310181531 0.5575396825396826 0.844021310181531 0.5952380952380952 0.8201789002893974 0.5952380952380952
8 0.8058734543541174 0.13293650793650794 0.8602341489081821 0.13293650793650794 0.8602341489081821 0.15079365079365079 0.8058734543541174 0.15079365079365079
8 0.7295777426992897 0.09126984126984126 0.785845830044725 0.09126984126984126 0.785845830044725 0.10912698412698413 0.7295777426992897 0.10912698412698413
8 0.7286240463036041 0.5257936507936508 0.7867995264404104 0.5257936507936508 0.7867995264404104 0.5436507936507937 0.7286240463036041 0.5436507936507937
8 0.5684030518284662 0.5198412698412699 0.6351617995264404 0.5198412698412699 0.6351617995264404 0.5416666666666667 0.5684030518284662 0.5416666666666667
8 0.40913575374901334 0.6587301587301587 0.4711260194685608 0.6587301587301587 0.4711260194685608 0.7003968253968254 0.40913575374901334 0.7003968253968254
8 0.405320968166272 0.5 0.47207971586424624 0.5 0.47207971586424624 0.5575396825396826 0.405320968166272 0.5575396825396826
8 0.37194159431728496 0.869047619047619 0.4215338068929229 0.869047619047619 0.4215338068929229 0.886904761904762 0.37194159431728496 0.886904761904762
8 0.3767100762957116 0.5 0.3938766114180478 0.5 0.3938766114180478 0.5257936507936508 0.3767100762957116 0.5257936507936508
