8 0.0028890825927157374 0.31712062256809337 0.3986933977947719 0.31712062256809337 0.3986933977947719 0.34824902723735407 0.0028890825927157374 0.34824902723735407
8 0.07993128506513542 0.43968871595330744 0.13386082679582914 0.43968871595330744 0.13386082679582914 0.4844357976653697 0.07993128506513542 0.4844357976653697
8 0.010593302839957706 0.4980544747081712 0.026001743334441635 0.4980544747081712 0.026001743334441635 0.5933852140077822 0.010593302839957706 0.5933852140077822
8 0.01155633037086295 0.791828793774319 0.0231126607417259 0.791828793774319 0.0231126607417259 0.9105058365758755 0.01155633037086295 0.9105058365758755
8 0.036595046174399314 0.5700389105058365 0.10785908346138748 0.5700389105058365 0.10785908346138748 0.6750972762645916 0.036595046174399314 0.6750972762645916
8 0.31587303013692064 0.7821011673151752 0.3832849573002879 0.7821011673151752 0.3832849573002879 0.8424124513618678 0.31587303013692064 0.8424124513618678
8 0.22534844223182757 0.8579766536964981 0.30720578235877344 0.8579766536964981 0.30720578235877344 0.9533073929961091 0.22534844223182757 0.9533073929961091
8 0.4044715629802033 0.8190661478599223 0.4689944075508548 0.8190661478599223 0.4689944075508548 0.869649805447471 0.4044715629802033 0.869649805447471
8 0.48536587557624394 0.8657587548638133 0.5421844998996534 0.8657587548638133 0.5421844998996534 0.9124513618677044 0.48536587557624394 0.9124513618677044
8 0.572038353357716 0.9494163424124511 0.7164924829935031 0.9494163424124511 0.7164924829935031 0.9785992217898832 0.572038353357716 0.9785992217898832
8 0.9196912920145097 0.8832684824902723 0.990955329301498 0.8832684824902723 0.990955329301498 0.9863813229571984 0.9196912920145097 0.9863813229571984
8 0.775237162378723 0.7412451361867705 0.8397600069493745 0.7412451361867705 0.8397600069493745 0.7684824902723736 0.775237162378723 0.7684824902723736
8 0.7607917494151443 0.8599221789883269 0.841686062011185 0.8599221789883269 0.841686062011185 0.904669260700389 0.7607917494151443 0.904669260700389
8 0.5527778027396112 0.8132295719844358 0.6327090878047466 0.8132295719844358 0.6327090878047466 0.8793774319066149 0.5527778027396112 0.8793774319066149
8 0.6452284457065147 0.8657587548638133 0.6933798222517772 0.8657587548638133 0.6933798222517772 0.9474708171206228 0.6452284457065147 0.9474708171206228
8 0.20319880902100693 0.4610894941634241 0.2552022956898902 0.4610894941634241 0.2552022956898902 0.5077821011673151 0.20319880902100693 0.5077821011673151
10 0.0693379822251777 0.5116731517509727 0.13578688185763968 0.5116731517509727 0.13578688185763968 0.5272373540856031 0.0693379822251777 0.5272373540856031
10 0.07993128506513542 0.5447470817120622 0.15986257013027083 0.5447470817120622 0.15986257013027083 0.5564202334630349 0.07993128506513542 0.5564202334630349
10 0.1550474324757446 0.5214007782101168 0.1637146802538918 0.5214007782101168 0.1637146802538918 0.5583657587548637 0.1550474324757446 0.5583657587548637
10 0.11748935877043999 0.4143968871595331 0.16275165272298653 0.4143968871595331 0.16275165272298653 0.42996108949416345 0.11748935877043999 0.42996108949416345
10 0.1550474324757446 0.4182879377431907 0.16275165272298656 0.4182879377431907 0.16275165272298656 0.453307392996109 0.1550474324757446 0.453307392996109
10 0.17334495556294427 0.47859922178988323 0.19742064383557542 0.47859922178988323 0.19742064383557542 0.4961089494163424 0.17334495556294427 0.4961089494163424
10 0.10400697333776657 0.3735408560311284 0.11171119358500854 0.3735408560311284 0.11171119358500854 0.39883268482490275 0.10400697333776657 0.39883268482490275
10 0.12904568914130296 0.29961089494163423 0.13578688185763965 0.29961089494163423 0.13578688185763965 0.5291828793774319 0.12904568914130296 0.5291828793774319
10 0.11460027617772428 0.2976653696498054 0.12326752395587147 0.2976653696498054 0.12326752395587147 0.3852140077821012 0.11460027617772428 0.3852140077821012
10 0.10400697333776657 0.36770428015564205 0.1194154138322505 0.36770428015564205 0.1194154138322505 0.38715953307393003 0.10400697333776657 0.38715953307393003
10 0.2070509191446279 0.301556420233463 0.21764422198458558 0.301556420233463 0.21764422198458558 0.44357976653696496 0.2070509191446279 0.44357976653696496
10 0.2667586260607531 0.29961089494163423 0.2725367912461846 0.29961089494163423 0.2725367912461846 0.8638132295719845 0.2667586260607531 0.8638132295719845
10 0.20608789161372262 0.5272373540856031 0.22534844223182757 0.5272373540856031 0.22534844223182757 0.9124513618677043 0.20608789161372262 0.9124513618677043
10 0.3091318374205839 0.8910505836575876 0.33898569087864655 0.8910505836575876 0.33898569087864655 0.914396887159533 0.3091318374205839 0.914396887159533
10 0.35246807631132 0.8385214007782101 0.360172296558562 0.8385214007782101 0.360172296558562 0.8735408560311283 0.35246807631132 0.8735408560311283
10 0.35343110384222526 0.8365758754863813 0.3938782601402455 0.8365758754863813 0.3938782601402455 0.8540856031128405 0.35343110384222526 0.8540856031128405
10 0.4766986277980968 0.8385214007782101 0.5036633986634436 0.8385214007782101 0.5036633986634436 0.8560311284046691 0.4766986277980968 0.8560311284046691
10 0.5229239492815485 0.8385214007782101 0.5508517476778007 0.8385214007782101 0.5508517476778007 0.8560311284046691 0.5229239492815485 0.8560311284046691
10 0.6346351428665571 0.8365758754863813 0.6596738586700934 0.8365758754863813 0.6596738586700934 0.8540856031128405 0.6346351428665571 0.8540856031128405
10 0.6818234918809141 0.8346303501945526 0.7068622076844505 0.8346303501945526 0.7068622076844505 0.8540856031128405 0.6818234918809141 0.8540856031128405
10 0.7164924829935031 0.8638132295719845 0.7222706481789344 0.8638132295719845 0.7222706481789344 0.8871595330739299 0.7164924829935031 0.8871595330739299
10 0.7155294554625978 0.8754863813229571 0.7579026668224286 0.8754863813229571 0.7579026668224286 0.8929961089494163 0.7155294554625978 0.8929961089494163
10 0.7164924829935031 0.7490272373540856 0.7222706481789344 0.7490272373540856 0.7222706481789344 0.8268482490272374 0.7164924829935031 0.8268482490272374
10 0.7126403728698818 0.7470817120622568 0.771385052255102 0.7470817120622568 0.771385052255102 0.7645914396887158 0.7126403728698818 0.7645914396887158
10 0.8426490895420902 0.7470817120622568 0.8985046863345945 0.7470817120622568 0.8985046863345945 0.7645914396887158 0.8426490895420902 0.7645914396887158
10 0.8898374385564471 0.7490272373540853 0.8985046863345945 0.7490272373540853 0.8985046863345945 0.8307392996108947 0.8898374385564471 0.8307392996108947
10 0.8426490895420902 0.8735408560311285 0.8792441357164896 0.8735408560311285 0.8792441357164896 0.8929961089494164 0.8426490895420902 0.8929961089494164
10 0.8705768879383423 0.8365758754863813 0.8821332183092053 0.8365758754863813 0.8821332183092053 0.8910505836575875 0.8705768879383423 0.8910505836575875
10 0.9023567964582155 0.8385214007782101 0.9456930353489514 0.8385214007782101 0.9456930353489514 0.8560311284046691 0.9023567964582155 0.8560311284046691
10 0.8908004660873524 0.869649805447471 0.8975416588036891 0.869649805447471 0.8975416588036891 0.9708171206225682 0.8908004660873524 0.9708171206225682
10 0.35246807631132 0.9377431906614786 0.3620983516203724 0.9377431906614786 0.3620983516203724 0.9727626459143969 0.35246807631132 0.9727626459143969
10 0.3543941313731304 0.9571984435797665 0.572038353357716 0.9571984435797665 0.572038353357716 0.9688715953307393 0.3543941313731304 0.9688715953307393
10 0.7097512902771663 0.9591439688715949 0.8975416588036894 0.9591439688715949 0.8975416588036894 0.968871595330739 0.7097512902771663 0.968871595330739
10 0.40928670063472955 0.29766536964980544 0.41891697594378197 0.29766536964980544 0.41891697594378197 0.8035019455252919 0.40928670063472955 0.8035019455252919
10 0.6673780789173354 0.29961089494163423 0.6760453266954826 0.29961089494163423 0.6760453266954826 0.8249027237354084 0.6673780789173354 0.8249027237354084
10 0.8031649607749752 0.29571984435797666 0.8108691810222171 0.29571984435797666 0.8108691810222171 0.7140077821011673 0.8031649607749752 0.7140077821011673
11 0.15312137741393408 0.43579766536964987 0.16564073531570228 0.43579766536964987 0.16564073531570228 0.44941634241245143 0.15312137741393408 0.44941634241245143
11 0.20608789161372262 0.4241245136186771 0.2195702770463961 0.4241245136186771 0.2195702770463961 0.43968871595330744 0.20608789161372262 0.43968871595330744
11 0.1550474324757446 0.5214007782101168 0.16467770778479704 0.5214007782101168 0.16467770778479704 0.5350194552529183 0.1550474324757446 0.5350194552529183
11 0.18779036852652292 0.47665369649805445 0.19645761630467012 0.47665369649805445 0.19645761630467012 0.5019455252918288 0.18779036852652292 0.5019455252918288
11 0.10208091827595607 0.38326848249027246 0.10978513852319802 0.38326848249027246 0.10978513852319802 0.39883268482490275 0.10208091827595607 0.39883268482490275
11 0.2118660567991541 0.8949416342412453 0.22149633210820655 0.8949416342412453 0.22149633210820655 0.9202334630350194 0.2118660567991541 0.9202334630350194
11 0.3293554155695941 0.8891050583657587 0.3418747734713623 0.8891050583657587 0.3418747734713623 0.9163424124513618 0.3293554155695941 0.9163424124513618
11 0.3842479848311931 0.8365758754863813 0.39484128767115084 0.8365758754863813 0.39484128767115084 0.8618677042801557 0.3842479848311931 0.8618677042801557
11 0.4911440407616754 0.8346303501945526 0.5027003711325384 0.8346303501945526 0.5027003711325384 0.857976653696498 0.4911440407616754 0.857976653696498
11 0.5402584448378429 0.8307392996108952 0.5489256926159901 0.8307392996108952 0.5489256926159901 0.8579766536964981 0.5402584448378429 0.8579766536964981
11 0.64619147323742 0.8346303501945526 0.6587108311391882 0.8346303501945526 0.6587108311391882 0.8599221789883269 0.64619147323742 0.8599221789883269
11 0.6635259687937143 0.8073929961089494 0.6779713817572931 0.8073929961089494 0.6779713817572931 0.8249027237354084 0.6635259687937143 0.8249027237354084
11 0.6962689048444928 0.8307392996108952 0.7068622076844505 0.8307392996108952 0.7068622076844505 0.8599221789883271 0.6962689048444928 0.8599221789883271
11 0.7588656943533337 0.7412451361867705 0.7704220247241969 0.7412451361867705 0.7704220247241969 0.7684824902723736 0.7588656943533337 0.7684824902723736
11 0.7482723915133761 0.8715953307392997 0.7569396392915234 0.8715953307392997 0.7569396392915234 0.8968871595330741 0.7482723915133761 0.8968871595330741
11 0.8734659705310579 0.8307392996108952 0.8830962458401104 0.8307392996108952 0.8830962458401104 0.8560311284046693 0.8734659705310579 0.8560311284046693
11 0.8869483559637313 0.8054474708171206 0.900430741396405 0.8054474708171206 0.900430741396405 0.8268482490272374 0.8869483559637313 0.8268482490272374
11 0.9350997325089939 0.8307392996108952 0.9466560628798568 0.8307392996108952 0.9466560628798568 0.8618677042801557 0.9350997325089939 0.8618677042801557
11 0.8879113834946366 0.8677042801556422 0.8994677138654996 0.8677042801556422 0.8994677138654996 0.8891050583657587 0.8879113834946366 0.8891050583657587
4 0.0 0.38326848249027246 0.03755807370530459 0.38326848249027246 0.03755807370530459 0.7023346303501945 0.0 0.7023346303501945
4 0.0019260550618104915 0.6848249027237354 0.03948412876711505 0.6848249027237354 0.03948412876711505 1.0 0.0019260550618104915 1.0
3 0.19260550618104919 0.43774319066147854 0.2629065159371321 0.43774319066147854 0.2629065159371321 0.5350194552529183 0.19260550618104919 0.5350194552529183
3 0.3919522050784351 0.7937743190661479 0.4834398205144335 0.7937743190661479 0.4834398205144335 0.8968871595330739 0.3919522050784351 0.8968871595330739
3 0.5469996375541797 0.7937743190661479 0.6355981703974622 0.7937743190661479 0.6355981703974622 0.8968871595330739 0.5469996375541797 0.8968871595330739
3 0.7665699146005758 0.7023346303501945 0.846501199665711 0.7023346303501945 0.846501199665711 0.8054474708171205 0.7665699146005758 0.8054474708171205
3 0.7550135842297128 0.8287937743190662 0.8455381721348058 0.8287937743190662 0.8455381721348058 0.9299610894941633 0.7550135842297128 0.9299610894941633
5 0.13963899198126065 0.4513618677042801 0.17623403815566 0.4513618677042801 0.17623403815566 0.5175097276264592 0.13963899198126065 0.5175097276264592
5 0.7058991801535451 0.8190661478599218 0.7309378959570816 0.8190661478599218 0.7309378959570816 0.8638132295719841 0.7058991801535451 0.8638132295719841
5 0.885022300901921 0.8268482490272376 0.9071719341127416 0.8268482490272376 0.9071719341127416 0.8696498054474711 0.885022300901921 0.8696498054474711
2 0.05778165185431475 0.523346303501946 0.08282036765785114 0.523346303501946 0.08282036765785114 0.5758754863813232 0.05778165185431475 0.5758754863813232
2 0.09148761543599836 0.39688715953307396 0.12037844136315573 0.39688715953307396 0.12037844136315573 0.44357976653696496 0.09148761543599836 0.44357976653696496
2 0.6587108311391882 0.821011673151751 0.6847125744736297 0.821011673151751 0.6847125744736297 0.8715953307392998 0.6587108311391882 0.8715953307392998
5 0.3380226633477414 0.8735408560311285 0.375580737053046 0.8735408560311285 0.375580737053046 0.9357976653696499 0.3380226633477414 0.9357976653696499
9 0.4988482610089174 0.8151750972762647 0.5306281695287905 0.8151750972762647 0.5306281695287905 0.8696498054474707 0.4988482610089174 0.8696498054474707
2 0.9428039527562356 0.8171206225680935 0.9697687236215826 0.8171206225680935 0.9697687236215826 0.8735408560311285 0.9428039527562356 0.8735408560311285
