8 0.4334769552160857 0.1793478260869565 0.6711058884971929 0.1793478260869565 0.6711058884971929 0.20516304347826084 0.4334769552160857 0.20516304347826084
8 0.41519780650215427 0.03940217391304348 0.6789398093745919 0.03940217391304348 0.6789398093745919 0.09782608695652174 0.41519780650215427 0.09782608695652174
8 0.402141271706489 0.36277173913043476 0.6893850372111242 0.36277173913043476 0.6893850372111242 0.39266304347826086 0.402141271706489 0.39266304347826086
8 0.7625016320668494 0.5081521739130435 0.8173390782086434 0.5081521739130435 0.8173390782086434 0.5244565217391305 0.7625016320668494 0.5244565217391305
8 0.282021151586369 0.5054347826086957 0.32902467685076386 0.5054347826086957 0.32902467685076386 0.5258152173913043 0.282021151586369 0.5258152173913043
8 0.1305653479566523 0.5652173913043478 0.4778691735213474 0.5652173913043478 0.4778691735213474 0.6019021739130433 0.1305653479566523 0.6019021739130433
8 0.684162423292858 0.5692934782608695 0.8982895939417679 0.5692934782608695 0.8982895939417679 0.5951086956521741 0.684162423292858 0.5951086956521741
8 0.22979501240370806 0.6793478260869565 0.3760282021151586 0.6793478260869565 0.3760282021151586 0.7105978260869565 0.22979501240370806 0.7105978260869565
8 0.16712364538451496 0.7934782608695652 0.4386995691343517 0.7934782608695652 0.4386995691343517 0.8274456521739133 0.16712364538451496 0.8274456521739133
8 0.15667841754798276 0.9103260869565217 0.4334769552160857 0.9103260869565217 0.4334769552160857 0.9578804347826086 0.15667841754798276 0.9578804347826086
10 0.5353179266222745 0.10597826086956522 0.5588196892544719 0.10597826086956522 0.5588196892544719 0.16576086956521738 0.5353179266222745 0.16576086956521738
10 0.5327066196631414 0.21739130434782608 0.566653610131871 0.21739130434782608 0.566653610131871 0.27989130434782605 0.5327066196631414 0.27989130434782605
10 0.31857944901423163 0.42119565217391297 0.46481263872568224 0.42119565217391297 0.46481263872568224 0.5027173913043478 0.31857944901423163 0.5027173913043478
10 0.6345475910693302 0.42391304347826086 0.7677242459851156 0.42391304347826086 0.7677242459851156 0.5027173913043479 0.6345475910693302 0.5027173913043479
10 0.7729468599033815 0.5271739130434783 0.801671236453845 0.5271739130434783 0.801671236453845 0.5529891304347826 0.7729468599033815 0.5529891304347826
10 0.2898550724637681 0.5285326086956522 0.32380206293249775 0.5285326086956522 0.32380206293249775 0.5584239130434783 0.2898550724637681 0.5584239130434783
10 0.28724376550463504 0.6100543478260869 0.3238020629324977 0.6100543478260869 0.3238020629324977 0.6711956521739129 0.28724376550463504 0.6711956521739129
10 0.29246637942290116 0.7241847826086957 0.3264133698916308 0.7241847826086957 0.3264133698916308 0.7866847826086957 0.29246637942290116 0.7866847826086957
10 0.2898550724637681 0.8355978260869567 0.31857944901423163 0.8355978260869567 0.31857944901423163 0.8994565217391305 0.2898550724637681 0.8994565217391305
11 0.5248726987857423 0.25815217391304346 0.5718762240501372 0.25815217391304346 0.5718762240501372 0.28396739130434784 0.5248726987857423 0.28396739130434784
11 0.5274840057448753 0.15081521739130435 0.5692649170910039 0.15081521739130435 0.5692649170910039 0.1671195652173913 0.5274840057448753 0.1671195652173913
11 0.7651129390259825 0.5380434782608695 0.8147277712495105 0.5380434782608695 0.8147277712495105 0.5611413043478259 0.7651129390259825 0.5611413043478259
11 0.27418723070896983 0.5394021739130435 0.3290246768507638 0.5394021739130435 0.3290246768507638 0.5597826086956522 0.27418723070896983 0.5597826086956522
11 0.2767985376681029 0.654891304347826 0.3316359838098968 0.654891304347826 0.3316359838098968 0.6766304347826086 0.2767985376681029 0.6766304347826086
11 0.2872437655046351 0.7663043478260869 0.3264133698916308 0.7663043478260869 0.3264133698916308 0.7839673913043479 0.2872437655046351 0.7839673913043479
11 0.284632458545502 0.8777173913043479 0.3238020629324978 0.8777173913043479 0.3238020629324978 0.9008152173913044 0.284632458545502 0.9008152173913044
3 0.2715759237498368 0.02309782608695652 0.8330069199634418 0.02309782608695652 0.8330069199634418 0.11277173913043481 0.2715759237498368 0.11277173913043481
3 0.37341689515602555 0.16032608695652173 0.731165948557253 0.16032608695652173 0.731165948557253 0.22554347826086954 0.37341689515602555 0.22554347826086954
3 0.08356182269225748 0.5502717391304348 0.5379292335814075 0.5502717391304348 0.5379292335814075 0.6168478260869564 0.08356182269225748 0.6168478260869564
3 0.282021151586369 0.49728260869565216 0.3342472907690299 0.49728260869565216 0.3342472907690299 0.5285326086956521 0.282021151586369 0.5285326086956521
3 0.7520564042303173 0.5 0.8251729990860426 0.5 0.8251729990860426 0.5285326086956521 0.7520564042303173 0.5285326086956521
3 0.621491056273665 0.5529891304347826 0.9661835748792271 0.5529891304347826 0.9661835748792271 0.6154891304347826 0.621491056273665 0.6154891304347826
3 0.18018018018018014 0.6644021739130435 0.4334769552160856 0.6644021739130435 0.4334769552160856 0.7282608695652174 0.18018018018018014 0.7282608695652174
3 0.11489750620185403 0.7758152173913045 0.501370936153545 0.7758152173913045 0.501370936153545 0.8396739130434785 0.11489750620185403 0.8396739130434785
3 0.036558297427862645 0.8858695652173909 0.5797101449275359 0.8858695652173909 0.5797101449275359 0.9782608695652166 0.036558297427862645 0.9782608695652166
5 0.35252643948296125 0.26902173913043476 0.7494450972711844 0.26902173913043476 0.7494450972711844 0.47690217391304335 0.35252643948296125 0.47690217391304335
