10 0.12030798845043311 0.08508301628344109 0.16361886429258904 0.08508301628344109 0.16361886429258904 0.10720460051713579 0.12030798845043311 0.10720460051713579
10 0.22810394610202114 0.08848633693477874 0.25601539942252166 0.08848633693477874 0.25601539942252166 0.10380127986579814 0.22810394610202114 0.10380127986579814
10 0.24831568816169394 0.08508301628344109 0.25890279114533205 0.08508301628344109 0.25890279114533205 0.25354738852465447 0.24831568816169394 0.25354738852465447
10 0.2435033686236766 0.2348291249422974 0.28200192492781523 0.2348291249422974 0.28200192492781523 0.2569507091759921 0.2435033686236766 0.2569507091759921
10 0.3695861405197305 0.23993410591930392 0.3849855630413859 0.23993410591930392 0.3849855630413859 0.2552490488503233 0.3695861405197305 0.2552490488503233
10 0.37824831568816175 0.23823244559363504 0.3897978825794033 0.23823244559363504 0.3897978825794033 0.7112940161295676 0.37824831568816175 0.7112940161295676
10 0.37439846005774785 0.687470771570204 0.4215591915303176 0.687470771570204 0.4215591915303176 0.7146973367809052 0.37439846005774785 0.7146973367809052
10 0.43599615014436954 0.3862768939268226 0.49951876804619827 0.3862768939268226 0.49951876804619827 0.40329349718351076 0.43599615014436954 0.40329349718351076
10 0.5091434071222329 0.23653078526796623 0.5620789220404235 0.23653078526796623 0.5620789220404235 0.26205569015299857 0.5091434071222329 0.26205569015299857
10 0.6227141482194418 0.24163576624497274 0.6939364773820983 0.24163576624497274 0.6939364773820983 0.2620556901529986 0.6227141482194418 0.2620556901529986
10 0.5043310875842156 0.24163576624497274 0.5139557266602502 0.24163576624497274 0.5139557266602502 0.3760669319728096 0.5043310875842156 0.3760669319728096
10 0.519730510105871 0.38287357327548494 0.5630413859480271 0.38287357327548494 0.5630413859480271 0.40159183685784194 0.519730510105871 0.40159183685784194
10 0.6275264677574591 0.37947025262414724 0.6785370548604426 0.37947025262414724 0.6785370548604426 0.40329349718351076 0.6275264677574591 0.40329349718351076
10 0.6823869104908566 0.2331274646166286 0.6968238691049087 0.2331274646166286 0.6968238691049087 0.36926029067013433 0.6823869104908566 0.36926029067013433
10 0.7025986525505293 0.38287357327548494 0.7276227141482193 0.38287357327548494 0.7276227141482193 0.40159183685784194 0.7025986525505293 0.40159183685784194
10 0.7247353224254092 0.5394263232370166 0.7690086621751684 0.5394263232370166 0.7690086621751684 0.5598462471450423 0.7247353224254092 0.5598462471450423
10 0.7189605389797883 0.37266361132147197 0.7353224254090471 0.37266361132147197 0.7353224254090471 0.5513379455166981 0.7189605389797883 0.5513379455166981
10 0.8344562078922041 0.5360230025856789 0.8979788257940329 0.5360230025856789 0.8979788257940329 0.5581445868193735 0.8344562078922041 0.5581445868193735
10 0.4340712223291627 0.38457523360115375 0.43984600577478344 0.38457523360115375 0.43984600577478344 0.6874707715702041 0.4340712223291627 0.6874707715702041
10 0.4494706448508181 0.6993823938498858 0.5640038498556305 0.6993823938498858 0.5640038498556305 0.7146973367809052 0.4494706448508181 0.7146973367809052
10 0.6275264677574591 0.697680733524217 0.7353224254090471 0.697680733524217 0.7353224254090471 0.7146973367809053 0.6275264677574591 0.7146973367809053
10 0.4302213666987488 0.7249072987349181 0.44273339749759383 0.7249072987349181 0.44273339749759383 0.8933716709761315 0.4302213666987488 0.8933716709761315
10 0.4254090471607314 0.8746534073937746 0.5649663137632338 0.8746534073937746 0.5649663137632338 0.8984766519531381 0.4254090471607314 0.8984766519531381
10 0.6265640038498557 0.8797583883707809 0.7343599615014436 0.8797583883707809 0.7343599615014436 0.8950733313018003 0.6265640038498557 0.8950733313018003
11 0.14918190567853706 0.07997803530643463 0.16746871992300288 0.07997803530643463 0.16746871992300288 0.10720460051713579 0.14918190567853706 0.10720460051713579
11 0.27045235803657364 0.22802248363962213 0.2829643888354187 0.22802248363962213 0.2829643888354187 0.2569507091759921 0.27045235803657364 0.2569507091759921
11 0.41289701636188636 0.6806641302675287 0.4254090471607314 0.6806641302675287 0.4254090471607314 0.7249072987349182 0.41289701636188636 0.7249072987349182
11 0.48411934552454283 0.3811719129498161 0.49951876804619827 0.3811719129498161 0.49951876804619827 0.4032934971835108 0.48411934552454283 0.4032934971835108
11 0.548604427333975 0.22802248363962213 0.563041385948027 0.22802248363962213 0.563041385948027 0.26205569015299857 0.548604427333975 0.26205569015299857
11 0.5495668912415784 0.37266361132147197 0.5649663137632339 0.37266361132147197 0.5649663137632339 0.4066968178348484 0.5495668912415784 0.4066968178348484
11 0.6602502406159769 0.3760669319728096 0.6804619826756496 0.3760669319728096 0.6804619826756496 0.40329349718351076 0.6602502406159769 0.40329349718351076
11 0.6814244465832531 0.3471387064364396 0.6977863330125121 0.3471387064364396 0.6977863330125121 0.3726636113214719 0.6814244465832531 0.3726636113214719
11 0.7545717035611165 0.5360230025856789 0.7699711260827719 0.5360230025856789 0.7699711260827719 0.5547412661680359 0.7545717035611165 0.5547412661680359
11 0.8873917228103946 0.5326196819343413 0.8999037536092396 0.5326196819343413 0.8999037536092396 0.5615479074707113 0.8873917228103946 0.5615479074707113
11 0.5515091487712185 0.6959790731985481 0.5611337878472532 0.6959790731985481 0.5611337878472532 0.7181006574322428 0.5515091487712185 0.7181006574322428
11 0.7228103946102021 0.6925757525472105 0.7362848893166506 0.6925757525472105 0.7362848893166506 0.7181006574322428 0.7228103946102021 0.7181006574322428
11 0.5457170356111646 0.8678467660910992 0.5640038498556305 0.8678467660910992 0.5640038498556305 0.9052832932558134 0.5457170356111646 0.9052832932558134
11 0.7189605389797883 0.8712500867424369 0.7343599615014436 0.8712500867424369 0.7343599615014436 0.8984766519531381 0.7189605389797883 0.8984766519531381
7 0.0933589990375361 0.06976807335242169 0.12319538017324351 0.06976807335242169 0.12319538017324351 0.12422120377382398 0.0933589990375361 0.12422120377382398
1 0.7256977863330125 0.838918540554729 0.7603464870067372 0.838918540554729 0.7603464870067372 0.9154932552098262 0.7256977863330125 0.9154932552098262
1 0.7295476419634264 0.6772608096161911 0.757459095283927 0.6772608096161911 0.757459095283927 0.7317139400375934 0.7295476419634264 0.7317139400375934
1 0.8931665062560153 0.5139014183519842 0.9230028873917226 0.5139014183519842 0.9230028873917226 0.5700562090990554 0.8931665062560153 0.5700562090990554
4 0.04331087584215591 0.010209961954012931 0.07507218479307025 0.010209961954012931 0.07507218479307025 0.1769726738695575 0.04331087584215591 0.1769726738695575
4 0.04234841193455245 0.14464112768184986 0.0741097208854668 0.14464112768184986 0.0741097208854668 0.3352270841567579 0.04234841193455245 0.3352270841567579
4 0.04427333974975938 0.3131054999230632 0.0741097208854668 0.3131054999230632 0.0741097208854668 0.4849731928156142 0.04427333974975938 0.4849731928156142
4 0.04234841193455245 0.4662549292332572 0.07603464870067374 0.4662549292332572 0.07603464870067374 0.6466309237541523 0.04234841193455245 0.6466309237541523
4 0.04331087584215591 0.6279126601717953 0.07314725697786331 0.6279126601717953 0.07314725697786331 0.8236035976237097 0.04331087584215591 0.8236035976237097
4 0.04523580365736285 0.8082886546926903 0.07122232916265642 0.8082886546926903 0.07122232916265642 0.9852613285622478 0.04523580365736285 0.9852613285622478
3 0.15591915303176132 0.05104980977006465 0.2329162656400385 0.05104980977006465 0.2329162656400385 0.13443116572783695 0.15591915303176132 0.13443116572783695
3 0.28007699711260825 0.20079591842892097 0.37054860442733395 0.20079591842892097 0.37054860442733395 0.29098391568936854 0.28007699711260825 0.29098391568936854
3 0.5572666025024061 0.2024975787545898 0.6333012512030798 0.2024975787545898 0.6333012512030798 0.29268557601503736 0.5572666025024061 0.29268557601503736
3 0.5572666025024061 0.34203372545943317 0.631376323387873 0.34203372545943317 0.631376323387873 0.4390283640225561 0.5572666025024061 0.4390283640225561
3 0.7622714148219442 0.4968848150952959 0.8354186717998076 0.4968848150952959 0.8354186717998076 0.5921777933327499 0.7622714148219442 0.5921777933327499
3 0.559191530317613 0.6568408857081652 0.6304138594802694 0.6568408857081652 0.6304138594802694 0.7504322036199503 0.559191530317613 0.7504322036199503
3 0.5601539942252164 0.8405742418258195 0.6314109828167391 0.8405742418258195 0.6314109828167391 0.9274048774895077 0.5601539942252164 0.9274048774895077
5 0.4177093358999038 0.668752507987847 0.451395572666025 0.668752507987847 0.451395572666025 0.7334156003632623 0.4177093358999038 0.7334156003632623
5 0.4956689124157844 0.36926029067013433 0.523580365736285 0.36926029067013433 0.523580365736285 0.41520511946319255 0.4956689124157844 0.41520511946319255
5 0.6727622714148219 0.3590503287161214 0.7064485081809431 0.3590503287161214 0.7064485081809431 0.4220117607658679 0.6727622714148219 0.4220117607658679
8 0.05436654587205338 0.2175379426644182 0.0639045363759224 0.2175379426644182 0.0639045363759224 0.27318718381112983 0.05436654587205338 0.27318718381112983
8 0.05245894777127958 0.0387858347386172 0.0639045363759224 0.0387858347386172 0.0639045363759224 0.13659359190556492 0.05245894777127958 0.13659359190556492
8 0.021937378158898735 0.4198988195615515 0.03338296676354155 0.4198988195615515 0.03338296676354155 0.5682967959527826 0.021937378158898735 0.5682967959527826
8 0.04959755062011886 0.3456998313659359 0.06676593352708309 0.3456998313659359 0.06676593352708309 0.46037099494097805 0.04959755062011886 0.46037099494097805
8 0.05341274682166648 0.48566610455311976 0.06485833542630931 0.48566610455311976 0.06485833542630931 0.6256323777403036 0.05341274682166648 0.6256323777403036
8 0.055320344922440284 0.6374367622259697 0.0658121344766962 0.6374367622259697 0.0658121344766962 0.8195615514333895 0.055320344922440284 0.8195615514333895
8 0.055320344922440284 0.814502529510961 0.06295073732553548 0.814502529510961 0.06295073732553548 0.9713322091062394 0.055320344922440284 0.9713322091062394
8 0.4397013622283616 0.5446880269814502 0.4578235441857127 0.5446880269814502 0.4578235441857127 0.5632377740303541 0.4397013622283616 0.5632377740303541
8 0.16596103476732085 0.06913996627318718 0.22032758063937424 0.06913996627318718 0.22032758063937424 0.1214165261382799 0.16596103476732085 0.1214165261382799
8 0.2985391027711002 0.2377740303541315 0.35672084484470107 0.2377740303541315 0.35672084484470107 0.2563237774030354 0.2985391027711002 0.2563237774030354
8 0.5627414397282718 0.23271500843170317 0.6209231818018729 0.23271500843170317 0.6209231818018729 0.2715008431703204 0.5627414397282718 0.2715008431703204
8 0.561787640677885 0.3811129848229342 0.6275997751545812 0.3811129848229342 0.6275997751545812 0.40472175379426645 0.561787640677885 0.40472175379426645
8 0.5627414397282722 0.6745362563237777 0.6228307799026467 0.6745362563237777 0.6228307799026467 0.7369308600337267 0.5627414397282722 0.7369308600337267
8 0.5112362910073792 0.7116357504215851 0.5369888653678256 0.7116357504215851 0.5369888653678256 0.7234401349072512 0.5112362910073792 0.7234401349072512
8 0.41681018501907596 0.7504215851602024 0.4578235441857127 0.7504215851602024 0.4578235441857127 0.7655986509274875 0.41681018501907596 0.7655986509274875
8 0.4397013622283616 0.863406408094435 0.46736153468958175 0.863406408094435 0.46736153468958175 0.8718381112984822 0.4397013622283616 0.8718381112984822
8 0.5703718321313668 0.8532883642495784 0.6152003874995516 0.8532883642495784 0.6152003874995516 0.9190556492411465 0.5703718321313668 0.9190556492411465
8 0.7725772308133905 0.5396290050590221 0.8307589728869911 0.5396290050590221 0.8307589728869911 0.5531197301854976 0.7725772308133905 0.5531197301854976
