8 0.16464920948616601 0.15625 0.31206768774703564 0.15625 0.31206768774703564 0.20244565217391305 0.16464920948616601 0.20244565217391305
8 0.7409214426877472 0.24999999999999994 0.8998270750988143 0.24999999999999994 0.8998270750988143 0.28260869565217384 0.7409214426877472 0.28260869565217384
8 0.16082015810276679 0.2921195652173913 0.310153162055336 0.2921195652173913 0.310153162055336 0.34103260869565216 0.16082015810276679 0.34103260869565216
8 0.4116230237154151 0.25815217391304346 0.4441699604743084 0.25815217391304346 0.4441699604743084 0.2758152173913043 0.4116230237154151 0.2758152173913043
8 0.49203310276679846 0.29347826086956524 0.6968873517786562 0.29347826086956524 0.6968873517786562 0.3451086956521739 0.49203310276679846 0.3451086956521739
8 0.6643404150197625 0.25679347826086957 0.6988018774703554 0.25679347826086957 0.6988018774703554 0.27581521739130427 0.6643404150197625 0.27581521739130427
8 0.31972579051383404 0.34782608695652173 0.44225543478260865 0.34782608695652173 0.44225543478260865 0.37771739130434784 0.31972579051383404 0.37771739130434784
8 0.1474184782608696 0.41304347826086957 0.31589673913043487 0.41304347826086957 0.31589673913043487 0.44565217391304346 0.1474184782608696 0.44565217391304346
8 0.29292243083003955 0.453804347826087 0.47480237154150207 0.453804347826087 0.47480237154150207 0.48641304347826086 0.29292243083003955 0.48641304347826086
8 0.15316205533596844 0.5163043478260869 0.31206768774703564 0.5163043478260869 0.31206768774703564 0.5529891304347826 0.15316205533596844 0.5529891304347826
8 0.2756916996047431 0.6032608695652174 0.3139822134387352 0.6032608695652174 0.3139822134387352 0.6209239130434783 0.2756916996047431 0.6209239130434783
8 0.36758893280632415 0.5883152173913043 0.5264945652173914 0.5883152173913043 0.5264945652173914 0.6331521739130435 0.36758893280632415 0.6331521739130435
8 0.17039278656126483 0.6372282608695652 0.300580533596838 0.6372282608695652 0.300580533596838 0.6875000000000001 0.17039278656126483 0.6875000000000001
8 0.3082386363636364 0.8097826086956522 0.34652915019762853 0.8097826086956522 0.34652915019762853 0.8260869565217391 0.3082386363636364 0.8260869565217391
8 0.3963068181818182 0.7907608695652173 0.5437252964426879 0.7907608695652173 0.5437252964426879 0.8369565217391305 0.3963068181818182 0.8369565217391305
8 0.13784584980237155 0.84375 0.33312747035573126 0.84375 0.33312747035573126 0.873641304347826 0.13784584980237155 0.873641304347826
10 0.2297430830039526 0.09918478260869565 0.2431447628458498 0.09918478260869565 0.2431447628458498 0.15489130434782608 0.2297430830039526 0.15489130434782608
10 0.2297430830039526 0.20652173913043478 0.2431447628458498 0.20652173913043478 0.2431447628458498 0.24048913043478262 0.2297430830039526 0.24048913043478262
10 0.2699481225296443 0.2608695652173913 0.5666996047430831 0.2608695652173913 0.5666996047430831 0.27445652173913043 0.2699481225296443 0.27445652173913043
10 0.6337080039525692 0.2608695652173913 0.7256052371541503 0.2608695652173913 0.7256052371541503 0.27309782608695654 0.6337080039525692 0.27309782608695654
10 0.5896739130434784 0.2866847826086957 0.6069046442687749 0.2866847826086957 0.6069046442687749 0.7418478260869565 0.5896739130434784 0.7418478260869565
10 0.2297430830039526 0.28940217391304346 0.2393157114624506 0.28940217391304346 0.2393157114624506 0.35597826086956524 0.2297430830039526 0.35597826086956524
10 0.2718626482213439 0.37771739130434784 0.49203310276679846 0.37771739130434784 0.49203310276679846 0.39266304347826086 0.2718626482213439 0.39266304347826086
10 0.22782855731225302 0.4076086956521739 0.24505928853754946 0.4076086956521739 0.24505928853754946 0.4660326086956522 0.22782855731225302 0.4660326086956522
10 0.2718626482213439 0.485054347826087 0.49394762845849816 0.485054347826087 0.49394762845849816 0.501358695652174 0.2718626482213439 0.501358695652174
10 0.2259140316205534 0.5163043478260869 0.24505928853754946 0.5163043478260869 0.24505928853754946 0.5842391304347826 0.2259140316205534 0.5842391304347826
10 0.2718626482213439 0.6019021739130435 0.3561017786561266 0.6019021739130435 0.3561017786561266 0.6195652173913043 0.2718626482213439 0.6195652173913043
10 0.43842638339920953 0.6358695652173914 0.4518280632411068 0.6358695652173914 0.4518280632411068 0.7146739130434783 0.43842638339920953 0.7146739130434783
10 0.2297430830039526 0.6317934782608695 0.24505928853754944 0.6317934782608695 0.24505928853754944 0.7894021739130435 0.2297430830039526 0.7894021739130435
10 0.2354866600790514 0.705163043478261 0.4518280632411068 0.705163043478261 0.4518280632411068 0.71875 0.2354866600790514 0.71875
10 0.23931571146245065 0.7350543478260869 0.6183917984189724 0.7350543478260869 0.6183917984189724 0.748641304347826 0.23931571146245065 0.748641304347826
10 0.9074851778656128 0.2595108695652174 0.930459486166008 0.2595108695652174 0.930459486166008 0.7785326086956522 0.9074851778656128 0.7785326086956522
10 0.231657608695652 0.7635869565217379 0.9285449604743082 0.7635869565217379 0.9285449604743082 0.7758152173913031 0.231657608695652 0.7758152173913031
10 0.2699481225296443 0.8084239130434783 0.3848196640316206 0.8084239130434783 0.3848196640316206 0.8233695652173914 0.2699481225296443 0.8233695652173914
10 0.46140069169960474 0.8410326086956522 0.4786314229249013 0.8410326086956522 0.4786314229249013 0.8872282608695651 0.46140069169960474 0.8872282608695651
10 0.2259140316205534 0.8369565217391305 0.24505928853754955 0.8369565217391305 0.24505928853754955 0.9307065217391305 0.2259140316205534 0.9307065217391305
10 0.237401185770751 0.8777173913043478 0.474802371541502 0.8777173913043478 0.474802371541502 0.891304347826087 0.237401185770751 0.891304347826087
11 0.2220849802371542 0.13722826086956522 0.24123023715415023 0.13722826086956522 0.24123023715415023 0.15217391304347827 0.2220849802371542 0.15217391304347827
11 0.2259140316205534 0.2269021739130435 0.24697381422924908 0.2269021739130435 0.24697381422924908 0.24048913043478265 0.2259140316205534 0.24048913043478265
11 0.5437252964426879 0.2595108695652174 0.5647850790513834 0.2595108695652174 0.5647850790513834 0.27173913043478254 0.5437252964426879 0.27173913043478254
11 0.7064599802371544 0.25679347826086957 0.7294342885375495 0.25679347826086957 0.7294342885375495 0.27717391304347827 0.7064599802371544 0.27717391304347827
11 0.4690587944664032 0.3763586956521739 0.4996912055335969 0.3763586956521739 0.4996912055335969 0.389945652173913 0.4690587944664032 0.389945652173913
11 0.47671689723320165 0.483695652173913 0.49586215415019763 0.483695652173913 0.49586215415019763 0.4972826086956521 0.47671689723320165 0.4972826086956521
11 0.2220849802371542 0.452445652173913 0.25080286561264825 0.452445652173913 0.25080286561264825 0.4660326086956521 0.2220849802371542 0.4660326086956521
11 0.2239995059288538 0.5692934782608695 0.24697381422924908 0.5692934782608695 0.24697381422924908 0.5883152173913043 0.2239995059288538 0.5883152173913043
11 0.33887104743083013 0.5978260869565217 0.35993083003952586 0.5978260869565217 0.35993083003952586 0.6195652173913043 0.33887104743083013 0.6195652173913043
11 0.2201704545454546 0.7717391304347827 0.25080286561264825 0.7717391304347827 0.25080286561264825 0.7948369565217392 0.2201704545454546 0.7948369565217392
11 0.3637598814229249 0.8070652173913043 0.3867341897233202 0.8070652173913043 0.3867341897233202 0.8220108695652173 0.3637598814229249 0.8220108695652173
11 0.21825592885375497 0.9130434782608695 0.25080286561264825 0.9130434782608695 0.25080286561264825 0.9307065217391305 0.21825592885375497 0.9307065217391305
11 0.2220849802371542 0.34646739130434784 0.25080286561264825 0.34646739130434784 0.25080286561264825 0.358695652173913 0.2220849802371542 0.358695652173913
7 0.20485424901185773 0.06385869565217392 0.26420454545454547 0.06385869565217392 0.26420454545454547 0.10190217391304347 0.20485424901185773 0.10190217391304347
1 0.20485424901185773 0.9239130434782609 0.26994812252964434 0.9239130434782609 0.26994812252964434 0.9619565217391305 0.20485424901185773 0.9619565217391305
3 0.13784584980237155 0.14945652173913043 0.33504199604743085 0.14945652173913043 0.33504199604743085 0.21195652173913043 0.13784584980237155 0.21195652173913043
3 0.7217761857707511 0.23369565217391305 0.9113142292490121 0.23369565217391305 0.9113142292490121 0.29483695652173914 0.7217761857707511 0.29483695652173914
3 0.35418725296442694 0.5815217391304348 0.5456398221343873 0.5815217391304348 0.5456398221343873 0.6385869565217391 0.35418725296442694 0.6385869565217391
3 0.37524703557312256 0.7853260869565217 0.5666996047430831 0.7853260869565217 0.5666996047430831 0.8464673913043478 0.37524703557312256 0.8464673913043478
5 0.19336709486166007 0.24048913043478262 0.27569169960474305 0.24048913043478262 0.27569169960474305 0.29347826086956524 0.19336709486166007 0.29347826086956524
5 0.5590415019762847 0.23777173913043478 0.6394515810276682 0.23777173913043478 0.6394515810276682 0.29347826086956524 0.5590415019762847 0.29347826086956524
5 0.1971961462450593 0.360054347826087 0.2833498023715416 0.360054347826087 0.2833498023715416 0.41304347826086957 0.1971961462450593 0.41304347826086957
5 0.1895380434782609 0.46195652173913043 0.2737771739130435 0.46195652173913043 0.2737771739130435 0.514945652173913 0.1895380434782609 0.514945652173913
5 0.19336709486166007 0.5869565217391304 0.2756916996047431 0.5869565217391304 0.2756916996047431 0.6358695652173912 0.19336709486166007 0.6358695652173912
5 0.19528162055335968 0.7853260869565217 0.27569169960474305 0.7853260869565217 0.27569169960474305 0.84375 0.19528162055335968 0.84375
