10 0.08007626310772163 0.568788830084481 0.11534795042897997 0.568788830084481 0.11534795042897997 0.5850399395154662 0.08007626310772163 0.5850399395154662
10 0.14489990467111535 0.5687888300844812 0.17635843660629172 0.5687888300844812 0.17635843660629172 0.5920047007001743 0.14489990467111535 0.5920047007001743
10 0.12964728312678742 0.828806580980244 0.19447092469018112 0.828806580980244 0.19447092469018112 0.8613087998422142 0.12964728312678742 0.8613087998422142
10 0.12583412774070543 0.6105773971927287 0.13727359389895136 0.6105773971927287 0.13727359389895136 0.8450576904112291 0.12583412774070543 0.8450576904112291
10 0.2669208770257388 0.5687888300844811 0.30791229742612014 0.5687888300844811 0.30791229742612014 0.5873615265770354 0.2669208770257388 0.5873615265770354
10 0.32411820781696854 0.4132424969593373 0.3746425166825549 0.4132424969593373 0.3746425166825549 0.4341367805134611 0.32411820781696854 0.4341367805134611
10 0.31553860819828405 0.42717201932875315 0.3269780743565301 0.42717201932875315 0.3269780743565301 0.5409297853456494 0.31553860819828405 0.5409297853456494
10 0.27931363203050524 0.8473792774727984 0.7216396568160153 0.8473792774727984 0.7216396568160153 0.8729167351500609 0.27931363203050524 0.8729167351500609
10 0.3355576739752145 0.5641456559613425 0.4833174451858913 0.5641456559613425 0.4833174451858913 0.5896831136386048 0.3355576739752145 0.5896831136386048
10 0.46043851286939935 0.41092090989776797 0.5014299332697807 0.41092090989776797 0.5014299332697807 0.4318151934518918 0.46043851286939935 0.4318151934518918
10 0.5147759771210677 0.1485815719404359 0.5938989513822687 0.1485815719404359 0.5938989513822687 0.16251109430985175 0.5147759771210677 0.16251109430985175
10 0.5128693994280267 0.15554633312514382 0.521448999046711 0.15554633312514382 0.521448999046711 0.3877050392820749 0.5128693994280267 0.3877050392820749
10 0.5309818875119161 0.4085993228361987 0.5958055290753098 0.4085993228361987 0.5958055290753098 0.4364583675750304 0.5309818875119161 0.4364583675750304
10 0.6796949475691134 0.4016345616514908 0.7216396568160154 0.4016345616514908 0.7216396568160154 0.43181519345189184 0.6796949475691134 0.43181519345189184
10 0.6835081029551954 0.14393839781729725 0.7416587225929456 0.14393839781729725 0.7416587225929456 0.16715426843299033 0.6835081029551954 0.16715426843299033
10 0.7330791229742613 0.15786792018671314 0.7407054337464252 0.15786792018671314 0.7407054337464252 0.3760971039742284 0.7330791229742613 0.3760971039742284
10 0.7349857006673023 0.4596742381907235 0.7426120114394662 0.4596742381907235 0.7426120114394662 0.5339650241609415 0.7349857006673023 0.5339650241609415
10 0.5719733079122974 0.5687888300844811 0.7235462345090562 0.5687888300844811 0.7235462345090562 0.5920047007001741 0.5719733079122974 0.5920047007001741
10 0.7349857006673023 0.6198637454390059 0.7416587225929456 0.6198637454390059 0.7416587225929456 0.8218418197955359 0.7349857006673023 0.8218418197955359
10 0.7559580552907531 0.8566656257190757 0.794089609151573 0.8566656257190757 0.794089609151573 0.872916735150061 0.7559580552907531 0.872916735150061
10 0.8817921830314586 0.8613087998422144 0.9218303145853195 0.8613087998422144 0.9218303145853195 0.8868462575194767 0.8817921830314586 0.8868462575194767
11 0.10486177311725452 0.5618240688997732 0.11630123927550046 0.5618240688997732 0.11630123927550046 0.5873615265770356 0.10486177311725452 0.5873615265770356
11 0.16396568160152525 0.5618240688997732 0.1763584366062917 0.5618240688997732 0.1763584366062917 0.5896831136386049 0.16396568160152525 0.5896831136386049
11 0.18112488083889422 0.8264849939186746 0.1954242135367016 0.8264849939186746 0.1954242135367016 0.8566656257190756 0.18112488083889422 0.8566656257190756
11 0.2926596758817922 0.5641456559613425 0.3069590085795996 0.5641456559613425 0.3069590085795996 0.5920047007001742 0.2926596758817922 0.5920047007001742
11 0.36224976167778844 0.4085993228361987 0.3746425166825549 0.4085993228361987 0.3746425166825549 0.43181519345189184 0.36224976167778844 0.43181519345189184
11 0.4728312678741658 0.5618240688997732 0.48522402287893224 0.5618240688997732 0.48522402287893224 0.5873615265770356 0.4728312678741658 0.5873615265770356
11 0.48808388941849373 0.40395614871306007 0.4995233555767397 0.40395614871306007 0.4995233555767397 0.4271720193287531 0.48808388941849373 0.4271720193287531
11 0.5834127740705434 0.40395614871306007 0.5958055290753098 0.40395614871306007 0.5958055290753098 0.44110154169816906 0.5834127740705434 0.44110154169816906
11 0.5805529075309819 0.13929522369415864 0.5948522402287894 0.13929522369415864 0.5948522402287894 0.16947585549455968 0.5805529075309819 0.16947585549455968
11 0.7302192564346996 0.3552028204201045 0.7426120114394662 0.3552028204201045 0.7426120114394662 0.3807402780973669 0.7302192564346996 0.3807402780973669
11 0.7082936129647283 0.3946698004667828 0.7264061010486176 0.3946698004667828 0.7264061010486176 0.43645836757503037 0.7082936129647283 0.43645836757503037
11 0.7111534795042896 0.5595024818382038 0.7225929456625355 0.5595024818382038 0.7225929456625355 0.6012910489464515 0.7111534795042896 0.6012910489464515
11 0.7311725452812202 0.5061059794221098 0.7483317445185892 0.5061059794221098 0.7483317445185892 0.5362866112225106 0.7311725452812202 0.5362866112225106
11 0.7063870352716873 0.8427361033496598 0.7273593898951383 0.8427361033496598 0.7273593898951383 0.8822030833963381 0.7063870352716873 0.8822030833963381
11 0.7302192564346996 0.7870180138719963 0.7454718779790276 0.7870180138719963 0.7454718779790276 0.828806580980244 0.7302192564346996 0.828806580980244
11 0.782650142993327 0.8450576904112291 0.7959961868446138 0.8450576904112291 0.7959961868446138 0.8775599092731995 0.782650142993327 0.8775599092731995
11 0.9094375595805528 0.8543440386575063 0.9227836034318398 0.8543440386575063 0.9227836034318398 0.8868462575194767 0.9094375595805528 0.8868462575194767
7 0.0438512869399428 0.5246786759146642 0.09056244041944711 0.5246786759146642 0.09056244041944711 0.6198637454390059 0.0438512869399428 0.6198637454390059
1 0.9170638703527169 0.8357713421649519 0.9561487130600573 0.8357713421649519 0.9561487130600573 0.9170268893198779 0.9170638703527169 0.9170268893198779
4 0.019065776930409915 0.027859044738831728 0.0438512869399428 0.027859044738831728 0.0438512869399428 0.313414253311857 0.019065776930409915 0.313414253311857
4 0.0219256434699714 0.2994847309424411 0.039084842707340334 0.2994847309424411 0.039084842707340334 0.7475510338253181 0.0219256434699714 0.7475510338253181
4 0.017159199237368923 0.717370402024917 0.04194470924690181 0.717370402024917 0.04194470924690181 0.9959608494132344 0.017159199237368923 0.9959608494132344
3 0.17349857006673022 0.4991412182374018 0.2697807435653003 0.4991412182374018 0.2697807435653003 0.6616523125472535 0.17349857006673022 0.6616523125472535
3 0.37273593898951385 0.343594885112258 0.46711153479504297 0.343594885112258 0.46711153479504297 0.5014628052989711 0.37273593898951385 0.5014628052989711
3 0.5900857959961868 0.343594885112258 0.6892278360343184 0.343594885112258 0.6892278360343184 0.5014628052989711 0.5900857959961868 0.5014628052989711
3 0.5900857959961868 0.06964761184707932 0.6892278360343184 0.06964761184707932 0.6892278360343184 0.23215870615693107 0.5900857959961868 0.23215870615693107
3 0.4795042897998094 0.4968196311758325 0.5795996186844614 0.4968196311758325 0.5795996186844614 0.6546875513625455 0.4795042897998094 0.6546875513625455
3 0.18875119161105813 0.7754100785641498 0.2869399428026692 0.7754100785641498 0.2869399428026692 0.9518506952434174 0.18875119161105813 0.9518506952434174
3 0.7912297426120114 0.7823748397488576 0.8856053384175405 0.7823748397488576 0.8856053384175405 0.9472075211202786 0.7912297426120114 0.9472075211202786
5 0.11058150619637751 0.5270002629762335 0.1515729265967588 0.5270002629762335 0.1515729265967588 0.6221853325005754 0.11058150619637751 0.6221853325005754
5 0.3031458531935176 0.5293218500378027 0.3460438512869399 0.5293218500378027 0.3460438512869399 0.6268285066237138 0.3031458531935176 0.6268285066237138
5 0.49475691134413724 0.373775516912659 0.5357483317445185 0.373775516912659 0.5357483317445185 0.47128217349857005 0.49475691134413724 0.47128217349857005
5 0.7178265014299333 0.373775516912659 0.7578646329837941 0.373775516912659 0.7578646329837941 0.46663899937543135 0.7178265014299333 0.46663899937543135
5 0.7206863679694948 0.5316434370993721 0.7578646329837941 0.5316434370993721 0.7578646329837941 0.626828506623714 0.7206863679694948 0.626828506623714
5 0.7235462345090563 0.8148770586108282 0.757864632983794 0.8148770586108282 0.757864632983794 0.9147053022583085 0.7235462345090563 0.9147053022583085
8 0.051477597712106776 0.6291500936852832 0.08484270734032412 0.6291500936852832 0.08484270734032412 0.6848681831629466 0.051477597712106776 0.6848681831629466
8 0.008579599618684462 0.4155640840209066 0.017159199237368923 0.4155640840209066 0.017159199237368923 0.6198637454390059 0.008579599618684462 0.6198637454390059
8 0.026692087702573877 0.4596742381907235 0.03527168732125834 0.4596742381907235 0.03527168732125834 0.5896831136386049 0.026692087702573877 0.5896831136386049
8 0.023832221163012392 0.10214983070904968 0.04003813155386082 0.10214983070904968 0.04003813155386082 0.2368018802800697 0.023832221163012392 0.2368018802800697
8 0.020019065776930408 0.7939827750567041 0.038131553860819824 0.7939827750567041 0.038131553860819824 0.9402427599355708 0.020019065776930408 0.9402427599355708
8 0.2831267874165872 0.6291500936852832 0.35938989513822694 0.6291500936852832 0.35938989513822694 0.6755818349166696 0.2831267874165872 0.6755818349166696
8 0.3841754051477598 0.5618240688997732 0.438512869399428 0.5618240688997732 0.438512869399428 0.5920047007001741 0.3841754051477598 0.5920047007001741
8 0.31839847473784555 0.46199582525229277 0.36892278360343184 0.46199582525229277 0.36892278360343184 0.48289010880641664 0.31839847473784555 0.48289010880641664
8 0.18684461391801716 0.5200355017915256 0.2602478551000953 0.5200355017915256 0.2602478551000953 0.6384364419315604 0.18684461391801716 0.6384364419315604
8 0.20305052430886555 0.8241634068571053 0.27073403241182076 0.8241634068571053 0.27073403241182076 0.9077405410736005 0.20305052430886555 0.9077405410736005
8 0.491897044804576 0.5339650241609413 0.5681601525262157 0.5339650241609413 0.5681601525262157 0.6198637454390068 0.491897044804576 0.6198637454390068
8 0.37750238322211627 0.373775516912659 0.46425166825548136 0.373775516912659 0.46425166825548136 0.46663899937543135 0.37750238322211627 0.46663899937543135
8 0.5271687321258341 0.1926917261102528 0.5910390848427073 0.1926917261102528 0.5910390848427073 0.2460882285263469 0.5271687321258341 0.2460882285263469
8 0.6005719733079123 0.3853834522205056 0.674928503336511 0.3853834522205056 0.674928503336511 0.45270947700601555 0.6005719733079123 0.45270947700601555
8 0.6043851286939943 0.12536570132474278 0.6682554814108675 0.12536570132474278 0.6682554814108675 0.18108379080240627 0.6043851286939943 0.18108379080240627
8 0.5471877979027645 0.3946698004667828 0.5795996186844614 0.3946698004667828 0.5795996186844614 0.4387799546365997 0.5471877979027645 0.4387799546365997
8 0.8026692087702573 0.7939827750567041 0.8703527168732126 0.7939827750567041 0.8703527168732126 0.9379211728740016 0.8026692087702573 0.9379211728740016
