8 0.425531914893617 0.04483695652173913 0.5411655874190564 0.04483695652173913 0.5411655874190564 0.07336956521739131 0.425531914893617 0.07336956521739131
8 0.3538390379278446 0.15625 0.6151711378353377 0.15625 0.6151711378353377 0.1793478260869565 0.3538390379278446 0.1793478260869565
8 0.3561517113783534 0.26766304347826086 0.6105457909343202 0.26766304347826086 0.6105457909343202 0.29347826086956524 0.3561517113783534 0.29347826086956524
8 0.3584643848288621 0.37771739130434784 0.5989824236817761 0.37771739130434784 0.5989824236817761 0.3940217391304348 0.3584643848288621 0.3940217391304348
8 0.1017576318223867 0.6019021739130435 0.3700277520814061 0.6019021739130435 0.3700277520814061 0.625 0.1017576318223867 0.625
8 0.557354301572618 0.6032608695652174 0.9065679925994449 0.6032608695652174 0.9065679925994449 0.6304347826086957 0.557354301572618 0.6304347826086957
8 0.29833487511563367 0.8288043478260869 0.6706753006475487 0.8288043478260869 0.6706753006475487 0.8532608695652174 0.29833487511563367 0.8532608695652174
8 0.34690101757631825 0.9429347826086957 0.6221091581868641 0.9429347826086957 0.6221091581868641 0.9619565217391305 0.34690101757631825 0.9619565217391305
10 0.4740980573543016 0.08423913043478262 0.4925994449583718 0.08423913043478262 0.4925994449583718 0.13994565217391303 0.4740980573543016 0.13994565217391303
10 0.47641073080481033 0.19429347826086957 0.4995374653098983 0.19429347826086957 0.4995374653098983 0.25271739130434784 0.47641073080481033 0.25271739130434784
10 0.4694727104532841 0.3016304347826087 0.4949121184088807 0.3016304347826087 0.4949121184088807 0.3654891304347826 0.4694727104532841 0.3654891304347826
10 0.4694727104532841 0.4116847826086957 0.4949121184088807 0.4116847826086957 0.4949121184088807 0.4728260869565217 0.4694727104532841 0.4728260869565217
10 0.22664199814986122 0.5108695652173914 0.4509713228492137 0.5108695652173914 0.4509713228492137 0.5855978260869567 0.22664199814986122 0.5855978260869567
10 0.5203515263644773 0.5108695652173914 0.7400555041628122 0.5108695652173914 0.7400555041628122 0.5869565217391306 0.5203515263644773 0.5869565217391306
10 0.23820536540240517 0.6385869565217391 0.44634597594819614 0.6385869565217391 0.44634597594819614 0.7241847826086956 0.23820536540240517 0.7241847826086956
10 0.5226641998149861 0.6413043478260869 0.7354301572617947 0.6413043478260869 0.7354301572617947 0.7214673913043479 0.5226641998149861 0.7214673913043479
10 0.47641073080481033 0.7581521739130435 0.49722479185938945 0.7581521739130435 0.49722479185938945 0.8165760869565217 0.47641073080481033 0.8165760869565217
10 0.4694727104532841 0.8641304347826086 0.49722479185938956 0.8641304347826086 0.49722479185938956 0.9252717391304348 0.4694727104532841 0.9252717391304348
11 0.46716003700277525 0.12907608695652173 0.4949121184088807 0.12907608695652173 0.4949121184088807 0.14130434782608697 0.46716003700277525 0.14130434782608697
11 0.4694727104532841 0.2391304347826087 0.49722479185938956 0.2391304347826087 0.49722479185938956 0.2513586956521739 0.4694727104532841 0.2513586956521739
11 0.46484736355226647 0.34782608695652173 0.5064754856614246 0.34782608695652173 0.5064754856614246 0.36141304347826086 0.46484736355226647 0.36141304347826086
11 0.46484736355226647 0.45516304347826086 0.4949121184088807 0.45516304347826086 0.4949121184088807 0.4741847826086957 0.46484736355226647 0.4741847826086957
11 0.21739130434782608 0.5733695652173914 0.2543940795559667 0.5733695652173914 0.2543940795559667 0.5869565217391306 0.21739130434782608 0.5869565217391306
11 0.7169287696577242 0.5733695652173914 0.7469935245143386 0.5733695652173914 0.7469935245143386 0.5910326086956522 0.7169287696577242 0.5910326086956522
11 0.5180388529139686 0.705163043478261 0.5504162812210918 0.705163043478261 0.5504162812210918 0.7228260869565217 0.5180388529139686 0.7228260869565217
11 0.42090656799259946 0.7119565217391305 0.4486586493987049 0.7119565217391305 0.4486586493987049 0.7269021739130435 0.42090656799259946 0.7269021739130435
11 0.4694727104532841 0.8016304347826086 0.49953746530989834 0.8016304347826086 0.49953746530989834 0.8192934782608695 0.4694727104532841 0.8192934782608695
11 0.46716003700277525 0.9048913043478259 0.5018501387604071 0.9048913043478259 0.5018501387604071 0.9279891304347826 0.46716003700277525 0.9279891304347826
3 0.40009250693802034 0.02717391304347826 0.5619796484736356 0.02717391304347826 0.5619796484736356 0.09239130434782607 0.40009250693802034 0.09239130434782607
3 0.30064754856614245 0.13722826086956522 0.6729879740980574 0.13722826086956522 0.6729879740980574 0.20244565217391303 0.30064754856614245 0.20244565217391303
3 0.30989824236817765 0.24592391304347827 0.6591119333950045 0.24592391304347827 0.6591119333950045 0.3138586956521739 0.30989824236817765 0.3138586956521739
3 0.30296022201665124 0.35461956521739113 0.6637372802960221 0.35461956521739113 0.6637372802960221 0.4211956521739128 0.30296022201665124 0.4211956521739128
3 0.05087881591119335 0.5815217391304348 0.42553191489361697 0.5815217391304348 0.42553191489361697 0.6467391304347826 0.05087881591119335 0.6467391304347826
3 0.49953746530989834 0.5828804347826086 0.9666975023126735 0.5828804347826086 0.9666975023126735 0.6494565217391304 0.49953746530989834 0.6494565217391304
3 0.24514338575393155 0.8111413043478259 0.7215541165587419 0.8111413043478259 0.7215541165587419 0.8763586956521738 0.24514338575393155 0.8763586956521738
3 0.316836262719704 0.9184782608695652 0.6521739130434784 0.9184782608695652 0.6521739130434784 0.982336956521739 0.316836262719704 0.982336956521739
5 0.4232192414431083 0.46875 0.5504162812210918 0.46875 0.5504162812210918 0.5353260869565217 0.4232192414431083 0.5353260869565217
5 0.43015726179463454 0.6942934782608695 0.5504162812210917 0.6942934782608695 0.5504162812210917 0.7581521739130435 0.43015726179463454 0.7581521739130435
