10 0.15804977945809703 0.21739130434782608 0.2160680529300567 0.21739130434782608 0.2160680529300567 0.2418478260869565 0.15804977945809703 0.2418478260869565
10 0.32710302457466917 0.21739130434782608 0.3781190926275993 0.21739130434782608 0.3781190926275993 0.2391304347826087 0.32710302457466917 0.2391304347826087
10 0.4841524889729048 0.22010869565217392 0.5601764335223692 0.22010869565217392 0.5601764335223692 0.2391304347826087 0.4841524889729048 0.2391304347826087
10 0.5901858853182104 0.22146739130434784 0.6512051039697542 0.22146739130434784 0.6512051039697542 0.2391304347826087 0.5901858853182104 0.2391304347826087
10 0.4261342155009452 0.07065217391304347 0.4361373660995589 0.07065217391304347 0.4361373660995589 0.1807065217391304 0.4261342155009452 0.1807065217391304
10 0.42813484562066784 0.06929347826086961 0.5651780088216761 0.06929347826086961 0.5651780088216761 0.08152173913043483 0.42813484562066784 0.08152173913043483
10 0.6952189666036547 0.07065217391304347 0.7102236925015752 0.07065217391304347 0.7102236925015752 0.1766304347826087 0.6952189666036547 0.1766304347826087
10 0.7582388153749213 0.22010869565217392 0.8282608695652174 0.22010869565217392 0.8282608695652174 0.23777173913043476 0.7582388153749213 0.23777173913043476
10 0.5681789540012602 0.24864130434782608 0.581183049779458 0.24864130434782608 0.581183049779458 0.42527173913043476 0.5681789540012602 0.42527173913043476
10 0.4471408317580339 0.4157608695652174 0.5761814744801512 0.4157608695652174 0.5761814744801512 0.42798913043478254 0.4471408317580339 0.42798913043478254
10 0.4441398865784499 0.421195652173913 0.4541430371770636 0.421195652173913 0.4541430371770636 0.5339673913043478 0.4441398865784499 0.5339673913043478
10 0.20106332703213609 0.5502717391304348 0.25007876496534337 0.5502717391304348 0.25007876496534337 0.5679347826086957 0.20106332703213609 0.5679347826086957
10 0.35711247637051036 0.5502717391304347 0.4301354757403907 0.5502717391304347 0.4301354757403907 0.5665760869565216 0.35711247637051036 0.5665760869565216
10 0.46414618777567734 0.5516304347826086 0.5281663516068054 0.5516304347826086 0.5281663516068054 0.5665760869565216 0.46414618777567734 0.5665760869565216
10 0.5181632010081915 0.5543478260869564 0.5291666666666667 0.5543478260869564 0.5291666666666667 0.7934782608695651 0.5181632010081915 0.7934782608695651
10 0.5151622558286074 0.7880434782608695 0.5631773787019534 0.7880434782608695 0.5631773787019534 0.8029891304347826 0.5151622558286074 0.8029891304347826
10 0.6742123503465658 0.7853260869565217 0.7432340894770005 0.7853260869565217 0.7432340894770005 0.8057065217391305 0.6742123503465658 0.8057065217391305
10 0.6151937618147447 0.8478260869565217 0.6241965973534972 0.8478260869565217 0.6241965973534972 0.90625 0.6151937618147447 0.90625
10 0.6171943919344675 0.8980978260869565 0.64820415879017 0.8980978260869565 0.64820415879017 0.9130434782608696 0.6171943919344675 0.9130434782608696
11 0.19806238185255196 0.21331521739130432 0.2160680529300567 0.21331521739130432 0.2160680529300567 0.24456521739130432 0.19806238185255196 0.24456521739130432
11 0.356112161310649 0.21467391304347827 0.3781190926275993 0.21467391304347827 0.3781190926275993 0.24184782608695654 0.356112161310649 0.24184782608695654
11 0.5401701323251418 0.21739130434782608 0.5571754883427852 0.21739130434782608 0.5571754883427852 0.23777173913043476 0.5401701323251418 0.23777173913043476
11 0.6321991178323881 0.21875 0.6512051039697542 0.21875 0.6512051039697542 0.2404891304347826 0.6321991178323881 0.2404891304347826
11 0.6922180214240705 0.15760869565217392 0.7132246376811593 0.15760869565217392 0.7132246376811593 0.18478260869565213 0.6922180214240705 0.18478260869565213
11 0.8062539382482671 0.2133152173913043 0.8282608695652173 0.2133152173913043 0.8282608695652173 0.2432065217391304 0.8062539382482671 0.2432065217391304
11 0.44013862633900436 0.5108695652173914 0.4601449275362319 0.5108695652173914 0.4601449275362319 0.5353260869565217 0.44013862633900436 0.5353260869565217
11 0.4141304347826087 0.5448369565217391 0.4361373660995589 0.5448369565217391 0.4361373660995589 0.5692934782608696 0.4141304347826087 0.5692934782608696
11 0.23507403906742277 0.5434782608695652 0.2530797101449275 0.5434782608695652 0.2530797101449275 0.5747282608695652 0.23507403906742277 0.5747282608695652
11 0.5481726528040327 0.7853260869565217 0.5651780088216761 0.7853260869565217 0.5651780088216761 0.8111413043478262 0.5481726528040327 0.8111413043478262
11 0.7222274732199118 0.78125 0.7482356647763073 0.78125 0.7482356647763073 0.8179347826086957 0.7222274732199118 0.8179347826086957
7 0.11403591682419659 0.19157608695652173 0.16205103969754253 0.19157608695652173 0.16205103969754253 0.2608695652173913 0.11403591682419659 0.2608695652173913
7 0.16105072463768114 0.5244565217391305 0.20506458727158158 0.5244565217391305 0.20506458727158158 0.5910326086956523 0.16105072463768114 0.5910326086956523
1 0.8202583490863263 0.18478260869565216 0.8652725267800883 0.18478260869565216 0.8652725267800883 0.264945652173913 0.8202583490863263 0.264945652173913
1 0.7392328292375551 0.7608695652173914 0.782246376811594 0.7608695652173914 0.782246376811594 0.8274456521739131 0.7392328292375551 0.8274456521739131
4 0.018005671077504726 0.010869565217391304 0.08902804032766225 0.010869565217391304 0.08902804032766225 0.39809782608695654 0.018005671077504726 0.39809782608695654
4 0.08202583490863263 0.44021739130434784 0.13304190296156268 0.44021739130434784 0.13304190296156268 0.7160326086956522 0.08202583490863263 0.7160326086956522
4 0.08302614996849401 0.7024456521739131 0.12704001260239442 0.7024456521739131 0.12704001260239442 0.9646739130434784 0.08302614996849401 0.9646739130434784
3 0.2110664776307498 0.16847826086956524 0.33010396975425327 0.16847826086956524 0.33010396975425327 0.2866847826086956 0.2110664776307498 0.2866847826086956
3 0.372117202268431 0.17255434782608695 0.49115469439193443 0.17255434782608695 0.49115469439193443 0.28396739130434784 0.372117202268431 0.28396739130434784
3 0.6402016383112792 0.16983695652173916 0.765241020793951 0.16983695652173916 0.765241020793951 0.27989130434782616 0.6402016383112792 0.27989130434782616
3 0.24607750472589793 0.5027173913043478 0.36511499684940135 0.5027173913043478 0.36511499684940135 0.6127717391304348 0.24607750472589793 0.6127717391304348
10 0.6151937618147447 0.06657608695652174 0.7022211720226844 0.06657608695652174 0.7022211720226844 0.08559782608695653 0.6151937618147447 0.08559782608695653
3 0.5591761184625078 0.7404891304347827 0.6792139256458727 0.7404891304347827 0.6792139256458727 0.8519021739130436 0.5591761184625078 0.8519021739130436
0 0.5631773787019533 0.02717391304347826 0.6191950220541902 0.02717391304347826 0.6191950220541902 0.125 0.5631773787019533 0.125
2 0.5541745431632009 0.1956521739130435 0.5961877756773787 0.1956521739130435 0.5961877756773787 0.25951086956521746 0.5541745431632009 0.25951086956521746
2 0.42813484562066784 0.5244565217391305 0.4721487082545683 0.5244565217391305 0.4721487082545683 0.5964673913043479 0.42813484562066784 0.5964673913043479
8 0.04401386263390043 0.4932065217391305 0.06502047889098929 0.4932065217391305 0.06502047889098929 0.9225543478260869 0.04401386263390043 0.9225543478260869
8 0.3951244486452426 0.5978260869565217 0.48715343415248896 0.5978260869565217 0.48715343415248896 0.6671195652173915 0.3951244486452426 0.6671195652173915
8 0.2530797101449275 0.5149456521739126 0.35911310649023315 0.5149456521739126 0.35911310649023315 0.6019021739130436 0.2530797101449275 0.6019021739130436
8 0.3421077504725898 0.3125 0.4961562696912413 0.3125 0.4961562696912413 0.3383152173913043 0.3421077504725898 0.3383152173913043
8 0.5171628859483302 0.266304347826087 0.6121928166351607 0.266304347826087 0.6121928166351607 0.34103260869565216 0.5171628859483302 0.34103260869565216
8 0.22907214870825457 0.18885869565217392 0.31910050409577817 0.18885869565217392 0.31910050409577817 0.2771739130434783 0.22907214870825457 0.2771739130434783
8 0.3801197227473216 0.1942934782608696 0.4731490233144297 0.1942934782608696 0.4731490233144297 0.26902173913043476 0.3801197227473216 0.26902173913043476
8 0.56817895400126 0.057065217391304206 0.613193131695022 0.057065217391304206 0.613193131695022 0.1182065217391304 0.56817895400126 0.1182065217391304
8 0.6502047889098924 0.18342391304347833 0.7542375551354754 0.18342391304347833 0.7542375551354754 0.27038043478260876 0.6502047889098924 0.27038043478260876
8 0.6492044738500318 0.873641304347825 0.833262444864524 0.873641304347825 0.833262444864524 0.9320652173913032 0.6492044738500318 0.9320652173913032
8 0.5711798991808443 0.7608695652173914 0.6672101449275362 0.7608695652173914 0.6672101449275362 0.8383152173913044 0.5711798991808443 0.8383152173913044
8 0.09002835538752363 0.4551630434782608 0.11803717706364211 0.4551630434782608 0.11803717706364211 0.6997282608695652 0.09002835538752363 0.6997282608695652
8 0.03701165721487081 0.06793478260869565 0.06602079395085066 0.06793478260869565 0.06602079395085066 0.3342391304347826 0.03701165721487081 0.3342391304347826
8 0.09202898550724628 0.7241847826086957 0.11803717706364207 0.7241847826086957 0.11803717706364207 0.9402173913043479 0.09202898550724628 0.9402173913043479
