10 0.4503071833648392 0.08016304347826086 0.4884688090737239 0.08016304347826086 0.4884688090737239 0.1453804347826087 0.4503071833648392 0.1453804347826087
10 0.4553954001260239 0.19701086956521738 0.4859247006931316 0.19701086956521738 0.4859247006931316 0.25815217391304346 0.4553954001260239 0.25815217391304346
10 0.17554347826086952 0.30978260869565216 0.3281899810964083 0.30978260869565216 0.3281899810964083 0.3505434782608695 0.17554347826086952 0.3505434782608695
10 0.17299936988027725 0.3491847826086957 0.23151386263390045 0.3491847826086957 0.23151386263390045 0.8084239130434783 0.17299936988027725 0.8084239130434783
10 0.44267485822306235 0.6711956521739131 0.5342627599243855 0.6711956521739131 0.5342627599243855 0.7296195652173915 0.44267485822306235 0.7296195652173915
10 0.29511657214870823 0.7567934782608695 0.4121455576559546 0.7567934782608695 0.4121455576559546 0.8043478260869564 0.29511657214870823 0.8043478260869564
10 0.6792769376181473 0.6915760869565217 0.7276149968494012 0.6915760869565217 0.7276149968494012 0.751358695652174 0.6792769376181473 0.751358695652174
10 0.7199826717076244 0.7758152173913043 0.7327032136105859 0.7758152173913043 0.7327032136105859 0.811141304347826 0.7199826717076244 0.811141304347826
10 0.7123503465658474 0.8600543478260869 0.7428796471329551 0.8600543478260869 0.7428796471329551 0.9225543478260869 0.7123503465658474 0.9225543478260869
10 0.602953686200378 0.41983695652173914 0.636027095148078 0.41983695652173914 0.636027095148078 0.4809782608695652 0.602953686200378 0.4809782608695652
10 0.5317186515437933 0.30434782608695654 0.6411153119092627 0.30434782608695654 0.6411153119092627 0.37228260869565216 0.5317186515437933 0.37228260869565216
11 0.44776307498424694 0.13043478260869565 0.4910129174543163 0.13043478260869565 0.4910129174543163 0.14673913043478262 0.44776307498424694 0.14673913043478262
11 0.4503071833648392 0.24320652173913043 0.4884688090737239 0.24320652173913043 0.4884688090737239 0.2595108695652174 0.4503071833648392 0.2595108695652174
11 0.2925724637681159 0.3029891304347826 0.34091052299936986 0.3029891304347826 0.34091052299936986 0.32065217391304346 0.2925724637681159 0.32065217391304346
11 0.5953213610586011 0.35597826086956524 0.6538358538122243 0.35597826086956524 0.6538358538122243 0.3682065217391305 0.5953213610586011 0.3682065217391305
11 0.5902331442974165 0.46603260869565216 0.6512917454316319 0.46603260869565216 0.6512917454316319 0.485054347826087 0.5902331442974165 0.485054347826087
11 0.2900283553875236 0.7907608695652173 0.32564587271581596 0.7907608695652173 0.32564587271581596 0.811141304347826 0.2900283553875236 0.811141304347826
11 0.7047180214240705 0.794836956521739 0.7428796471329553 0.794836956521739 0.7428796471329553 0.8097826086956521 0.7047180214240705 0.8097826086956521
11 0.7072621298046629 0.9035326086956523 0.7530560806553245 0.9035326086956523 0.7530560806553245 0.9198369565217391 0.7072621298046629 0.9198369565217391
8 0.3129253308128544 0.26902173913043476 0.6258506616257088 0.26902173913043476 0.6258506616257088 0.29483695652173914 0.3129253308128544 0.29483695652173914
8 0.40451323251417753 0.16304347826086957 0.5368068683049779 0.16304347826086957 0.5368068683049779 0.18478260869565213 0.40451323251417753 0.18478260869565213
8 0.32055765595463137 0.043478260869565216 0.6258506616257089 0.043478260869565216 0.6258506616257089 0.0733695652173913 0.32055765595463137 0.0733695652173913
8 0.4375866414618777 0.5815217391304348 0.8115705734089477 0.5815217391304348 0.8115705734089477 0.6141304347826086 0.4375866414618777 0.6141304347826086
8 0.4859247006931316 0.3817934782608695 0.7606884057971014 0.3817934782608695 0.7606884057971014 0.40760869565217384 0.4859247006931316 0.40760869565217384
8 0.6156742281033396 0.8206521739130436 0.8420998739760552 0.8206521739130436 0.8420998739760552 0.8491847826086958 0.6156742281033396 0.8491847826086958
8 0.5266304347826086 0.936141304347826 0.9235113421550094 0.936141304347826 0.9235113421550094 0.9605978260869564 0.5266304347826086 0.9605978260869564
8 0.10939666036546943 0.8192934782608696 0.37143982356647764 0.8192934782608696 0.37143982356647764 0.8464673913043479 0.10939666036546943 0.8464673913043479
3 0.25186672967863893 0.029891304347826088 0.6818210459987397 0.029891304347826088 0.6818210459987397 0.09103260869565216 0.25186672967863893 0.09103260869565216
3 0.3459987397605545 0.13722826086956522 0.5953213610586012 0.13722826086956522 0.5953213610586012 0.2078804347826087 0.3459987397605545 0.2078804347826087
3 0.25695494643982353 0.25 0.6843651543793319 0.25 0.6843651543793319 0.3179347826086957 0.25695494643982353 0.3179347826086957
3 0.4197778827977314 0.36413043478260865 0.8242911153119091 0.36413043478260865 0.8242911153119091 0.42798913043478254 0.4197778827977314 0.42798913043478254
3 0.04579395085066161 0.8043478260869564 0.44267485822306235 0.8043478260869564 0.44267485822306235 0.8682065217391304 0.04579395085066161 0.8682065217391304
8 0.3459987397605545 0.7350543478260869 0.5037334593572779 0.7350543478260869 0.5037334593572779 0.7567934782608696 0.3459987397605545 0.7567934782608696
8 0.6334829867674858 0.7554347826086957 0.8192028985507245 0.7554347826086957 0.8192028985507245 0.7798913043478263 0.6334829867674858 0.7798913043478263
3 0.5520715185885318 0.7975543478260869 0.9107908002520478 0.7975543478260869 0.9107908002520478 0.8709239130434783 0.5520715185885318 0.8709239130434783
3 0.4681159420289855 0.9116847826086957 0.984569943289225 0.9116847826086957 0.984569943289225 0.9796195652173915 0.4681159420289855 0.9796195652173915
3 0.34091052299936986 0.7282608695652173 0.5164540012602394 0.7282608695652173 0.5164540012602394 0.7581521739130433 0.34091052299936986 0.7581521739130433
3 0.6309388783868934 0.748641304347826 0.8293793320730939 0.748641304347826 0.8293793320730939 0.7839673913043477 0.6309388783868934 0.7839673913043477
5 0.38416036546943916 0.48233695652173914 0.8853497164461247 0.48233695652173914 0.8853497164461247 0.7241847826086952 0.38416036546943916 0.7241847826086952
