10 0.13702623906705538 0.12676199731593318 0.16618075801749269 0.12676199731593318 0.16618075801749269 0.14656855939654778 0.13702623906705538 0.14656855939654778
10 0.2031098153547133 0.18816233976583832 0.21768707482993194 0.18816233976583832 0.21768707482993194 0.29907908741727984 0.2031098153547133 0.29907908741727984
10 0.31486880466472306 0.19014299597389978 0.32653061224489793 0.19014299597389978 0.32653061224489793 0.32680827433014026 0.31486880466472306 0.32680827433014026
10 0.2487852283770651 0.3426535239946319 0.3080660835762877 0.3426535239946319 0.3080660835762877 0.36840205469943077 0.2487852283770651 0.36840205469943077
10 0.31486880466472306 0.3921699291961683 0.32847424684159376 0.3921699291961683 0.32847424684159376 0.5129899578879171 0.31486880466472306 0.5129899578879171
10 0.36151603498542273 0.12280068489981028 0.40524781341107874 0.12280068489981028 0.40524781341107874 0.1445879031884863 0.36151603498542273 0.1445879031884863
10 0.31875607385811466 0.035651811745106204 0.4645286686103013 0.035651811745106204 0.4645286686103013 0.0812069045305197 0.31875607385811466 0.0812069045305197
10 0.4577259475218659 0.035651811745106204 0.4703595724003887 0.035651811745106204 0.4703595724003887 0.5248738951362858 0.4577259475218659 0.5248738951362858
10 0.36151603498542273 0.542699801008839 0.44703595724003886 0.542699801008839 0.44703595724003886 0.5743903003378221 0.36151603498542273 0.5743903003378221
10 0.4761904761904761 0.5466611134249618 0.5267249757045674 0.5466611134249618 0.5267249757045674 0.5842935813781295 0.4761904761904761 0.5842935813781295
10 0.6103012633624878 0.5446804572169004 0.6443148688046646 0.5446804572169004 0.6443148688046646 0.5763709565458837 0.6103012633624878 0.5763709565458837
10 0.7269193391642371 0.5565643944652692 0.7609329446064141 0.5565643944652692 0.7609329446064141 0.5724096441297608 0.7269193391642371 0.5724096441297608
10 0.7725947521865888 0.2119302142625758 0.7862001943634597 0.2119302142625758 0.7862001943634597 0.5347771761765931 0.7725947521865888 0.5347771761765931
10 0.7716229348882409 0.5922162062103753 0.7832847424684158 0.5922162062103753 0.7832847424684158 0.7744365773520293 0.7716229348882409 0.7744365773520293
10 0.891156462585034 0.18618168355777687 0.8999028182701652 0.18618168355777687 0.8999028182701652 0.7704752649359065 0.891156462585034 0.7704752649359065
10 0.8192419825072886 0.13270396594011755 0.8804664723032071 0.13270396594011755 0.8804664723032071 0.1703364338932852 0.8192419825072886 0.1703364338932852
10 0.9105928085519922 0.14062659077236336 0.9455782312925171 0.14062659077236336 0.9455782312925171 0.17231709010134666 0.9105928085519922 0.17231709010134666
10 0.8182701652089406 0.804146420472951 0.859086491739553 0.804146420472951 0.859086491739553 0.8397982322180574 0.8182701652089406 0.8397982322180574
11 0.15063168124392617 0.11883937248368735 0.16326530612244902 0.11883937248368735 0.16326530612244902 0.15251052802073212 0.15063168124392617 0.15251052802073212
11 0.19436345966958213 0.2733305567124809 0.22157434402332363 0.2733305567124809 0.22157434402332363 0.2970984312092184 0.19436345966958213 0.2970984312092184
11 0.2886297376093295 0.33671155537044745 0.30709426627793973 0.33671155537044745 0.30709426627793973 0.3763246795316766 0.2886297376093295 0.3763246795316766
11 0.3080660835762877 0.1742977463094081 0.33236151603498537 0.1742977463094081 0.33236151603498537 0.21985283909482162 0.3080660835762877 0.21985283909482162
11 0.3858114674441204 0.11685871627562588 0.4081632653061224 0.11685871627562588 0.4081632653061224 0.15052987181267066 0.3858114674441204 0.15052987181267066
11 0.31486880466472306 0.051497061409597845 0.32653061224489793 0.051497061409597845 0.32653061224489793 0.0851682169466426 0.31486880466472306 0.0851682169466426
11 0.42857142857142855 0.5407191448007774 0.44897959183673475 0.5407191448007774 0.44897959183673475 0.5783516127539451 0.42857142857142855 0.5783516127539451
11 0.5102040816326531 0.5407191448007774 0.5286686103012633 0.5407191448007774 0.5286686103012633 0.5842935813781294 0.5102040816326531 0.5842935813781294
11 0.6277939747327502 0.538738488592716 0.6472303206997083 0.538738488592716 0.6472303206997083 0.5823129251700679 0.6277939747327502 0.5823129251700679
11 0.7414965986394558 0.538738488592716 0.7599611273080661 0.538738488592716 0.7599611273080661 0.5823129251700679 0.7414965986394558 0.5823129251700679
11 0.7687074829931972 0.7387847656069231 0.7881438289601554 0.7387847656069231 0.7881438289601554 0.7704752649359063 0.7687074829931972 0.7704752649359063
11 0.8386783284742468 0.7982044518487668 0.858114674441205 0.7982044518487668 0.858114674441205 0.8417788884261188 0.8386783284742468 0.8417788884261188
11 0.8610301263362488 0.12676199731593318 0.8833819241982507 0.12676199731593318 0.8833819241982507 0.17429774630940814 0.8610301263362488 0.17429774630940814
11 0.9241982507288629 0.134684622148179 0.9465500485908649 0.134684622148179 0.9465500485908649 0.1742977463094081 0.9241982507288629 0.1742977463094081
11 0.8882410106899904 0.18222037114165396 0.9028182701652091 0.18222037114165396 0.9028182701652091 0.21985283909482164 0.8882410106899904 0.21985283909482164
11 0.7687074829931972 0.20400758943032998 0.7881438289601554 0.20400758943032998 0.7881438289601554 0.2376787449673747 0.7687074829931972 0.2376787449673747
7 0.1010689990281827 0.0851682169466426 0.13896987366375121 0.0851682169466426 0.13896987366375121 0.16835577768522372 0.1010689990281827 0.16835577768522372
1 0.9339164237123421 0.11883937248368735 0.9708454810495626 0.11883937248368735 0.9708454810495626 0.18420102734971538 0.9339164237123421 0.18420102734971538
1 0.3955296404275997 0.09507149798694989 0.435374149659864 0.09507149798694989 0.435374149659864 0.1742977463094081 0.3955296404275997 0.1742977463094081
4 0.057337220602526724 0.023767874496737472 0.09426627793974734 0.023767874496737472 0.09426627793974734 0.2654079318802351 0.057337220602526724 0.2654079318802351
4 0.054421768707482984 0.23173677634319034 0.09718172983479106 0.23173677634319034 0.09718172983479106 0.45753158406219635 0.054421768707482984 0.45753158406219635
4 0.05928085519922255 0.4634735526863807 0.09523809523809523 0.4634735526863807 0.09523809523809523 0.7110555786940628 0.05928085519922255 0.7110555786940628
4 0.062196307094266275 0.6853070479892638 0.09426627793974734 0.6853070479892638 0.09426627793974734 0.9507149798694987 0.062196307094266275 0.9507149798694987
3 0.16229348882410108 0.06932296728215095 0.2565597667638484 0.06932296728215095 0.2565597667638484 0.19806562080614556 0.16229348882410108 0.19806562080614556
3 0.2740524781341107 0.06917191628439603 0.3702623906705539 0.06917191628439603 0.3702623906705539 0.20004627701420707 0.2740524781341107 0.20004627701420707
3 0.16326530612244897 0.291156462585034 0.25461613216715256 0.291156462585034 0.25461613216715256 0.425841084733213 0.16326530612244897 0.425841084733213
3 0.2730806608357629 0.4931833958073025 0.36831875607385806 0.4931833958073025 0.36831875607385806 0.6258873617474201 0.2730806608357629 0.6258873617474201
3 0.5160349854227405 0.495164052015364 0.6151603498542274 0.495164052015364 0.6151603498542274 0.6318293303716045 0.5160349854227405 0.6318293303716045
3 0.640427599611273 0.4931833958073025 0.7337220602526724 0.4931833958073025 0.7337220602526724 0.6278680179554815 0.640427599611273 0.6278680179554815
3 0.7317784256559767 0.09111018557082698 0.825072886297376 0.09111018557082698 0.825072886297376 0.22183349530288307 0.7317784256559767 0.22183349530288307
3 0.7308066083576289 0.7526493590633533 0.8241010689990281 0.7526493590633533 0.8241010689990281 0.8873339812115324 0.7308066083576289 0.8873339812115324
3 0.8503401360544219 0.7506687028552922 0.9456523450998264 0.7506687028552922 0.9456523450998264 0.8873339812115327 0.8503401360544219 0.8873339812115327
5 0.43926141885325554 0.5110093016798556 0.4868804664723032 0.5110093016798556 0.4868804664723032 0.6080614558748669 0.43926141885325554 0.6080614558748669
5 0.3032069970845481 0.32086630570595587 0.3420796890184646 0.32086630570595587 0.3420796890184646 0.40405386644453695 0.3032069970845481 0.40405386644453695
5 0.7531584062196308 0.5090286454717942 0.7988338192419825 0.5090286454717942 0.7988338192419825 0.6001388310426211 0.7531584062196308 0.6001388310426211
5 0.8814382896015549 0.10695543523531863 0.9144800777453839 0.10695543523531863 0.9144800777453839 0.19410430839002266 0.8814382896015549 0.19410430839002266
8 0.027645376549094377 0.289491125334786 0.04671115347950429 0.289491125334786 0.04671115347950429 0.6877842843524445 0.027645376549094377 0.6877842843524445
8 0.0667302192564347 0.7402424077352582 0.08579599618684462 0.7402424077352582 0.08579599618684462 0.8995596713423216 0.0667302192564347 0.8995596713423216
8 0.06863679694947569 0.49155204503154937 0.08579599618684461 0.49155204503154937 0.08579599618684461 0.6664124563075946 0.06863679694947569 0.6664124563075946
8 0.06959008579599618 0.268119297289936 0.08674928503336508 0.268119297289936 0.08674928503336508 0.44103681510735854 0.06959008579599618 0.44103681510735854
8 0.0695900857959962 0.05440101684143629 0.08388941849380362 0.05440101684143629 0.08388941849380362 0.23120432157610418 0.0695900857959962 0.23120432157610418
8 0.18112488083889422 0.09908756638975896 0.23927550047664448 0.09908756638975896 0.23927550047664448 0.176803304734668 0.18112488083889422 0.176803304734668
8 0.16873212583412772 0.32446320758999503 0.24976167778836986 0.32446320758999503 0.24976167778836986 0.39246447864179035 0.16873212583412772 0.39246447864179035
8 0.2831267874165872 0.41966498706250904 0.36034318398474735 0.41966498706250904 0.36034318398474735 0.44880838894184993 0.2831267874165872 0.44880838894184993
8 0.328884652049571 0.26229061691406785 0.34604385128693993 0.26229061691406785 0.34604385128693993 0.27977665804167245 0.328884652049571 0.27977665804167245
8 0.40228789323164915 0.19040355894502706 0.43565300285986647 0.19040355894502706 0.43565300285986647 0.22148985428299064 0.40228789323164915 0.22148985428299064
8 0.32697807435653004 0.46435153661083123 0.34223069590085803 0.46435153661083123 0.34223069590085803 0.4779517908211903 0.32697807435653004 0.4779517908211903
8 0.2859866539561487 0.5342957011212492 0.35367016205910384 0.5342957011212492 0.35367016205910384 0.5984111852557992 0.2859866539561487 0.5984111852557992
8 0.42802669208770255 0.6275545871351401 0.4938036224976168 0.6275545871351401 0.4938036224976168 0.6528122020972357 0.42802669208770255 0.6528122020972357
8 0.39466158245948524 0.06022969721730446 0.41754051477597715 0.06022969721730446 0.41754051477597715 0.08548731217939991 0.39466158245948524 0.08548731217939991
8 0.5290753098188751 0.5323528076626266 0.6053384175405147 0.5323528076626266 0.6053384175405147 0.5945253983385538 0.5290753098188751 0.5945253983385538
8 0.5081029551954243 0.5692677833764583 0.5233555767397522 0.5692677833764583 0.5233555767397522 0.5906396114213084 0.5081029551954243 0.5906396114213084
8 0.6501429933269782 0.5304099142040039 0.7206863679694948 0.5304099142040039 0.7206863679694948 0.592582504879931 0.6501429933269782 0.592582504879931
8 0.7416587225929454 0.12434518135185438 0.8150619637750237 0.12434518135185438 0.8150619637750237 0.17874619819329068 0.7416587225929454 0.17874619819329068
8 0.9399428026692089 0.211775386989877 0.9656816015252623 0.211775386989877 0.9656816015252623 0.23120432157610424 0.9399428026692089 0.23120432157610424
8 0.7464251668255482 0.7965863180353171 0.8122020972354623 0.7965863180353171 0.8122020972354623 0.8451586545008853 0.7464251668255482 0.8451586545008853
8 0.8636796949475692 0.7927005311180717 0.9256434699714016 0.7927005311180717 0.9256434699714016 0.8432157610422625 0.8636796949475692 0.8432157610422625
11 0.3136320305052431 0.4721231104453222 0.33174451858913245 0.4721231104453222 0.33174451858913245 0.5070951927005312 0.3136320305052431 0.5070951927005312
