8 0.12774936061381076 0.24592391304347824 0.5904092071611253 0.24592391304347824 0.5904092071611253 0.27309782608695654 0.12774936061381076 0.27309782608695654
8 0.27966751918158567 0.04483695652173913 0.4453964194373402 0.04483695652173913 0.4453964194373402 0.06929347826086957 0.27966751918158567 0.06929347826086957
8 0.5593350383631713 0.4076086956521739 0.6352941176470588 0.4076086956521739 0.6352941176470588 0.4225543478260869 0.5593350383631713 0.4225543478260869
8 0.10012787723785169 0.4796195652173914 0.15191815856777494 0.4796195652173914 0.15191815856777494 0.49864130434782616 0.10012787723785169 0.49864130434782616
8 0.3245524296675192 0.4741847826086957 0.870076726342711 0.4741847826086957 0.870076726342711 0.4986413043478261 0.3245524296675192 0.4986413043478261
8 0.16572890025575446 0.5883152173913043 0.5489769820971866 0.5883152173913043 0.5489769820971866 0.6154891304347826 0.16572890025575446 0.6154891304347826
8 0.1622762148337596 0.705163043478261 0.5455242966751918 0.705163043478261 0.5455242966751918 0.7255434782608696 0.1622762148337596 0.7255434782608696
8 0.1622762148337596 0.8192934782608696 0.5662404092071611 0.8192934782608696 0.5662404092071611 0.8423913043478262 0.1622762148337596 0.8423913043478262
8 0.24514066496163683 0.9320652173913044 0.47301790281329925 0.9320652173913044 0.47301790281329925 0.9578804347826086 0.24514066496163683 0.9578804347826086
10 0.3418158567774936 0.08288043478260869 0.3797953964194374 0.08288043478260869 0.3797953964194374 0.1440217391304348 0.3418158567774936 0.1440217391304348
10 0.12774936061381076 0.33152173913043476 0.25895140664961636 0.33152173913043476 0.25895140664961636 0.46875 0.12774936061381076 0.46875
10 0.46265984654731457 0.327445652173913 0.573145780051151 0.327445652173913 0.573145780051151 0.3994565217391304 0.46265984654731457 0.3994565217391304
10 0.5835038363171355 0.4279891304347826 0.6076726342710997 0.4279891304347826 0.6076726342710997 0.4578804347826087 0.5835038363171355 0.4578804347826087
10 0.12084398976982097 0.4986413043478261 0.24514066496163683 0.4986413043478261 0.24514066496163683 0.5706521739130435 0.12084398976982097 0.5706521739130435
10 0.47992327365728904 0.5163043478260869 0.5938618925831203 0.5163043478260869 0.5938618925831203 0.5720108695652174 0.47992327365728904 0.5720108695652174
10 0.3487212276214834 0.6304347826086957 0.37979539641943744 0.6304347826086957 0.37979539641943744 0.6875 0.3487212276214834 0.6875
10 0.34526854219948855 0.7445652173913043 0.3867007672634271 0.7445652173913043 0.3867007672634271 0.8043478260869564 0.34526854219948855 0.8043478260869564
10 0.3418158567774936 0.8532608695652172 0.3832480818414322 0.8532608695652172 0.3832480818414322 0.9144021739130432 0.3418158567774936 0.9144021739130432
11 0.33491048593350387 0.12907608695652173 0.3832480818414322 0.12907608695652173 0.3832480818414322 0.14538043478260873 0.33491048593350387 0.14538043478260873
11 0.5696930946291561 0.4429347826086957 0.6180306905370845 0.4429347826086957 0.6180306905370845 0.4605978260869566 0.5696930946291561 0.4605978260869566
11 0.46265984654731457 0.5597826086956522 0.514450127877238 0.5597826086956522 0.514450127877238 0.5760869565217392 0.46265984654731457 0.5760869565217392
11 0.21061381074168797 0.5570652173913043 0.24859335038363173 0.5570652173913043 0.24859335038363173 0.5788043478260869 0.21061381074168797 0.5788043478260869
11 0.33491048593350387 0.6711956521739131 0.3832480818414322 0.6711956521739131 0.3832480818414322 0.6902173913043478 0.33491048593350387 0.6902173913043478
11 0.33836317135549876 0.7880434782608695 0.3797953964194374 0.7880434782608695 0.3797953964194374 0.8043478260869565 0.33836317135549876 0.8043478260869565
11 0.33836317135549876 0.9035326086956522 0.3832480818414322 0.9035326086956522 0.3832480818414322 0.9184782608695652 0.33836317135549876 0.9184782608695652
3 0.23132992327365728 0.02309782608695652 0.4868286445012788 0.02309782608695652 0.4868286445012788 0.09239130434782608 0.23132992327365728 0.09239130434782608
3 0.23823529411764707 0.452445652173913 0.9494884910485932 0.452445652173913 0.9494884910485932 0.5176630434782608 0.23823529411764707 0.5176630434782608
3 0.5558823529411765 0.4008152173913043 0.6352941176470588 0.4008152173913043 0.6352941176470588 0.4279891304347826 0.5558823529411765 0.4279891304347826
3 0.089769820971867 0.4714673913043478 0.15537084398976986 0.4714673913043478 0.15537084398976986 0.4986413043478261 0.089769820971867 0.4986413043478261
3 0.08631713554987214 0.5665760869565217 0.635294117647059 0.5665760869565217 0.635294117647059 0.6331521739130435 0.08631713554987214 0.6331521739130435
3 0.08286445012787723 0.6820652173913043 0.6283887468030691 0.6820652173913043 0.6283887468030691 0.7499999999999999 0.08286445012787723 0.7499999999999999
3 0.07250639386189259 0.796195652173913 0.6491048593350383 0.796195652173913 0.6491048593350383 0.8641304347826084 0.07250639386189259 0.8641304347826084
3 0.21061381074168797 0.9130434782608696 0.510997442455243 0.9130434782608696 0.510997442455243 0.9769021739130436 0.21061381074168797 0.9769021739130436
5 0.058695652173913045 0.1372282608695652 0.6698209718670077 0.1372282608695652 0.6698209718670077 0.3777173913043478 0.058695652173913045 0.3777173913043478
