10 0.12488083889418494 0.20009986835534976 0.1344137273593899 0.20009986835534976 0.1344137273593899 0.5836246160364368 0.12488083889418494 0.5836246160364368
10 0.12774070543374644 0.30570813220956217 0.14966634890371783 0.30570813220956217 0.14966634890371783 0.3223831212391746 0.12774070543374644 0.3223831212391746
10 0.5414680648236415 0.20009986835534976 0.5490943755958057 0.20009986835534976 0.5490943755958057 0.5252621544327931 0.5414680648236415 0.5252621544327931
10 0.5204957102001907 0.2973706376947559 0.5443279313632029 0.2973706376947559 0.5443279313632029 0.3196039564009059 0.5204957102001907 0.3196039564009059
10 0.6358436606291706 0.19732070351708106 0.6453765490943756 0.19732070351708106 0.6453765490943756 0.5808454511981681 0.6358436606291706 0.5808454511981681
10 0.6377502383222117 0.30292896737129343 0.6787416587225931 0.30292896737129343 0.6787416587225931 0.3251622860774434 0.6377502383222117 0.3251622860774434
10 0.6568160152526216 0.6114162644191243 0.6863679694947569 0.6114162644191243 0.6863679694947569 0.6336495831252742 0.6568160152526216 0.6336495831252742
10 0.14585319351763584 0.6086370995808555 0.17349857006673025 0.6086370995808555 0.17349857006673025 0.6336495831252742 0.14585319351763584 0.6336495831252742
10 0.2554814108674929 0.6114162644191243 0.28503336510962823 0.6114162644191243 0.28503336510962823 0.636428747963543 0.2554814108674929 0.636428747963543
10 0.36415633937082936 0.6030787699043181 0.39847473784556714 0.6030787699043181 0.39847473784556714 0.636428747963543 0.36415633937082936 0.636428747963543
10 0.48045757864632976 0.6114162644191243 0.5023832221163013 0.6114162644191243 0.5023832221163013 0.6336495831252742 0.48045757864632976 0.6336495831252742
10 0.5862726406101046 0.6114162644191243 0.623450905624404 0.6114162644191243 0.623450905624404 0.6392079128018114 0.5862726406101046 0.6392079128018114
10 0.7673975214489986 0.6114162644191243 0.798856053384175 0.6114162644191243 0.798856053384175 0.6336495831252742 0.7673975214489986 0.6336495831252742
10 0.8817921830314586 0.6086370995808555 0.913250714966635 0.6086370995808555 0.913250714966635 0.6336495831252742 0.8817921830314586 0.6336495831252742
10 0.3231649189704481 0.7170245282733368 0.328884652049571 0.7170245282733368 0.328884652049571 0.7865036492300554 0.3231649189704481 0.7865036492300554
10 0.7235462345090562 0.7225828579498742 0.7302192564346998 0.7225828579498742 0.7302192564346998 0.8254119569658179 0.7235462345090562 0.8254119569658179
10 0.7235462345090562 0.8087369679362052 0.7635843660629171 0.8087369679362052 0.7635843660629171 0.8365286163188927 0.7235462345090562 0.8365286163188927
11 0.12392755004766444 0.5474954731389431 0.1344137273593899 0.5474954731389431 0.1344137273593899 0.5808454511981681 0.12392755004766444 0.5808454511981681
11 0.16491897044804577 0.6058579347425869 0.1744518589132507 0.6058579347425869 0.1744518589132507 0.636428747963543 0.16491897044804577 0.636428747963543
11 0.2755004766444233 0.6058579347425869 0.28598665395614864 0.6058579347425869 0.28598665395614864 0.6392079128018119 0.2755004766444233 0.6392079128018119
11 0.3203050524308865 0.7559328360090991 0.33174451858913245 0.7559328360090991 0.33174451858913245 0.7920619789065928 0.3203050524308865 0.7920619789065928
11 0.3870352716873212 0.5975204402277806 0.39847473784556714 0.5975204402277806 0.39847473784556714 0.6503245721548868 0.3870352716873212 0.6503245721548868
11 0.49380362249761667 0.6086370995808555 0.5042897998093421 0.6086370995808555 0.5042897998093421 0.636428747963543 0.49380362249761667 0.636428747963543
11 0.6139180171591992 0.6086370995808555 0.6263107721639657 0.6086370995808555 0.6263107721639657 0.636428747963543 0.6139180171591992 0.636428747963543
11 0.6758817921830313 0.6086370995808555 0.6873212583412773 0.6086370995808555 0.6873212583412773 0.6447662424783492 0.6758817921830313 0.6447662424783492
11 0.7902764537654909 0.6086370995808555 0.7998093422306959 0.6086370995808555 0.7998093422306959 0.6280912534487368 0.7902764537654909 0.6280912534487368
11 0.9018112488083889 0.6058579347425869 0.9113441372735939 0.6058579347425869 0.9113441372735939 0.636428747963543 0.9018112488083889 0.636428747963543
11 0.6348903717826502 0.5474954731389431 0.6463298379408962 0.5474954731389431 0.6463298379408962 0.5780662863598992 0.6348903717826502 0.5780662863598992
11 0.5395614871306006 0.19732070351708106 0.5510009532888467 0.19732070351708106 0.5510009532888467 0.23344984641457478 0.5395614871306006 0.23344984641457478
1 0.9084842707340325 0.5669496270068243 0.9437559580552907 0.5669496270068243 0.9437559580552907 0.6781162205375743 0.9084842707340325 0.6781162205375743
1 0.3079122974261201 0.7837244843917869 0.34413727359389895 0.7837244843917869 0.34413727359389895 0.8837744185694616 0.3079122974261201 0.8837744185694616
4 0.006673021925643469 0.01667498902961248 0.05433746425166825 0.01667498902961248 0.05433746425166825 0.2278915167380372 0.006673021925643469 0.2278915167380372
4 0.04671115347950429 0.42243305541684945 0.10486177311725453 0.42243305541684945 0.10486177311725453 0.9782660230705987 0.04671115347950429 0.9782660230705987
8 0.1782650142993327 0.6030787699043181 0.25166825548141086 0.6030787699043181 0.25166825548141086 0.6419870776400806 0.1782650142993327 0.6419870776400806
8 0.1553860819828408 0.39186224219589333 0.18398474737845563 0.39186224219589333 0.18398474737845563 0.42521222025511834 0.1553860819828408 0.42521222025511834
8 0.4775977121067683 0.4001997367106995 0.5214489990467112 0.4001997367106995 0.5214489990467112 0.4335497147699245 0.4775977121067683 0.4335497147699245
8 0.6482364156339371 0.3946414070341621 0.7473784556720685 0.3946414070341621 0.7473784556720685 0.4335497147699245 0.6482364156339371 0.4335497147699245
8 0.8045757864632983 0.5669496270068244 0.8760724499523354 0.5669496270068244 0.8760724499523354 0.6781162205375744 0.8045757864632983 0.6781162205375744
8 0.7178265014299333 0.9087869021138801 0.8531935176358436 0.9087869021138801 0.8531935176358436 0.9504743746879114 0.7178265014299333 0.9504743746879114
8 0.6892278360343184 0.5808454511981681 0.7654909437559579 0.5808454511981681 0.7654909437559579 0.7003495392437241 0.6892278360343184 0.7003495392437241
8 0.5214489990467112 0.5586121324920181 0.5710200190657769 0.5586121324920181 0.5710200190657769 0.6864537150523805 0.5214489990467112 0.6864537150523805
8 0.40705433746425174 0.5836246160364369 0.47187797902764544 0.5836246160364369 0.47187797902764544 0.6642203963462305 0.40705433746425174 0.6642203963462305
3 0.1715919923736892 0.5224829895945244 0.26024785510009535 0.5224829895945244 0.26024785510009535 0.7253620227881428 0.1715919923736892 0.7253620227881428
3 0.39275500476644426 0.5197038247562557 0.4823641563393709 0.5197038247562557 0.4823641563393709 0.7253620227881429 0.39275500476644426 0.7253620227881429
3 0.5023832221163013 0.5141454950797182 0.5881792183031459 0.5141454950797182 0.5881792183031459 0.7309203524646805 0.5023832221163013 0.7309203524646805
3 0.6854146806482365 0.5197038247562557 0.7721639656816014 0.5197038247562557 0.7721639656816014 0.7336995173029492 0.6854146806482365 0.7336995173029492
3 0.7969494756911344 0.5113663302414494 0.8846520495710201 0.5113663302414494 0.8846520495710201 0.7281411876264117 0.7969494756911344 0.7281411876264117
5 0.28026692087702576 0.5197038247562557 0.36987607244995224 0.5197038247562557 0.36987607244995224 0.7114661985967992 0.28026692087702576 0.7114661985967992
0 0.14680648236415633 0.2139956925466935 0.19542421353670159 0.2139956925466935 0.19542421353670159 0.3890830773576245 0.14680648236415633 0.3890830773576245
0 0.4737845567206864 0.22233318706149974 0.5262154432793137 0.22233318706149974 0.5262154432793137 0.39186224219589344 0.4737845567206864 0.39186224219589344
0 0.6758817921830313 0.2139956925466935 0.7235462345090561 0.2139956925466935 0.7235462345090561 0.39186224219589333 0.6758817921830313 0.39186224219589333
0 0.7616777883698761 0.7336995173029492 0.80743565300286 0.7336995173029492 0.80743565300286 0.9143452317904178 0.7616777883698761 0.9143452317904178
2 0.11058150619637751 0.5725079566833619 0.14680648236415633 0.5725079566833619 0.14680648236415633 0.6781162205375744 0.11058150619637751 0.6781162205375744
2 0.6224976167778836 0.5725079566833619 0.6577693040991418 0.5725079566833619 0.6577693040991418 0.6781162205375743 0.6224976167778836 0.6781162205375743
