8 0.03368623676612127 0.37913968851168084 0.1260827718960539 0.37913968851168084 0.1260827718960539 0.6730794470207367 0.03368623676612127 0.6730794470207367
8 0.2646775745909528 0.27263977600839967 0.38787295476419636 0.27263977600839967 0.38787295476419636 0.8306993175255927 0.2646775745909528 0.8306993175255927
8 0.5707410972088547 0.332279727010237 0.7083734359961501 0.332279727010237 0.7083734359961501 0.7412393910228364 0.5707410972088547 0.7412393910228364
8 0.8440808469682388 0.3237597340099746 0.9797882579403274 0.3237597340099746 0.9797882579403274 0.7369793945227054 0.8440808469682388 0.7369793945227054
10 0.1424446583253128 0.48989959751509315 0.24542829643888353 0.48989959751509315 0.24542829643888353 0.626219485519293 0.1424446583253128 0.626219485519293
10 0.40712223291626565 0.5197195730160118 0.5572666025024062 0.5197195730160118 0.5572666025024062 0.6730794470207367 0.40712223291626565 0.6730794470207367
10 0.7237728585178056 0.4813796045148307 0.8238691049085659 0.4813796045148307 0.8238691049085659 0.643259471519818 0.7237728585178056 0.643259471519818
11 0.20500481231953802 0.47285961151456823 0.2435033686236766 0.47285961151456823 0.2435033686236766 0.6347394785195555 0.20500481231953802 0.6347394785195555
11 0.5139557266602502 0.5026795870154869 0.5563041385948027 0.5026795870154869 0.5563041385948027 0.6815994400209991 0.5139557266602502 0.6815994400209991
11 0.7815206929740135 0.4600796220141744 0.8238691049085659 0.4600796220141744 0.8238691049085659 0.6389994750196867 0.7815206929740135 0.6389994750196867
3 0.02213666987487969 0.0766799370023624 0.13570741097208855 0.0766799370023624 0.13570741097208855 0.9329392335287426 0.02213666987487969 0.9329392335287426
3 0.24639076034648702 0.09371992300288738 0.41193455245428295 0.09371992300288738 0.41193455245428295 0.9968391810307111 0.24639076034648702 0.9968391810307111
3 0.559191530317613 0.11075990900341236 0.7179980750721845 0.11075990900341236 0.7179980750721845 0.9968391810307111 0.559191530317613 0.9968391810307111
3 0.8286814244465832 0.09371992300288738 0.9942252165543792 0.09371992300288738 0.9942252165543792 0.9840591915303173 0.8286814244465832 0.9840591915303173
