10 0.0915562332422454 0.32242990654205606 0.14496403596688853 0.32242990654205606 0.14496403596688853 0.3442367601246106 0.0915562332422454 0.3442367601246106
10 0.18978844182507118 0.37383177570093457 0.1983718386915317 0.37383177570093457 0.1983718386915317 0.4984423676012461 0.18978844182507118 0.4984423676012461
10 0.18692730953625103 0.48598130841121495 0.2098163678468124 0.48598130841121495 0.2098163678468124 0.5031152647975078 0.18692730953625103 0.5031152647975078
10 0.2021866817432919 0.4922118380062305 0.20790894632093224 0.4922118380062305 0.20790894632093224 0.6277258566978193 0.2021866817432919 0.6277258566978193
10 0.3595489576284012 0.37227414330218067 0.3662249329689816 0.37227414330218067 0.3662249329689816 0.5062305295950156 0.3595489576284012 0.5062305295950156
10 0.3080485764296382 0.49376947040498437 0.36813235449486176 0.49376947040498437 0.36813235449486176 0.514018691588785 0.3080485764296382 0.514018691588785
10 0.30709486566669814 0.5 0.31281713024433844 0.5 0.31281713024433844 0.6292834890965732 0.30709486566669814 0.6292834890965732
10 0.24128882302383425 0.6557632398753894 0.2889743611708371 0.6557632398753894 0.2889743611708371 0.6728971962616822 0.24128882302383425 0.6728971962616822
10 0.33379876702901967 0.6557632398753894 0.39674367738306343 0.6557632398753894 0.39674367738306343 0.6713395638629284 0.33379876702901967 0.6713395638629284
10 0.3872065697536628 0.6635514018691588 0.3957899666201234 0.6635514018691588 0.3957899666201234 0.7647975077881619 0.3872065697536628 0.7647975077881619
10 0.3843454374648427 0.7523364485981309 0.4596885877371072 0.7523364485981309 0.4596885877371072 0.7694704049844237 0.3843454374648427 0.7694704049844237
10 0.39960480967188355 0.32866043613707163 0.4596885877371072 0.32866043613707163 0.4596885877371072 0.3504672897196261 0.39960480967188355 0.3504672897196261
10 0.49402217520294905 0.1542056074766355 0.5026055720694096 0.1542056074766355 0.5026055720694096 0.24454828660436137 0.49402217520294905 0.24454828660436137
10 0.47208682765532783 0.2305295950155763 0.5016518613064695 0.2305295950155763 0.5016518613064695 0.24766355140186916 0.47208682765532783 0.24766355140186916
10 0.4711331168923878 0.23364485981308414 0.4787628029959083 0.23364485981308414 0.4787628029959083 0.3068535825545171 0.4711331168923878 0.3068535825545171
10 0.4835313568106085 0.31931464174454827 0.5998840698892953 0.31931464174454827 0.5998840698892953 0.34267912772585674 0.4835313568106085 0.34267912772585674
10 0.6075137559928159 0.35514018691588783 0.6160971528592762 0.35514018691588783 0.6160971528592762 0.3987538940809968 0.6075137559928159 0.3987538940809968
10 0.6056063344669357 0.3878504672897196 0.6237268389627969 0.3878504672897196 0.6237268389627969 0.40031152647975077 0.6056063344669357 0.40031152647975077
10 0.6160971528592764 0.3909657320872274 0.6246805497257368 0.3909657320872274 0.6246805497257368 0.6806853582554516 0.6160971528592764 0.6806853582554516
10 0.48925362138824885 0.7476635514018691 0.5197723658023308 0.7476635514018691 0.5197723658023308 0.7616822429906542 0.48925362138824885 0.7616822429906542
10 0.593208094548715 0.7445482866043613 0.6218194174369167 0.7445482866043613 0.6218194174369167 0.7585669781931464 0.593208094548715 0.7585669781931464
10 0.6943014354203609 0.7445482866043613 0.7171904937309221 0.7445482866043613 0.7171904937309221 0.7585669781931464 0.6943014354203609 0.7585669781931464
10 0.7896725117143666 0.7429906542056075 0.8211449668913883 0.7429906542056075 0.8211449668913883 0.7632398753894082 0.7896725117143666 0.7632398753894082
10 0.8907658525860126 0.7414330218068536 0.915562332422454 0.7414330218068536 0.915562332422454 0.7585669781931464 0.8907658525860126 0.7585669781931464
10 0.8402191821501895 0.37227414330218067 0.8478488682537101 0.37227414330218067 0.8478488682537101 0.5327102803738318 0.8402191821501895 0.5327102803738318
10 0.7849039578996663 0.5280373831775701 0.8459414467278299 0.5280373831775701 0.8459414467278299 0.5389408099688473 0.7849039578996663 0.5389408099688473
10 0.7820428256108461 0.5202492211838006 0.7915799332402468 0.5202492211838006 0.7915799332402468 0.6853582554517134 0.7820428256108461 0.6853582554517134
10 0.8802750341936719 0.3255451713395638 0.9403588122588955 0.3255451713395638 0.9403588122588955 0.33956386292834895 0.8802750341936719 0.33956386292834895
11 0.1325657960486678 0.32398753894080995 0.14305661444100845 0.32398753894080995 0.14305661444100845 0.3489096573208722 0.1325657960486678 0.3489096573208722
11 0.19646441716565158 0.6105919003115264 0.21077007860975244 0.6105919003115264 0.21077007860975244 0.6277258566978192 0.19646441716565158 0.6277258566978192
11 0.27371498896379615 0.649532710280374 0.28706693964495694 0.649532710280374 0.28706693964495694 0.6728971962616822 0.27371498896379615 0.6728971962616822
11 0.35859524686546107 0.3644859813084112 0.3671786437319216 0.3644859813084112 0.3671786437319216 0.3862928348909657 0.35859524686546107 0.3862928348909657
11 0.4501514801077066 0.32398753894080995 0.4635034307888674 0.32398753894080995 0.4635034307888674 0.3473520249221183 0.4501514801077066 0.3473520249221183
11 0.49020733215118895 0.14641744548286603 0.50928154740999 0.14641744548286603 0.50928154740999 0.1651090342679128 0.49020733215118895 0.1651090342679128
11 0.5855784084451945 0.3146417445482866 0.6046526237039958 0.3146417445482866 0.6046526237039958 0.3302180685358255 0.5855784084451945 0.3302180685358255
11 0.611328599044576 0.6651090342679127 0.6294491035404371 0.6651090342679127 0.6294491035404371 0.6838006230529594 0.611328599044576 0.6838006230529594
11 0.50832783664705 0.7445482866043613 0.5216797873282107 0.7445482866043613 0.5216797873282107 0.7632398753894081 0.50832783664705 0.7632398753894081
11 0.4434755047671261 0.752336448598131 0.4596885877371072 0.752336448598131 0.4596885877371072 0.7725856697819315 0.4434755047671261 0.7725856697819315
11 0.610374888281636 0.7398753894080997 0.6237268389627968 0.7398753894080997 0.6237268389627968 0.7601246105919004 0.610374888281636 0.7601246105919004
11 0.7038385430497613 0.7414330218068536 0.7210053367826824 0.7414330218068536 0.7210053367826824 0.764797507788162 0.7038385430497613 0.764797507788162
11 0.8068393054472875 0.7414330218068536 0.8201912561284482 0.7414330218068536 0.8201912561284482 0.7632398753894082 0.8068393054472875 0.7632398753894082
11 0.9050715140301135 0.7398753894080997 0.9193771754742144 0.7398753894080997 0.9193771754742144 0.7601246105919004 0.9050715140301135 0.7601246105919004
11 0.8392654713872496 0.3691588785046729 0.8497562897795903 0.3691588785046729 0.8497562897795903 0.3925233644859813 0.8392654713872496 0.3925233644859813
11 0.9270068615777347 0.32242990654205606 0.9413125230218355 0.32242990654205606 0.9413125230218355 0.338006230529595 0.9270068615777347 0.338006230529595
7 0.0610374888281636 0.30218068535825543 0.0982322085828258 0.30218068535825543 0.0982322085828258 0.3598130841121495 0.0610374888281636 0.3598130841121495
1 0.9127012001336339 0.7242990654205608 0.9460810768365359 0.7242990654205608 0.9460810768365359 0.7772585669781933 0.9127012001336339 0.7772585669781933
1 0.9317754153924349 0.29906542056074764 0.9708775566729773 0.29906542056074764 0.9708775566729773 0.3582554517133956 0.9317754153924349 0.3582554517133956
4 0.01812050449586107 0.22118380062305298 0.04959295967288293 0.22118380062305298 0.04959295967288293 0.604361370716511 0.01812050449586107 0.604361370716511
4 0.01812050449586107 0.5825545171339563 0.04959295967288293 0.5825545171339563 0.04959295967288293 1.0 0.01812050449586107 1.0
4 0.020981636784681238 0.00778816199376947 0.041009562806422414 0.00778816199376947 0.041009562806422414 0.1588785046728972 0.020981636784681238 0.1588785046728972
3 0.14019548215218827 0.29127725856697817 0.2193534754762129 0.29127725856697817 0.2193534754762129 0.37383177570093457 0.14019548215218827 0.37383177570093457
3 0.32330794863667905 0.2881619937694704 0.40341965272364383 0.2881619937694704 0.40341965272364383 0.37694704049844235 0.32330794863667905 0.37694704049844235
3 0.1659456727515698 0.6199376947040498 0.2441499553126544 0.6199376947040498 0.2441499553126544 0.7102803738317757 0.1659456727515698 0.7102803738317757
3 0.8058855946843475 0.2897196261682243 0.8850435880083724 0.2897196261682243 0.8850435880083724 0.37850467289719625 0.8058855946843475 0.37850467289719625
3 0.5169112335135105 0.7133956386292835 0.5979766483634152 0.7133956386292835 0.5979766483634152 0.7975077881619936 0.5169112335135105 0.7975077881619936
3 0.6189582851480965 0.7087227414330218 0.6971625677091812 0.7087227414330218 0.6971625677091812 0.7959501557632399 0.6189582851480965 0.7959501557632399
3 0.713375650679162 0.7087227414330218 0.7934873547661268 0.7087227414330218 0.7934873547661268 0.7975077881619936 0.713375650679162 0.7975077881619936
3 0.813515280787868 0.7087227414330218 0.8945806956377726 0.7087227414330218 0.8945806956377726 0.7928348909657321 0.813515280787868 0.7928348909657321
7 0.4625497200259272 0.7258566978193146 0.4921147536770689 0.7258566978193146 0.4921147536770689 0.7772585669781933 0.4625497200259272 0.7772585669781933
5 0.28420580735613676 0.6121495327102804 0.3357061885548998 0.6121495327102804 0.3357061885548998 0.7071651090342679 0.28420580735613676 0.7071651090342679
0 0.12398239918220733 0.39563862928348914 0.16213082969980958 0.39563862928348914 0.16213082969980958 0.47819314641744554 0.12398239918220733 0.47819314641744554
2 0.45873487697416704 0.308411214953271 0.49211475367706903 0.308411214953271 0.49211475367706903 0.36137071651090336 0.45873487697416704 0.36137071651090336
2 0.5951155160745951 0.3115264797507788 0.6284953927774971 0.3115264797507788 0.6284953927774971 0.3566978193146418 0.5951155160745951 0.3566978193146418
8 0.3748083298354421 0.06230529595015576 0.407234495775404 0.06230529595015576 0.407234495775404 0.11370716510903425 0.3748083298354421 0.11370716510903425
8 0.008583396866460506 0.037383177570093455 0.021935347547621293 0.037383177570093455 0.021935347547621293 0.13239875389408098 0.008583396866460506 0.13239875389408098
8 0.027657612125261622 0.0264797507788162 0.03719471975466219 0.0264797507788162 0.03719471975466219 0.13084112149532712 0.027657612125261622 0.13084112149532712
8 0.06675975340580394 0.36137071651090336 0.08869510095342524 0.36137071651090336 0.08869510095342524 0.37227414330218067 0.06675975340580394 0.37227414330218067
8 0.11063044850104653 0.4797507788161994 0.1716679373292101 0.4797507788161994 0.1716679373292101 0.5046728971962616 0.11063044850104653 0.5046728971962616
8 0.1535474328333491 0.3099688473520249 0.21172378937269246 0.3099688473520249 0.21172378937269246 0.35202492211838005 0.1535474328333491 0.35202492211838005
8 0.008583396866460506 0.5467289719626167 0.020981636784681238 0.5467289719626167 0.020981636784681238 0.6853582554517134 0.008583396866460506 0.6853582554517134
8 0.026703901362321574 0.3566978193146417 0.03719471975466218 0.3566978193146417 0.03719471975466218 0.4595015576323987 0.026703901362321574 0.4595015576323987
8 0.026703901362321574 0.7429906542056075 0.041009562806422414 0.7429906542056075 0.041009562806422414 0.8504672897196264 0.026703901362321574 0.8504672897196264
8 0.28039096430437654 0.7118380062305296 0.3376136100807799 0.7118380062305296 0.3376136100807799 0.7320872274143303 0.28039096430437654 0.7320872274143303
8 0.37385461907250206 0.7087227414330218 0.4148641818789245 0.7087227414330218 0.4148641818789245 0.7258566978193146 0.37385461907250206 0.7258566978193146
8 0.4034196527236438 0.36137071651090336 0.542661424112892 0.36137071651090336 0.542661424112892 0.3769470404984423 0.4034196527236438 0.3769470404984423
8 0.5750875900528539 0.3582554517133956 0.6513844510880584 0.3582554517133956 0.6513844510880584 0.37850467289719625 0.5750875900528539 0.37850467289719625
8 0.3261690809254992 0.30218068535825543 0.39960480967188344 0.30218068535825543 0.39960480967188344 0.3644859813084112 0.3261690809254992 0.3644859813084112
8 0.3090022871925782 0.49376947040498437 0.36908606525780174 0.49376947040498437 0.36908606525780174 0.5093457943925234 0.3090022871925782 0.5093457943925234
8 0.1745290696180303 0.6573208722741433 0.2403351122608942 0.6573208722741433 0.2403351122608942 0.6728971962616822 0.1745290696180303 0.6728971962616822
8 0.4625497200259272 0.6838006230529595 0.5817635653934343 0.6838006230529595 0.5817635653934343 0.6962616822429906 0.4625497200259272 0.6962616822429906
8 0.4606422985000471 0.780373831775701 0.48925362138824885 0.780373831775701 0.48925362138824885 0.7943925233644858 0.4606422985000471 0.7943925233644858
8 0.9384513907330152 0.3629283489096573 0.9622941598065169 0.3629283489096573 0.9622941598065169 0.3816199376947041 0.9384513907330152 0.3816199376947041
8 0.9184234647112741 0.7819314641744548 0.9432199445477156 0.7819314641744548 0.9432199445477156 0.8006230529595016 0.9184234647112741 0.8006230529595016
8 0.5274020519058511 0.7305295950155763 0.5827172761563744 0.7305295950155763 0.5827172761563744 0.7679127725856699 0.5274020519058511 0.7679127725856699
8 0.6227731281998564 0.7180685358255452 0.6895328816056606 0.7180685358255452 0.6895328816056606 0.7819314641744547 0.6227731281998564 0.7819314641744547
8 0.728635022886203 0.7429906542056075 0.7829965363737863 0.7429906542056075 0.7829965363737863 0.7585669781931464 0.728635022886203 0.7585669781931464
8 0.8201912561284483 0.7352024922118381 0.8869510095342521 0.7352024922118381 0.8869510095342521 0.764797507788162 0.8201912561284483 0.764797507788162
8 0.8192375453655082 0.3099688473520249 0.8707379265642712 0.3099688473520249 0.8707379265642712 0.3551401869158878 0.8192375453655082 0.3551401869158878
