10 0.09723546234509056 0.6518191688818873 0.10772163965681601 0.6518191688818873 0.10772163965681601 0.9106529308591986 0.09723546234509056 0.9106529308591986
10 0.09628217349857007 0.5744846912179346 0.10676835081029552 0.5744846912179346 0.10676835081029552 0.6060497841419967 0.09628217349857007 0.6060497841419967
10 0.14585319351763584 0.512932760016013 0.16682554814108674 0.512932760016013 0.16682554814108674 0.527137051831841 0.14585319351763584 0.527137051831841
10 0.20305052430886558 0.31722918388682647 0.21734985700667303 0.31722918388682647 0.21734985700667303 0.4718981392147319 0.20305052430886558 0.4718981392147319
10 0.29551954242135364 0.3266987117640452 0.3050524308865586 0.3266987117640452 0.3050524308865586 0.6960102989755745 0.29551954242135364 0.6960102989755745
10 0.23355576739752146 0.2635685259159205 0.2554814108674929 0.2635685259159205 0.2554814108674929 0.27935107237795165 0.23355576739752146 0.27935107237795165
10 0.34127740705433746 0.2635685259159205 0.41563393708293606 0.2635685259159205 0.41563393708293606 0.2809293270241548 0.34127740705433746 0.2809293270241548
10 0.30123927550047663 0.08838226018737454 0.32125834127740704 0.08838226018737454 0.32125834127740704 0.09785178806459326 0.30123927550047663 0.09785178806459326
10 0.29837940896091514 0.08996051483357766 0.3060057197330791 0.08996051483357766 0.3060057197330791 0.21148612259121766 0.29837940896091514 0.21148612259121766
10 0.4051477597712107 0.08680400554117142 0.8408007626310772 0.08680400554117142 0.8408007626310772 0.10100829735699947 0.4051477597712107 0.10100829735699947
10 0.8350810295519543 0.08996051483357766 0.8446139180171592 0.08996051483357766 0.8446139180171592 0.21306437723742078 0.8350810295519543 0.21306437723742078
10 0.5147759771210677 0.2177991411760301 0.5414680648236414 0.2177991411760301 0.5414680648236414 0.23358168763806128 0.5147759771210677 0.23358168763806128
10 0.5529075309818875 0.2462077248076862 0.5595805529075311 0.2462077248076862 0.5595805529075311 0.2951336188399829 0.5529075309818875 0.2951336188399829
10 0.6806482364156339 0.2241121597608426 0.7121067683508102 0.2241121597608426 0.7121067683508102 0.23358168763806128 0.6806482364156339 0.23358168763806128
10 0.7054337464251668 0.2288469236994519 0.7149666348903717 0.2288469236994519 0.7149666348903717 0.2967118734861859 0.7054337464251668 0.2967118734861859
10 0.7673975214489991 0.2635685259159205 0.7988560533841754 0.2635685259159205 0.7988560533841754 0.27935107237795165 0.7673975214489991 0.27935107237795165
10 0.6005719733079123 0.34248125822607633 0.6348903717826502 0.34248125822607633 0.6348903717826502 0.3614203139805137 0.6005719733079123 0.3614203139805137
10 0.6282173498570067 0.2809293270241548 0.640610104861773 0.2809293270241548 0.640610104861773 0.3598420593343106 0.6282173498570067 0.3598420593343106
10 0.18493803622497615 0.5744846912179346 0.19447092469018112 0.5744846912179346 0.19447092469018112 0.6960102989755745 0.18493803622497615 0.6960102989755745
10 0.22878932316491898 0.5744846912179346 0.23927550047664442 0.5744846912179346 0.23927550047664442 0.7338884104844493 0.22878932316491898 0.7338884104844493
10 0.22783603431839847 0.7275753918996368 0.2554814108674929 0.7275753918996368 0.2554814108674929 0.7465144476540744 0.22783603431839847 0.7465144476540744
10 0.20972354623450903 0.7354666651306523 0.2259294566253575 0.7354666651306523 0.2259294566253575 0.743357938361668 0.20972354623450903 0.743357938361668
10 0.2202097235462345 0.730731901192043 0.22783603431839847 0.730731901192043 0.22783603431839847 0.768610012700918 0.2202097235462345 0.768610012700918
10 0.21734985700667303 0.7607187394699024 0.25643469971401334 0.7607187394699024 0.25643469971401334 0.7717665219933241 0.21734985700667303 0.7717665219933241
10 0.34604385128694 0.7323101558382461 0.5862726406101049 0.7323101558382461 0.5862726406101049 0.7512492115926835 0.34604385128694 0.7512492115926835
10 0.4432793136320305 0.2730380537931392 0.45567206863679693 0.2730380537931392 0.45567206863679693 0.9090746762129952 0.4432793136320305 0.9090746762129952
10 0.48903717826501425 0.27935107237795165 0.49761677788369874 0.27935107237795165 0.49761677788369874 0.9106529308591984 0.48903717826501425 0.9106529308591984
10 0.6224976167778837 0.7938620870401676 0.6329837940896091 0.7938620870401676 0.6329837940896091 0.9090746762129952 0.6224976167778837 0.9090746762129952
10 0.7635843660629171 0.787549068455355 0.7731172545281221 0.787549068455355 0.7731172545281221 0.9106529308591981 0.7635843660629171 0.9106529308591981
10 0.6234509056244042 0.6044715294957937 0.6320305052430887 0.6044715294957937 0.6320305052430887 0.6896972803907621 0.6234509056244042 0.6896972803907621
10 0.6196377502383222 0.6044715294957937 0.7559580552907531 0.6044715294957937 0.7559580552907531 0.6170975666654187 0.6196377502383222 0.6170975666654187
10 0.763584366062917 0.6344583677736529 0.7740705433746425 0.6344583677736529 0.7740705433746425 0.6849625164521527 0.763584366062917 0.6849625164521527
10 0.684461391801716 0.7323101558382461 0.7264061010486176 0.7323101558382461 0.7264061010486176 0.744936193007871 0.684461391801716 0.744936193007871
10 0.7836034318398475 0.6028932748495907 0.8427073403241181 0.6028932748495907 0.8427073403241181 0.6155193120192154 0.7836034318398475 0.6155193120192154
10 0.8350810295519543 0.3266987117640452 0.8446139180171592 0.3266987117640452 0.8446139180171592 0.49241544961537237 0.8350810295519543 0.49241544961537237
10 0.8570066730219257 0.512932760016013 0.8817921830314586 0.512932760016013 0.8817921830314586 0.5302935611242472 0.8570066730219257 0.5302935611242472
10 0.8360343183984748 0.5460761075862784 0.8427073403241182 0.5460761075862784 0.8427073403241182 0.6107845480806062 0.8360343183984748 0.6107845480806062
10 0.9180171591992373 0.5697499272793252 0.9285033365109627 0.5697499272793252 0.9285033365109627 0.6123628027268093 0.9180171591992373 0.6123628027268093
10 0.29647283126787416 0.7938620870401676 0.3098188751191611 0.7938620870401676 0.3098188751191611 0.904339912274386 0.29647283126787416 0.904339912274386
11 0.09437559580552907 0.6502409142356841 0.1086749285033365 0.6502409142356841 0.1086749285033365 0.6660234606977152 0.09437559580552907 0.6660234606977152
11 0.09342230695900854 0.5713281819255283 0.11248808388941846 0.5713281819255283 0.11248808388941846 0.5902672376799659 0.09342230695900854 0.5902672376799659
11 0.15824594852240229 0.5097762507236067 0.16873212583412778 0.5097762507236067 0.16873212583412778 0.5287153064780441 0.15824594852240229 0.5287153064780441
11 0.20114394661582458 0.31249441994821714 0.21830314585319352 0.31249441994821714 0.21830314585319352 0.3361682396412638 0.20114394661582458 0.3361682396412638
11 0.2469018112488084 0.257255507331108 0.26024785510009535 0.257255507331108 0.26024785510009535 0.2809293270241548 0.2469018112488084 0.2809293270241548
11 0.40228789323164915 0.26199027126971736 0.4175405147759771 0.26199027126971736 0.4175405147759771 0.28408583631656104 0.40228789323164915 0.28408583631656104
11 0.2917063870352717 0.31722918388682647 0.3088655862726406 0.31722918388682647 0.3088655862726406 0.3409030035798733 0.2917063870352717 0.3409030035798733
11 0.30791229742612014 0.08680400554117142 0.321258341277407 0.08680400554117142 0.321258341277407 0.09785178806459323 0.30791229742612014 0.09785178806459323
11 0.7874165872259294 0.26041201662351426 0.797902764537655 0.26041201662351426 0.797902764537655 0.2809293270241548 0.7874165872259294 0.2809293270241548
11 0.8312678741658722 0.20201659471399894 0.8484270734032413 0.20201659471399894 0.8484270734032413 0.216220886529827 0.8312678741658722 0.216220886529827
11 0.7016205910390848 0.28250758167035794 0.7197330791229744 0.28250758167035794 0.7197330791229744 0.3014466374247953 0.7016205910390848 0.3014466374247953
11 0.6263107721639657 0.27935107237795165 0.6434699714013346 0.27935107237795165 0.6434699714013346 0.2998683827785922 0.6263107721639657 0.2998683827785922
11 0.5328884652049571 0.2146426318836239 0.5433746425166824 0.2146426318836239 0.5433746425166824 0.2383164515766707 0.5328884652049571 0.2383164515766707
11 0.18112488083889422 0.6802277525135432 0.19733079122974262 0.6802277525135432 0.19733079122974262 0.6975885536217775 0.18112488083889422 0.6975885536217775
11 0.2469018112488084 0.7259971372534337 0.25929456625357483 0.7259971372534337 0.25929456625357483 0.7496709569464806 0.2469018112488084 0.7496709569464806
11 0.29551954242135364 0.8854008565199485 0.3107721639656816 0.8854008565199485 0.3107721639656816 0.9138094401516046 0.29551954242135364 0.9138094401516046
11 0.5710200190657769 0.7291536465458399 0.5862726406101049 0.7291536465458399 0.5862726406101049 0.7512492115926835 0.5710200190657769 0.7512492115926835
11 0.7140133460438512 0.7275753918996368 0.7264061010486176 0.7275753918996368 0.7264061010486176 0.7480927023002774 0.7140133460438512 0.7480927023002774
11 0.7387988560533841 0.595002001618575 0.7578646329837943 0.595002001618575 0.7578646329837943 0.6265670945426373 0.7387988560533841 0.6265670945426373
11 0.7616777883698761 0.6297236038350436 0.7759771210676834 0.6297236038350436 0.7759771210676834 0.6486626595894811 0.7616777883698761 0.6486626595894811
11 0.8350810295519543 0.539763089001466 0.8446139180171592 0.539763089001466 0.8446139180171592 0.5634369086945126 0.8350810295519543 0.5634369086945126
11 0.8684461391801716 0.5097762507236067 0.882745471877979 0.5097762507236067 0.882745471877979 0.5350283250628566 0.8684461391801716 0.5350283250628566
11 0.9142040038131554 0.5918454923261688 0.9294566253574833 0.5918454923261688 0.9294566253574833 0.6123628027268093 0.9142040038131554 0.6123628027268093
11 0.8312678741658722 0.47347639386093504 0.8484270734032413 0.47347639386093504 0.8484270734032413 0.49399370426157563 0.8312678741658722 0.49399370426157563
11 0.7626310772163966 0.8854008565199485 0.7759771210676834 0.8854008565199485 0.7759771210676834 0.9106529308591986 0.7626310772163966 0.9106529308591986
11 0.6186844613918017 0.787549068455355 0.6358436606291706 0.787549068455355 0.6358436606291706 0.809644633502199 0.6186844613918017 0.809644633502199
11 0.4413727359389895 0.8806660925813391 0.4604385128693994 0.8806660925813391 0.4604385128693994 0.905918166920589 0.4413727359389895 0.905918166920589
1 0.9065776930409915 0.6076280387882 0.9389895138226884 0.6076280387882 0.9389895138226884 0.6612886967591061 0.9065776930409915 0.6612886967591061
4 0.023832221163012392 0.02367381969304675 0.05624404194470924 0.02367381969304675 0.05624404194470924 0.4529590834602945 0.023832221163012392 0.4529590834602945
4 0.023832221163012392 0.44033304629066955 0.05243088655862726 0.44033304629066955 0.05243088655862726 0.6739147339287309 0.023832221163012392 0.6739147339287309
4 0.02478551000953289 0.6565539328204966 0.05243088655862725 0.6565539328204966 0.05243088655862725 0.8427879810724642 0.02478551000953289 0.8427879810724642
4 0.005719733079122974 0.87847439224236 0.031458531935176365 0.87847439224236 0.031458531935176365 1.0 0.005719733079122974 1.0
3 0.31839847473784555 0.02998683827785922 0.40705433746425174 0.02998683827785922 0.40705433746425174 0.1515124460354992 0.31839847473784555 0.1515124460354992
3 0.2554814108674929 0.216220886529827 0.34604385128693993 0.216220886529827 0.34604385128693993 0.3298552210564515 0.2554814108674929 0.3298552210564515
3 0.4251668255481411 0.1688732471437335 0.5166825548141086 0.1688732471437335 0.5166825548141086 0.2825075816703579 0.4251668255481411 0.2825075816703579
3 0.5119161105815062 0.29513361883998285 0.6043851286939943 0.29513361883998285 0.6043851286939943 0.4103462080128104 0.5119161105815062 0.4103462080128104
3 0.5891325071496664 0.16729499249753035 0.680648236415634 0.16729499249753035 0.680648236415634 0.28566409096276413 0.5891325071496664 0.28566409096276413
3 0.667302192564347 0.29671187348618594 0.7597712106768352 0.29671187348618594 0.7597712106768352 0.41192446265901356 0.667302192564347 0.41192446265901356
3 0.7950428979980935 0.21148612259121766 0.8875119161105817 0.21148612259121766 0.8875119161105817 0.32512045711784204 0.7950428979980935 0.32512045711784204
3 0.8779790276453765 0.46085035669131014 0.9694947569113441 0.46085035669131014 0.9694947569113441 0.5871107283875594 0.8779790276453765 0.5871107283875594
3 0.5805529075309819 0.6833842618059495 0.674928503336511 0.6833842618059495 0.674928503336511 0.797018596332574 0.5805529075309819 0.797018596332574
3 0.7225929456625357 0.6786494978673402 0.8141086749285035 0.6786494978673402 0.8141086749285035 0.797018596332574 0.7225929456625357 0.797018596332574
3 0.25452812202097236 0.675492988574934 0.3469971401334605 0.675492988574934 0.3469971401334605 0.7970185963325741 0.25452812202097236 0.7970185963325741
3 0.16301239275500476 0.45927210204510693 0.2583412774070543 0.45927210204510693 0.2583412774070543 0.5744846912179346 0.16301239275500476 0.5744846912179346
3 0.055290753098188754 0.46085035669131014 0.14680648236415633 0.46085035669131014 0.14680648236415633 0.5776412005103408 0.055290753098188754 0.5776412005103408
0 0.16110581506196378 0.6849625164521527 0.2163965681601525 0.6849625164521527 0.2163965681601525 0.7970185963325741 0.16110581506196378 0.7970185963325741
0 0.18589132507149664 0.21306437723742078 0.23641563393708293 0.21306437723742078 0.23641563393708293 0.32827696641024834 0.18589132507149664 0.32827696641024834
2 0.08293612964728313 0.6044715294957937 0.11725452812202096 0.6044715294957937 0.11725452812202096 0.6518191688818873 0.08293612964728313 0.6518191688818873
8 0.0076263107721639654 0.32354220247163895 0.02669208770257388 0.32354220247163895 0.02669208770257388 0.5160892693084193 0.0076263107721639654 0.5160892693084193
8 0.03145853193517636 0.15624720997410857 0.04385128693994281 0.15624720997410857 0.04385128693994281 0.30618140136340466 0.03145853193517636 0.30618140136340466
8 0.12106768350810296 0.23989470622287376 0.18684461391801718 0.23989470622287376 0.18684461391801718 0.3030248920709984 0.12106768350810296 0.3030248920709984
8 0.24976167778836988 0.10889957058801505 0.29551954242135364 0.10889957058801505 0.29551954242135364 0.16571673785132726 0.24976167778836988 0.16571673785132726
8 0.032411820781696854 0.4766329031533413 0.04575786463298378 0.4766329031533413 0.04575786463298378 0.6391931317122622 0.032411820781696854 0.6391931317122622
8 0.030505243088655855 0.6676017153439183 0.046711153479504296 0.6676017153439183 0.046711153479504296 0.8238489253180269 0.030505243088655855 0.8238489253180269
8 0.014299332697807437 0.9027616576281827 0.026692087702573884 0.9027616576281827 0.026692087702573884 0.9769396259997293 0.014299332697807437 0.9769396259997293
8 0.3555767397521448 0.28566409096276413 0.40896091515729266 0.28566409096276413 0.40896091515729266 0.3409030035798733 0.3555767397521448 0.3409030035798733
8 0.4204003813155386 0.1120560798804213 0.7197330791229742 0.1120560798804213 0.7197330791229742 0.1609819739127179 0.4204003813155386 0.1609819739127179
8 0.061010486177311724 0.4876806856767631 0.1391801715919924 0.4876806856767631 0.1391801715919924 0.553967380817294 0.061010486177311724 0.553967380817294
8 0.1725452812202097 0.500306722846388 0.2469018112488084 0.500306722846388 0.2469018112488084 0.5366065797090598 0.1725452812202097 0.5366065797090598
8 0.2621544327931363 0.25094248874629554 0.334604385128694 0.25094248874629554 0.334604385128694 0.2872423456089673 0.2621544327931363 0.2872423456089673
8 0.3279313632030505 0.053660657970905974 0.39084842707340317 0.053660657970905974 0.39084842707340317 0.13257339028106174 0.3279313632030505 0.13257339028106174
8 0.5157292659675882 0.32512045711784204 0.5967588179218304 0.32512045711784204 0.5967588179218304 0.38667238831976364 0.5157292659675882 0.38667238831976364
8 0.669208770257388 0.34248125822607633 0.7530981887511916 0.34248125822607633 0.7530981887511916 0.366155077919123 0.669208770257388 0.366155077919123
8 0.5986653956148713 0.2146426318836239 0.6720686367969495 0.2146426318836239 0.6720686367969495 0.23831645157667064 0.5986653956148713 0.23831645157667064
8 0.8007626310772163 0.25883376197731117 0.875119161105815 0.25883376197731117 0.875119161105815 0.28408583631656104 0.8007626310772163 0.28408583631656104
8 0.8856053384175405 0.5097762507236068 0.9628217349857007 0.5097762507236068 0.9628217349857007 0.5318718157704504 0.8856053384175405 0.5318718157704504
8 0.6196377502383222 0.4797894124457475 0.7569113441372736 0.4797894124457475 0.7569113441372736 0.553967380817294 0.6196377502383222 0.553967380817294
8 0.67302192564347 0.7670317580547148 0.7063870352716872 0.7670317580547148 0.7063870352716872 0.8175359067332146 0.67302192564347 0.8175359067332146
9 0.6568160152526216 0.7054798268527932 0.6835081029551954 0.7054798268527932 0.6835081029551954 0.7654535034085116 0.6568160152526216 0.7654535034085116
11 0.4852240228789323 0.27935107237795165 0.5014299332697807 0.27935107237795165 0.5014299332697807 0.3014466374247953 0.4852240228789323 0.3014466374247953
11 0.5481410867492851 0.27935107237795165 0.5633937082936131 0.27935107237795165 0.5633937082936131 0.3014466374247953 0.5481410867492851 0.3014466374247953
8 0.5919923736892279 0.716527609376215 0.6530028598665395 0.716527609376215 0.6530028598665395 0.7622969941161054 0.5919923736892279 0.7622969941161054
8 0.7387988560533841 0.7196841186686211 0.7950428979980935 0.7196841186686211 0.7950428979980935 0.7512492115926835 0.7387988560533841 0.7512492115926835
8 0.2650142993326978 0.718105864022418 0.332697807435653 0.718105864022418 0.332697807435653 0.7670317580547146 0.2650142993326978 0.7670317580547146
8 0.43374642516682554 0.18149928431335838 0.5042897998093421 0.18149928431335838 0.5042897998093421 0.271459799146936 0.43374642516682554 0.271459799146936
