10 0.10970640476439245 0.17391304347826086 0.14595721677349602 0.17391304347826086 0.14595721677349602 0.19948849104859337 0.10970640476439245 0.19948849104859337
10 0.20414930973547812 0.17902813299232737 0.24230805921874507 0.17902813299232737 0.24230805921874507 0.19948849104859337 0.20414930973547812 0.19948849104859337
10 0.29573030849531873 0.17902813299232737 0.32721127681901396 0.17902813299232737 0.32721127681901396 0.20204603580562663 0.29573030849531873 0.20204603580562663
10 0.3453366828235659 0.17902813299232737 0.3901732134664045 0.17902813299232737 0.3901732134664045 0.20204603580562663 0.3453366828235659 0.20204603580562663
10 0.44741133769130476 0.17902813299232737 0.48366214970040833 0.17902813299232737 0.48366214970040833 0.19437340153452684 0.44741133769130476 0.19437340153452684
10 0.47793833727791835 0.17902813299232725 0.4874780246487351 0.17902813299232725 0.4874780246487351 0.5984654731457799 0.47793833727791835 0.5984654731457799
10 0.3338890579785857 0.21483375959079287 0.34342874534940243 0.21483375959079287 0.34342874534940243 0.5780051150895141 0.3338890579785857 0.5780051150895141
10 0.3644160575651993 0.6163682864450127 0.4111605256822013 0.6163682864450127 0.4111605256822013 0.6419437340153452 0.3644160575651993 0.6419437340153452
10 0.42451608800134466 0.6163682864450127 0.47316849359251006 0.6163682864450127 0.47316849359251006 0.639386189258312 0.42451608800134466 0.639386189258312
10 0.49129389959706166 0.6163682864450127 0.5304066178174103 0.6163682864450127 0.5304066178174103 0.639386189258312 0.49129389959706166 0.639386189258312
10 0.5857368045681475 0.618925831202046 0.6095860229951893 0.618925831202046 0.6095860229951893 0.6368286445012786 0.5857368045681475 0.6368286445012786
10 0.6668241472200898 0.6112531969309463 0.6992590842808666 0.6112531969309463 0.6992590842808666 0.6393861892583119 0.6668241472200898 0.6393861892583119
10 0.8795591755893029 0.6138107416879794 0.9530147683445918 0.6138107416879794 0.9530147683445918 0.6393861892583119 0.8795591755893029 0.6393861892583119
11 0.13737149813976096 0.1636828644501279 0.14500324803641437 0.1636828644501279 0.14500324803641437 0.20460358056265984 0.13737149813976096 0.20460358056265984
11 0.2327683718479283 0.17391304347826086 0.24135409048166334 0.17391304347826086 0.24135409048166334 0.19948849104859337 0.2327683718479283 0.19948849104859337
11 0.31767158944819723 0.17391304347826086 0.3272112768190139 0.17391304347826086 0.3272112768190139 0.19693094629156013 0.31767158944819723 0.19693094629156013
11 0.379679557358506 0.17647058823529413 0.38921924472932273 0.17647058823529413 0.38921924472932273 0.20204603580562663 0.379679557358506 0.20204603580562663
11 0.33007318303025895 0.5524296675191815 0.344382714086484 0.5524296675191815 0.344382714086484 0.5754475703324808 0.33007318303025895 0.5754475703324808
11 0.4016208383113845 0.6112531969309463 0.41306846315636453 0.6112531969309463 0.41306846315636453 0.6368286445012786 0.4016208383113845 0.6368286445012786
11 0.4607669000104483 0.6112531969309463 0.47507643106667347 0.6112531969309463 0.47507643106667347 0.6393861892583119 0.4607669000104483 0.6393861892583119
11 0.476030399803755 0.5728900255754475 0.4884319933858168 0.5728900255754475 0.4884319933858168 0.6061381074168798 0.476030399803755 0.6061381074168798
11 0.5189589929724303 0.6138107416879794 0.5294526490803287 0.6138107416879794 0.5294526490803287 0.6445012787723783 0.5189589929724303 0.6445012787723783
11 0.6000463356243726 0.6112531969309463 0.6105399917322708 0.6112531969309463 0.6105399917322708 0.6445012787723785 0.6000463356243726 0.6445012787723785
11 0.688765428172968 0.6010230179028133 0.7011670217550299 0.6010230179028133 0.7011670217550299 0.6419437340153452 0.688765428172968 0.6419437340153452
11 0.9415671434996116 0.6061381074168798 0.954922705818755 0.6061381074168798 0.954922705818755 0.649616368286445 0.9415671434996116 0.649616368286445
1 0.9472909559221016 0.5907928388746803 0.9759100180345517 0.5907928388746803 0.9759100180345517 0.659846547314578 0.9472909559221016 0.659846547314578
4 0.042928593168675304 0.015345268542199489 0.06963971780696214 0.015345268542199489 0.06963971780696214 0.4194373401534527 0.042928593168675304 0.4194373401534527
4 0.04006668695743029 0.38107416879795397 0.06677781159571713 0.38107416879795397 0.06677781159571713 0.9539641943734016 0.04006668695743029 0.9539641943734016
3 0.14214134182516933 0.12531969309462915 0.2098731221579681 0.12531969309462915 0.2098731221579681 0.25831202046035806 0.14214134182516933 0.25831202046035806
3 0.24040012174458172 0.13043478260869565 0.3033620583919721 0.13043478260869565 0.3033620583919721 0.24808184143222506 0.24040012174458172 0.24808184143222506
3 0.3882652759922411 0.12531969309462915 0.4512272126396315 0.12531969309462915 0.4512272126396315 0.24808184143222506 0.3882652759922411 0.24808184143222506
3 0.3043160271290538 0.5549872122762148 0.37490971367309767 0.5549872122762148 0.37490971367309767 0.6905370843989771 0.3043160271290538 0.6905370843989771
3 0.5246828053949204 0.5652173913043478 0.5905066482535557 0.5652173913043478 0.5905066482535557 0.6828644501278772 0.5246828053949204 0.6828644501278772
3 0.6048161793097809 0.5575447570332481 0.6696860534313347 0.5575447570332481 0.6696860534313347 0.6854219948849105 0.6048161793097809 0.6854219948849105
5 0.32339540187068727 0.13554987212276215 0.35106049524605576 0.13554987212276215 0.35106049524605576 0.22250639386189258 0.32339540187068727 0.22250639386189258
3 0.7383718025012151 0.59846547314578 0.7603130834540937 0.59846547314578 0.7603130834540937 0.6470588235294117 0.7383718025012151 0.6470588235294117
3 0.811827395256504 0.5498721227621484 0.8347226449464642 0.5498721227621484 0.8347226449464642 0.5907928388746803 0.811827395256504 0.5907928388746803
3 0.8356766136835457 0.59846547314578 0.8585718633735059 0.59846547314578 0.8585718633735059 0.649616368286445 0.8356766136835457 0.649616368286445
7 0.7221543339708267 0.6061381074168798 0.7288321151303985 0.6061381074168798 0.7288321151303985 0.6368286445012787 0.7221543339708267 0.6368286445012787
1 0.8633417070589143 0.6086956521739131 0.8719274256926494 0.6086956521739131 0.8719274256926494 0.6342710997442456 0.8633417070589143 0.6342710997442456
5 0.47030658738126496 0.59846547314578 0.4951097745453885 0.59846547314578 0.4951097745453885 0.6649616368286445 0.47030658738126496 0.6649616368286445
5 0.8185051764160758 0.6138107416879794 0.8251829575756474 0.6138107416879794 0.8251829575756474 0.6342710997442453 0.8185051764160758 0.6342710997442453
10 0.7736686457732371 0.5677749360613811 0.8165972389419125 0.5677749360613811 0.8165972389419125 0.5856777493606137 0.7736686457732371 0.5856777493606137
10 0.7717607082990737 0.5805626598465473 0.7746226145103187 0.5805626598465473 0.7746226145103187 0.6163682864450127 0.7717607082990737 0.6163682864450127
10 0.7755765832474004 0.6189258312020461 0.7879781768294621 0.6189258312020461 0.7879781768294621 0.6317135549872124 0.7755765832474004 0.6317135549872124
10 0.7574511772428487 0.6163682864450127 0.7708067395619921 0.6163682864450127 0.7708067395619921 0.6317135549872123 0.7574511772428487 0.6317135549872123
2 0.09253496749692232 0.14066496163682865 0.11447624844980082 0.14066496163682865 0.11447624844980082 0.22250639386189258 0.09253496749692232 0.22250639386189258
9 0.40639068199679285 0.5907928388746803 0.4311938691609163 0.5907928388746803 0.4311938691609163 0.6624040920716112 0.40639068199679285 0.6624040920716112
8 0.12020006087229086 0.29923273657289 0.17457627888594623 0.29923273657289 0.17457627888594623 0.38107416879795397 0.12020006087229086 0.38107416879795397
8 0.0791794051777789 0.2404092071611253 0.12687784203186256 0.2404092071611253 0.12687784203186256 0.28388746803069054 0.0791794051777789 0.28388746803069054
8 0.018125406004551793 0.3861892583120204 0.032434937060776894 0.3861892583120204 0.032434937060776894 0.5882352941176471 0.018125406004551793 0.5882352941176471
8 0.049606374328247015 0.6368286445012787 0.06105399917322711 0.6368286445012787 0.06105399917322711 0.6982097186700768 0.049606374328247015 0.6982097186700768
8 0.04865240559116534 0.17135549872122763 0.05914606169906374 0.17135549872122763 0.05914606169906374 0.2608695652173913 0.04865240559116534 0.2608695652173913
8 0.15072706045890438 0.16112531969309463 0.19365565362757972 0.16112531969309463 0.19365565362757972 0.21483375959079282 0.15072706045890438 0.21483375959079282
8 0.2442159966929084 0.1585677749360614 0.29286840228407374 0.1585677749360614 0.29286840228407374 0.21483375959079284 0.2442159966929084 0.21483375959079284
8 0.3882652759922411 0.16112531969309463 0.4474113376913048 0.16112531969309463 0.4474113376913048 0.21483375959079282 0.3882652759922411 0.21483375959079282
8 0.31480968323695224 0.6035805626598465 0.36250812009103595 0.6035805626598465 0.36250812009103595 0.6419437340153452 0.31480968323695224 0.6419437340153452
8 0.39494305715181277 0.670076726342711 0.44550340021714147 0.670076726342711 0.44550340021714147 0.7595907928388747 0.39494305715181277 0.7595907928388747
8 0.5351764615028187 0.6086956521739131 0.5790590234085755 0.6086956521739131 0.5790590234085755 0.639386189258312 0.5351764615028187 0.639386189258312
8 0.6153098354176794 0.6010230179028133 0.660146366060518 0.6010230179028133 0.660146366060518 0.6521739130434783 0.6153098354176794 0.6521739130434783
8 0.7660368958765837 0.8107416879795396 0.8165972389419124 0.8107416879795396 0.8165972389419124 0.8439897698209718 0.7660368958765837 0.8439897698209718
