10 0.07149666348903717 0.20437806729513114 0.08007626310772163 0.20437806729513114 0.08007626310772163 0.46828372700632 0.07149666348903717 0.46828372700632
10 0.08484270734032412 0.47820499240899617 0.12011439466158245 0.47820499240899617 0.12011439466158245 0.49804752321434875 0.08484270734032412 0.49804752321434875
10 0.21544327931363202 0.47820499240899617 0.2535748331744518 0.47820499240899617 0.2535748331744518 0.5000317762948839 0.21544327931363202 0.5000317762948839
10 0.16968541468064824 0.47622073932846093 0.1973307912297426 0.47622073932846093 0.1973307912297426 0.49606327013381346 0.16968541468064824 0.49606327013381346
10 0.2697807435653003 0.20834657345620167 0.2869399428026692 0.20834657345620167 0.2869399428026692 0.45240970236203787 0.2697807435653003 0.45240970236203787
10 0.4003813155386082 0.20040956113406064 0.40705433746425174 0.20040956113406064 0.40705433746425174 0.47820499240899617 0.4003813155386082 0.47820499240899617
10 0.3765490943755958 0.3432757829325989 0.4366062917063871 0.3432757829325989 0.4366062917063871 0.3710553260600925 0.3765490943755958 0.3710553260600925
10 0.4852240228789323 0.34724428909366944 0.5576739752144901 0.34724428909366944 0.5576739752144901 0.36510256681848674 0.4852240228789323 0.36510256681848674
10 0.30409914204003813 0.47622073932846093 0.33079122974261194 0.47622073932846093 0.33079122974261194 0.5000317762948839 0.30409914204003813 0.5000317762948839
10 0.33841754051477596 0.35319704833527527 0.34318398474737843 0.35319704833527527 0.34318398474737843 0.4643152208452495 0.33841754051477596 0.4643152208452495
10 0.336510962821735 0.34724428909366944 0.36129647283126787 0.34724428909366944 0.36129647283126787 0.367086819899022 0.336510962821735 0.367086819899022
10 0.3508102955195424 0.4801892454895314 0.3956148713060057 0.4801892454895314 0.3956148713060057 0.49804752321434875 0.3508102955195424 0.49804752321434875
10 0.4127740705433746 0.47622073932846093 0.43946615824594853 0.47622073932846093 0.43946615824594853 0.49804752321434875 0.4127740705433746 0.49804752321434875
10 0.46329837940896096 0.484157751650602 0.4938036224976168 0.484157751650602 0.4938036224976168 0.49804752321434875 0.46329837940896096 0.49804752321434875
10 0.5452812202097236 0.48217349857006664 0.5757864632983793 0.48217349857006664 0.5757864632983793 0.49407901705327817 0.5452812202097236 0.49407901705327817
10 0.2049571020019066 0.5119372947780955 0.21353670162059105 0.5119372947780955 0.21353670162059105 0.5932916710800409 0.2049571020019066 0.5932916710800409
10 0.20305052430886558 0.5774176464357589 0.4528122020972355 0.5774176464357589 0.4528122020972355 0.593291671080041 0.20305052430886558 0.593291671080041
10 0.44423260247855095 0.5119372947780955 0.4537654909437559 0.5119372947780955 0.4537654909437559 0.5893231649189704 0.44423260247855095 0.5893231649189704
10 0.6024785510009533 0.5297955725029128 0.6186844613918017 0.5297955725029128 0.6186844613918017 0.5813861525968294 0.6024785510009533 0.5813861525968294
10 0.6253574833174452 0.47622073932846093 0.6558627264061011 0.47622073932846093 0.6558627264061011 0.5000317762948839 0.6253574833174452 0.5000317762948839
10 0.671115347950429 0.47820499240899617 0.6978074356530028 0.47820499240899617 0.6978074356530028 0.5000317762948839 0.671115347950429 0.5000317762948839
10 0.7044804575786463 0.5099530416975603 0.7159199237368922 0.5099530416975603 0.7159199237368922 0.6428979980934224 0.7044804575786463 0.6428979980934224
10 0.7006673021925642 0.6171027080464639 0.7397521448999046 0.6171027080464639 0.7397521448999046 0.6448822511739575 0.7006673021925642 0.6448822511739575
10 0.7569113441372736 0.625039720368605 0.8141086749285035 0.625039720368605 0.8141086749285035 0.6448822511739574 0.7569113441372736 0.6448822511739574
10 0.7063870352716873 0.359149807576881 0.7121067683508104 0.359149807576881 0.7121067683508104 0.4742364862479257 0.7063870352716873 0.4742364862479257
10 0.7054337464251668 0.34922854217420474 0.7340324118207817 0.34922854217420474 0.7340324118207817 0.3651025668184867 0.7054337464251668 0.3651025668184867
10 0.7530981887511916 0.3492285421742046 0.7797902764537655 0.3492285421742046 0.7797902764537655 0.3651025668184867 0.7530981887511916 0.3651025668184867
10 0.8322211630123928 0.34724428909366944 0.8655862726406099 0.34724428909366944 0.8655862726406099 0.36311831373795145 0.8322211630123928 0.36311831373795145
10 0.918970448045758 0.34526003601313415 0.9551954242135368 0.34526003601313415 0.9551954242135368 0.36510256681848674 0.918970448045758 0.36510256681848674
10 0.7397521448999046 0.20040956113406064 0.746425166825548 0.20040956113406064 0.746425166825548 0.34724428909366944 0.7397521448999046 0.34724428909366944
10 0.6587225929456624 0.20834657345620167 0.6644423260247854 0.20834657345620167 0.6644423260247854 0.46828372700632 0.6587225929456624 0.46828372700632
10 0.15252621544327932 0.531779825583448 0.1630123927550048 0.531779825583448 0.1630123927550048 0.8214807753415951 0.15252621544327932 0.8214807753415951
10 0.12869399428026693 0.5297955725029128 0.14108674928503337 0.5297955725029128 0.14108674928503337 0.8115595099389189 0.12869399428026693 0.8115595099389189
10 0.8646329837940896 0.6190869611269992 0.8960915157292659 0.6190869611269992 0.8960915157292659 0.6468665042544929 0.8646329837940896 0.6468665042544929
11 0.06768350810295519 0.4464569431204321 0.08579599618684461 0.4464569431204321 0.08579599618684461 0.47225223316739035 0.06768350810295519 0.47225223316739035
11 0.10676835081029551 0.47026798008685516 0.12011439466158245 0.47026798008685516 0.12011439466158245 0.5059845355364897 0.10676835081029551 0.5059845355364897
11 0.18875119161105813 0.4722522331673904 0.19828408007626308 0.4722522331673904 0.19828408007626308 0.5020160293754192 0.18875119161105813 0.5020160293754192
11 0.2383222116301239 0.4742364862479257 0.2535748331744518 0.4742364862479257 0.2535748331744518 0.5000317762948839 0.2383222116301239 0.5000317762948839
11 0.2678741658722593 0.20437806729513114 0.28789323164918973 0.20437806729513114 0.28789323164918973 0.23017335734208944 0.2678741658722593 0.23017335734208944
11 0.36129647283126787 0.3194647459661758 0.37654909437559586 0.3194647459661758 0.37654909437559586 0.34327578293259886 0.36129647283126787 0.34327578293259886
10 0.36224976167778844 0.20040956113406064 0.3755958055290753 0.20040956113406064 0.3755958055290753 0.33533877061045797 0.36224976167778844 0.33533877061045797
11 0.12488083889418496 0.7837799668114251 0.14299332697807435 0.7837799668114251 0.14299332697807435 0.8135437630194541 0.12488083889418496 0.8135437630194541
11 0.14871306005719734 0.5297955725029128 0.16491897044804577 0.5297955725029128 0.16491897044804577 0.5555908625498711 0.14871306005719734 0.5555908625498711
11 0.440419447092469 0.5099530416975603 0.45567206863679693 0.5099530416975603 0.45567206863679693 0.5397168379055892 0.440419447092469 0.5397168379055892
11 0.31935176358436607 0.47026798008685516 0.3317445185891325 0.47026798008685516 0.3317445185891325 0.5020160293754192 0.31935176358436607 0.5020160293754192
11 0.349857006673022 0.3353387706104579 0.36224976167778844 0.3353387706104579 0.36224976167778844 0.37105532606009245 0.349857006673022 0.37105532606009245
11 0.42421353670162065 0.33930727677152844 0.4346997140133461 0.33930727677152844 0.4346997140133461 0.375023832221163 0.42421353670162065 0.375023832221163
11 0.5481410867492851 0.34526003601313415 0.5586272640610105 0.34526003601313415 0.5586272640610105 0.3690710729795572 0.5481410867492851 0.3690710729795572
11 0.4852240228789323 0.47820499240899617 0.49475691134413724 0.47820499240899617 0.49475691134413724 0.5000317762948839 0.4852240228789323 0.5000317762948839
11 0.4251668255481411 0.4682837270063199 0.44137273593898957 0.4682837270063199 0.44137273593898957 0.5020160293754191 0.4251668255481411 0.5020160293754191
11 0.3841754051477598 0.4722522331673904 0.3965681601525262 0.4722522331673904 0.3965681601525262 0.5000317762948839 0.3841754051477598 0.5000317762948839
11 0.559580552907531 0.47820499240899617 0.5748331744518589 0.47820499240899617 0.5748331744518589 0.49804752321434875 0.559580552907531 0.49804752321434875
11 0.6453765490943756 0.4742364862479257 0.6568160152526215 0.4742364862479257 0.6568160152526215 0.5059845355364897 0.6453765490943756 0.5059845355364897
11 0.6835081029551954 0.4682837270063199 0.6968541468064824 0.4682837270063199 0.6968541468064824 0.507968788617025 0.6835081029551954 0.507968788617025
11 0.7244995233555769 0.3412915298520637 0.7368922783603432 0.3412915298520637 0.7368922783603432 0.37105532606009245 0.7244995233555769 0.37105532606009245
11 0.7330791229742613 0.3174804928856406 0.75023832221163 0.3174804928856406 0.75023832221163 0.3412915298520637 0.7330791229742613 0.3412915298520637
11 0.657769304099142 0.20040956113406064 0.6682554814108677 0.20040956113406064 0.6682554814108677 0.2361261165836952 0.657769304099142 0.2361261165836952
11 0.7683508102955195 0.3353387706104579 0.7816968541468063 0.3353387706104579 0.7816968541468063 0.37105532606009245 0.7683508102955195 0.37105532606009245
11 0.8551000953288846 0.34526003601313415 0.8684461391801717 0.34526003601313415 0.8684461391801717 0.36311831373795145 0.8551000953288846 0.36311831373795145
11 0.9418493803622497 0.33930727677152844 0.9561487130600571 0.33930727677152844 0.9561487130600571 0.3670868198990219 0.9418493803622497 0.3670868198990219
11 0.7283126787416587 0.6032129364827172 0.7416587225929455 0.6032129364827172 0.7416587225929455 0.6567877696571691 0.7283126787416587 0.6567877696571691
11 0.8017159199237369 0.6151184549659288 0.8179218303145853 0.6151184549659288 0.8179218303145853 0.6488507573350281 0.8017159199237369 0.6488507573350281
11 0.882745471877979 0.609165695724323 0.897998093422307 0.609165695724323 0.897998093422307 0.6508350104155631 0.882745471877979 0.6508350104155631
1 0.8903717826501429 0.5952759241605762 0.9161105815061964 0.5952759241605762 0.9161105815061964 0.6607562758182397 0.8903717826501429 0.6607562758182397
4 0.008579599618684462 0.2758111781944003 0.034318398474737846 0.2758111781944003 0.034318398474737846 0.7381421459591144 0.008579599618684462 0.7381421459591144
4 0.008579599618684462 0.02182678388588779 0.037178265014299335 0.02182678388588779 0.037178265014299335 0.22025209193941317 0.008579599618684462 0.22025209193941317
4 0.008579599618684462 0.7798114606503548 0.03622497616777884 0.7798114606503548 0.03622497616777884 0.9841895279454861 0.008579599618684462 0.9841895279454861
3 0.11630123927550048 0.42859866539561486 0.17254528122020973 0.42859866539561486 0.17254528122020973 0.5397168379055891 0.11630123927550048 0.5397168379055891
3 0.2449952335557674 0.43653567771775587 0.3088655862726406 0.43653567771775587 0.3088655862726406 0.5357483317445185 0.2449952335557674 0.5357483317445185
3 0.43469971401334606 0.2996222151608233 0.4909437559580553 0.2996222151608233 0.4909437559580553 0.4127246407513328 0.43469971401334606 0.4127246407513328
3 0.48903717826501425 0.42463015923454434 0.5490943755958055 0.42463015923454434 0.5490943755958055 0.5436853440666596 0.48903717826501425 0.5436853440666596
3 0.5662535748331744 0.43256717155668534 0.6282173498570067 0.43256717155668534 0.6282173498570067 0.5397168379055891 0.5662535748331744 0.5397168379055891
3 0.776930409914204 0.29565370899975285 0.8388941849380361 0.29565370899975285 0.8388941849380361 0.41074038767079757 0.776930409914204 0.41074038767079757
3 0.8636796949475692 0.30359072132189385 0.9237368922783603 0.30359072132189385 0.9237368922783603 0.41470889383186804 0.8636796949475692 0.41470889383186804
3 0.8074356530028599 0.5714648871941531 0.8703527168732126 0.5714648871941531 0.8703527168732126 0.6805988066235921 0.8074356530028599 0.6805988066235921
5 0.19447092469018112 0.45042544928150263 0.22116301239275502 0.45042544928150263 0.22116301239275502 0.5198743071002365 0.19447092469018112 0.5198743071002365
5 0.4356530028598665 0.45439395544257316 0.46329837940896096 0.45439395544257316 0.46329837940896096 0.515905800939166 0.4356530028598665 0.515905800939166
5 0.6920877025738799 0.4563782085231084 0.7225929456625357 0.4563782085231084 0.7225929456625357 0.5139215478586308 0.6920877025738799 0.5139215478586308
0 0.5910390848427073 0.5555908625498711 0.6396568160152527 0.5555908625498711 0.6396568160152527 0.6548035165766338 0.5910390848427073 0.6548035165766338
2 0.05815061963775024 0.4682837270063199 0.0877025738798856 0.4682837270063199 0.0877025738798856 0.5178900540197011 0.05815061963775024 0.5178900540197011
2 0.38894184938036225 0.4623309677647141 0.4184938036224976 0.4623309677647141 0.4184938036224976 0.515905800939166 0.38894184938036225 0.515905800939166
2 0.3593898951382269 0.3353387706104579 0.37940896091515725 0.3353387706104579 0.37940896091515725 0.390897856865445 0.3593898951382269 0.390897856865445
1 0.5481410867492851 0.31946474596617586 0.5786463298379408 0.31946474596617586 0.5786463298379408 0.39883486918758604 0.5481410867492851 0.39883486918758604
2 0.7340324118207817 0.3333545175299227 0.7540514775977121 0.3333545175299227 0.7540514775977121 0.3849450976238392 0.7340324118207817 0.3849450976238392
2 0.6530028598665396 0.46431522084524945 0.6720686367969495 0.46431522084524945 0.6720686367969495 0.5178900540197012 0.6530028598665396 0.5178900540197012
2 0.9494756911344138 0.32740175828831686 0.9733079122974261 0.32740175828831686 0.9733079122974261 0.3849450976238392 0.9494756911344138 0.3849450976238392
5 0.328884652049571 0.46431522084524945 0.35653002859866545 0.46431522084524945 0.35653002859866545 0.5159058009391662 0.328884652049571 0.5159058009391662
8 0.03336510962821735 0.4722522331673904 0.042897998093422304 0.4722522331673904 0.042897998093422304 0.5397168379055891 0.03336510962821735 0.5397168379055891
8 0.016205910390848434 0.4186773999929386 0.025738798856053395 0.4186773999929386 0.025738798856053395 0.5972601772411115 0.016205910390848434 0.5972601772411115
8 0.01811248808388942 0.07937012322141015 0.026692087702573874 0.07937012322141015 0.026692087702573874 0.1627087526038908 0.01811248808388942 0.1627087526038908
8 0.05433746425166826 0.5178900540197012 0.10390848427073403 0.5178900540197012 0.10390848427073403 0.5496381033082655 0.05433746425166826 0.5496381033082655
8 0.18970448045757865 0.4206616530734738 0.22783603431839852 0.4206616530734738 0.22783603431839852 0.45637820852310834 0.18970448045757865 0.45637820852310834
8 0.25357483317445184 0.4603467146841789 0.30123927550047663 0.4603467146841789 0.30123927550047663 0.5317798255834482 0.25357483317445184 0.5317798255834482
8 0.32411820781696854 0.5655121279525473 0.3355576739752145 0.5655121279525473 0.3355576739752145 0.5774176464357589 0.32411820781696854 0.5774176464357589
8 0.01811248808388942 0.8651343431133707 0.027645376549094373 0.8651343431133707 0.027645376549094373 0.9246619355294282 0.01811248808388942 0.9246619355294282
8 0.38608198284080075 0.5198743071002365 0.4204003813155386 0.5198743071002365 0.4204003813155386 0.5516223563888006 0.38608198284080075 0.5516223563888006
8 0.3527168732125835 0.39089785686544504 0.38894184938036236 0.39089785686544504 0.38894184938036236 0.41470889383186815 0.3527168732125835 0.41470889383186815
8 0.438512869399428 0.3075592274829644 0.48617731172545275 0.3075592274829644 0.48617731172545275 0.3968506161070508 0.438512869399428 0.3968506161070508
8 0.5395614871306006 0.38891360378490974 0.5872259294566253 0.38891360378490974 0.5872259294566253 0.42066165307347386 0.5395614871306006 0.42066165307347386
8 0.4842707340324118 0.4563782085231084 0.548141086749285 0.4563782085231084 0.548141086749285 0.5337640786639832 0.4842707340324118 0.5337640786639832
8 0.567206863679695 0.46629947392578475 0.6320305052430887 0.46629947392578475 0.6320305052430887 0.5119372947780956 0.567206863679695 0.5119372947780956
8 0.6358436606291706 0.5198743071002365 0.6882745471877979 0.5198743071002365 0.6882745471877979 0.5397168379055891 0.6358436606291706 0.5397168379055891
8 0.5881792183031459 0.6508350104155631 0.6406101048617732 0.6508350104155631 0.6406101048617732 0.6607562758182396 0.5881792183031459 0.6607562758182396
8 0.7235462345090562 0.6627405288987748 0.773117254528122 0.6627405288987748 0.773117254528122 0.6786145535430569 0.7235462345090562 0.6786145535430569
9 0.7321258341277407 0.609165695724323 0.7635843660629171 0.609165695724323 0.7635843660629171 0.6528192634960984 0.7321258341277407 0.6528192634960984
8 0.7225929456625357 0.3869293507043745 0.765490943755958 0.3869293507043745 0.765490943755958 0.4047876284291918 0.7225929456625357 0.4047876284291918
8 0.8112488083889419 0.5992444303216466 0.86558627264061 0.5992444303216466 0.86558627264061 0.6627405288987749 0.8112488083889419 0.6627405288987749
8 0.878932316491897 0.6607562758182397 0.9265967588179217 0.6607562758182397 0.9265967588179217 0.6944885781873389 0.878932316491897 0.6944885781873389
8 0.9361296472831268 0.2996222151608233 0.9866539561487132 0.2996222151608233 0.9866539561487132 0.3234332521272464 0.9361296472831268 0.3234332521272464
8 0.7845567206863681 0.32144899904671115 0.8245948522402289 0.32144899904671115 0.8245948522402289 0.3968506161070508 0.7845567206863681 0.3968506161070508
8 0.8674928503336511 0.3234332521272464 0.9161105815061966 0.3234332521272464 0.9161105815061966 0.3889136037849097 0.8674928503336511 0.3889136037849097
8 0.12297426120114395 0.4623309677647141 0.16587225929456623 0.4623309677647141 0.16587225929456623 0.5218585601807717 0.12297426120114395 0.5218585601807717
10 0.9551954242135368 0.375023832221163 0.9666348903717829 0.375023832221163 0.9666348903717829 0.8016382445362424 0.9551954242135368 0.8016382445362424
11 0.9523355576739754 0.7778272075698195 0.9675881792183032 0.7778272075698195 0.9675881792183032 0.8075910037778484 0.9523355576739754 0.8075910037778484
