10 0.10009718172983488 0.08495178291096676 0.16326530612244905 0.08495178291096676 0.16326530612244905 0.1071989235254543 0.10009718172983488 0.1071989235254543
10 0.23517978620019442 0.09051356806458866 0.27891156462585037 0.09051356806458866 0.27891156462585037 0.1071989235254543 0.23517978620019442 0.1071989235254543
10 0.34985422740524785 0.09190401435299413 0.413022351797862 0.09190401435299413 0.413022351797862 0.10580847723704885 0.34985422740524785 0.10580847723704885
10 0.44314868804664725 0.08912312177618319 0.6297376093294461 0.08912312177618319 0.6297376093294461 0.10024669208342697 0.44314868804664725 0.10024669208342697
10 0.6550048590864919 0.0932944606413996 0.7016520894071917 0.0932944606413996 0.7016520894071917 0.1572549899080513 0.6550048590864919 0.1572549899080513
10 0.7755102040816326 0.15586454361964583 0.813411078717201 0.15586454361964583 0.813411078717201 0.17254989908051152 0.7755102040816326 0.17254989908051152
10 0.8872691933916422 0.1516932047544294 0.9222546161321672 0.1516932047544294 0.9222546161321672 0.17254989908051152 0.8872691933916422 0.17254989908051152
10 0.42371234207968905 0.11832249383269809 0.4334305150631682 0.11832249383269809 0.4334305150631682 0.21287284144427018 0.42371234207968905 0.21287284144427018
10 0.4217687074829932 0.1989683785602155 0.4742468415937803 0.1989683785602155 0.4742468415937803 0.2156537340210812 0.4217687074829932 0.2156537340210812
10 0.49659863945578236 0.20313971742543188 0.543245869776482 0.20313971742543188 0.543245869776482 0.2114823951558647 0.49659863945578236 0.2114823951558647
10 0.29543245869776485 0.13917918815878016 0.3070942662779398 0.13917918815878016 0.3070942662779398 0.21287284144427018 0.29543245869776485 0.21287284144427018
10 0.09426627793974741 0.20453016371383737 0.3080660835762877 0.20453016371383737 0.3080660835762877 0.21704418030948663 0.09426627793974741 0.21704418030948663
10 0.09523809523809533 0.20313971742543188 0.09912536443148698 0.20313971742543188 0.09912536443148698 0.48261942139493175 0.09523809523809533 0.48261942139493175
10 0.10592808551992235 0.4895716528369591 0.14674441205053462 0.4895716528369591 0.14674441205053462 0.5020856694326084 0.10592808551992235 0.5020856694326084
10 0.18075801749271142 0.49235254541377005 0.24975704567541304 0.49235254541377005 0.24975704567541304 0.5048665620094193 0.18075801749271142 0.5048665620094193
10 0.26044703595724006 0.2712715855573 0.2701652089407192 0.2712715855573 0.2701652089407192 0.4784480825297153 0.26044703595724006 0.4784480825297153
10 0.2585034013605443 0.2657098004036781 0.564625850340136 0.2657098004036781 0.564625850340136 0.2823951558645437 0.2585034013605443 0.2823951558645437
10 0.5607385811467442 0.24207221350078506 0.5685131195335276 0.24207221350078506 0.5685131195335276 0.2879569410181656 0.5607385811467442 0.2879569410181656
10 0.5830903790087463 0.24763399865440694 0.5966958211856171 0.24763399865440694 0.5966958211856171 0.38111684234133225 0.5830903790087463 0.38111684234133225
10 0.3799805636540331 0.37555505718771043 0.38775510204081637 0.37555505718771043 0.38775510204081637 0.46176272706884963 0.3799805636540331 0.46176272706884963
10 0.37512147716229355 0.36999327203408855 0.5937803692905733 0.36999327203408855 0.5937803692905733 0.3838977349181433 0.37512147716229355 0.3838977349181433
10 0.6326530612244898 0.11554160125588715 0.6433430515063169 0.11554160125588715 0.6433430515063169 0.5424086117963671 0.6326530612244898 0.5424086117963671
10 0.521865889212828 0.5271137026239069 0.6404275996112732 0.5271137026239069 0.6404275996112732 0.542408611796367 0.521865889212828 0.542408611796367
10 0.52089407191448 0.518771024893474 0.5364431486880465 0.518771024893474 0.5364431486880465 0.8232787620542724 0.52089407191448 0.8232787620542724
10 0.36540330417881445 0.6772819017716978 0.3858114674441206 0.6772819017716978 0.3858114674441206 0.687015025790536 0.36540330417881445 0.687015025790536
10 0.3770651117589893 0.6731105629064814 0.39358600583090386 0.6731105629064814 0.39358600583090386 0.866382596994842 0.3770651117589893 0.866382596994842
10 0.37317784256559766 0.8455259026687599 0.4927113702623907 0.8455259026687599 0.4927113702623907 0.8691634895716529 0.37317784256559766 0.8691634895716529
10 0.5607385811467444 0.8496972415339762 0.608357628765792 0.8496972415339762 0.608357628765792 0.8691634895716528 0.5607385811467444 0.8691634895716528
10 0.6141885325558795 0.6592061000224266 0.6248785228377064 0.6592061000224266 0.6248785228377064 0.8218883157658667 0.6141885325558795 0.8218883157658667
10 0.6112730806608357 0.6480825297151829 0.7288629737609331 0.6480825297151829 0.7288629737609331 0.6647678851760487 0.6112730806608357 0.6647678851760487
10 0.7230320699708455 0.20453016371383737 0.7298347910592808 0.20453016371383737 0.7298347910592808 0.6675487777528596 0.7230320699708455 0.6675487777528596
10 0.7463556851311953 0.20731105629064828 0.7609329446064139 0.20731105629064828 0.7609329446064139 0.7106526126934292 0.7463556851311953 0.7106526126934292
10 0.653061224489796 0.7009194886745909 0.7589893100097181 0.7009194886745909 0.7589893100097181 0.7106526126934292 0.653061224489796 0.7106526126934292
10 0.6491739552964042 0.6967481498093744 0.6598639455782311 0.6967481498093744 0.6598639455782311 0.8246692083426778 0.6491739552964042 0.8246692083426778
10 0.6773566569484938 0.8455259026687599 0.7142857142857143 0.8455259026687599 0.7142857142857143 0.8691634895716529 0.6773566569484938 0.8691634895716529
10 0.16034985422740533 0.5229423637586904 0.17201166180758026 0.5229423637586904 0.17201166180758026 0.6842341332137253 0.16034985422740533 0.6842341332137253
10 0.1564625850340137 0.6661583314644539 0.29834791059280863 0.6661583314644539 0.29834791059280863 0.6925768109441579 0.1564625850340137 0.6925768109441579
10 0.2769679300291546 0.49235254541377005 0.3498542274052478 0.49235254541377005 0.3498542274052478 0.5132092397398521 0.2769679300291546 0.5132092397398521
10 0.41496598639455784 0.49096209912536454 0.43926141885325565 0.49096209912536454 0.43926141885325565 0.5104283471630412 0.41496598639455784 0.5104283471630412
10 0.43051506316812443 0.48818120654855357 0.4431486880466473 0.48818120654855357 0.4431486880466473 0.5729984301412875 0.43051506316812443 0.5729984301412875
10 0.20991253644314875 0.5632653061224492 0.4489795918367347 0.5632653061224492 0.4489795918367347 0.5757793227180984 0.20991253644314875 0.5757793227180984
10 0.206997084548105 0.5132092397398521 0.2235179786200195 0.5132092397398521 0.2235179786200195 0.5799506615833147 0.206997084548105 0.5799506615833147
10 0.20796890184645295 0.5104283471630412 0.2643343051506317 0.5104283471630412 0.2643343051506317 0.5285041489123122 0.20796890184645295 0.5285041489123122
11 0.1486880466472304 0.0835613366225613 0.1661807580174928 0.0835613366225613 0.1661807580174928 0.11554160125588715 0.1486880466472304 0.11554160125588715
11 0.25947521865889217 0.0835613366225613 0.28085519922254615 0.0835613366225613 0.28085519922254615 0.10858936981385979 0.25947521865889217 0.10858936981385979
11 0.39358600583090386 0.08912312177618319 0.41399416909620984 0.08912312177618319 0.41399416909620984 0.10997981610226527 0.39358600583090386 0.10997981610226527
11 0.6112730806608357 0.08495178291096676 0.630709426627794 0.08495178291096676 0.630709426627794 0.10302758466023791 0.6112730806608357 0.10302758466023791
11 0.6880466472303207 0.13639829558196923 0.7026239067055392 0.13639829558196923 0.7026239067055392 0.16281677506167322 0.6880466472303207 0.16281677506167322
11 0.7988338192419824 0.15030275846602395 0.8172983479105927 0.15030275846602395 0.8172983479105927 0.173940345368917 0.7988338192419824 0.173940345368917
11 0.9096209912536444 0.14613141960080753 0.9261418853255589 0.14613141960080753 0.9261418853255589 0.1753307916573225 0.9096209912536444 0.1753307916573225
11 0.5306122448979592 0.19479703969499906 0.5422740524781341 0.19479703969499906 0.5422740524781341 0.223996411751514 0.5306122448979592 0.223996411751514
11 0.4567541302235181 0.19062570082978264 0.4752186588921284 0.19062570082978264 0.4752186588921284 0.21843462659789206 0.4567541302235181 0.21843462659789206
11 0.5801749271137026 0.244853106077596 0.6034985422740524 0.244853106077596 0.6034985422740524 0.2657098004036781 0.5801749271137026 0.2657098004036781
11 0.33333333333333337 0.4895716528369591 0.35082604470359585 0.4895716528369591 0.35082604470359585 0.5076474545862303 0.33333333333333337 0.5076474545862303
11 0.2546161321671527 0.46037228078044423 0.2740524781341108 0.46037228078044423 0.2740524781341108 0.4812289751065263 0.2546161321671527 0.4812289751065263
11 0.2322643343051507 0.48679076026014817 0.2546161321671527 0.48679076026014817 0.2546161321671527 0.5048665620094193 0.2322643343051507 0.5048665620094193
11 0.13702623906705547 0.4798385288181208 0.15063168124392623 0.4798385288181208 0.15063168124392623 0.5062570082978248 0.13702623906705547 0.5062570082978248
11 0.08940719144800788 0.4645436196456606 0.1030126336248786 0.4645436196456606 0.1030126336248786 0.4812289751065263 0.08940719144800788 0.4812289751065263
11 0.2769679300291546 0.6619869925992377 0.3002915451895044 0.6619869925992377 0.3002915451895044 0.6884054720789414 0.2769679300291546 0.6884054720789414
11 0.24586977648202143 0.4993047768557973 0.25655976676384845 0.4993047768557973 0.25655976676384845 0.5298945952007178 0.24586977648202143 0.5298945952007178
11 0.47424684159378033 0.8441354563803543 0.49757045675413025 0.8441354563803543 0.49757045675413025 0.8705539358600585 0.47424684159378033 0.8705539358600585
11 0.5898931000971817 0.8441354563803543 0.6103012633624879 0.8441354563803543 0.6103012633624879 0.8719443821484639 0.5898931000971817 0.8719443821484639
11 0.6316812439261419 0.11276070867907624 0.6491739552964042 0.11276070867907624 0.6491739552964042 0.13222695671675283 0.6316812439261419 0.13222695671675283
11 0.7444120505344994 0.20453016371383737 0.7638483965014576 0.20453016371383737 0.7638483965014576 0.23372953577035227 0.7444120505344994 0.23372953577035227
11 0.6103012633624879 0.7954698362861629 0.6239067055393585 0.7954698362861629 0.6239067055393585 0.8218883157658667 0.6103012633624879 0.8218883157658667
11 0.7045675413022352 0.842745010091949 0.7191448007774538 0.842745010091949 0.7191448007774538 0.8719443821484637 0.7045675413022352 0.8719443821484637
7 0.0641399416909622 0.0682664274501011 0.109815354713314 0.0682664274501011 0.109815354713314 0.12388427898631997 0.0641399416909622 0.12388427898631997
1 0.9183673469387754 0.1280556178515364 0.9582118561710397 0.1280556178515364 0.9582118561710397 0.20035882484862091 0.9183673469387754 0.20035882484862091
1 0.7133138969873662 0.8246692083426779 0.7482993197278912 0.8246692083426779 0.7482993197278912 0.8900201838977352 0.7133138969873662 0.8900201838977352
4 0.016520894071914587 0.0070867907602603425 0.05928085519922264 0.0070867907602603425 0.05928085519922264 0.31437542049786965 0.016520894071914587 0.31437542049786965
4 0.016520894071914587 0.28100470957613827 0.055393586005831004 0.28100470957613827 0.055393586005831004 0.9776183000672798 0.016520894071914587 0.9776183000672798
3 0.1584062196307095 0.04045750168199167 0.24586977648202143 0.04045750168199167 0.24586977648202143 0.14613141960080753 0.1584062196307095 0.14613141960080753
3 0.26822157434402333 0.04601928683561356 0.3576287657920311 0.04601928683561356 0.3576287657920311 0.14613141960080753 0.26822157434402333 0.14613141960080753
3 0.5374149659863946 0.15447409733124035 0.6171039844509232 0.15447409733124035 0.6171039844509232 0.2573671226732453 0.5374149659863946 0.2573671226732453
3 0.6958211856171039 0.1071989235254543 0.7813411078717201 0.1071989235254543 0.7813411078717201 0.21009194886745927 0.6958211856171039 0.21009194886745927
3 0.8046647230320702 0.10997981610226525 0.8911564625850342 0.10997981610226525 0.8911564625850342 0.21287284144427016 0.8046647230320702 0.21287284144427016
3 0.34013605442176875 0.44507737160798405 0.42371234207968905 0.44507737160798405 0.42371234207968905 0.5451895043731778 0.34013605442176875 0.5451895043731778
3 0.28474246841593787 0.6258353891006954 0.36929057337220605 0.6258353891006954 0.36929057337220605 0.7328997533079168 0.28474246841593787 0.7328997533079168
3 0.4839650145772595 0.8093742991702179 0.5724003887269193 0.8093742991702179 0.5724003887269193 0.9094864319354117 0.4839650145772595 0.9094864319354117
3 0.6005830903790087 0.8107647454586231 0.6861030126336248 0.8107647454586231 0.6861030126336248 0.9094864319354116 0.6005830903790087 0.9094864319354116
5 0.14577259475218668 0.46176272706884963 0.18367346938775514 0.46176272706884963 0.18367346938775514 0.518771024893474 0.14577259475218668 0.518771024893474
5 0.4081632653061225 0.0682664274501011 0.44703595724003886 0.0682664274501011 0.44703595724003886 0.1280556178515364 0.4081632653061225 0.1280556178515364
2 0.07482993197278921 0.4798385288181208 0.11078717201166191 0.4798385288181208 0.11078717201166191 0.5257232563355013 0.07482993197278921 0.5257232563355013
2 0.24101068999028188 0.47010540479928253 0.2886297376093295 0.47010540479928253 0.2886297376093295 0.527113702623907 0.24101068999028188 0.527113702623907
2 0.6258503401360545 0.0682664274501011 0.6569484936831875 0.0682664274501011 0.6569484936831875 0.11832249383269809 0.6258503401360545 0.11832249383269809
8 0.05006072454752807 0.12396694214876035 0.1261145176101188 0.12396694214876035 0.1261145176101188 0.1391184573002755 0.05006072454752807 0.1391184573002755
8 0.024067656032465422 0.11294765840220385 0.03562013092804883 0.11294765840220385 0.03562013092804883 0.21625344352617085 0.024067656032465422 0.21625344352617085
8 0.051023430788826686 0.43939393939393945 0.06257590568441009 0.43939393939393945 0.06257590568441009 0.4848484848484849 0.051023430788826686 0.4848484848484849
8 0.051023430788826686 0.643250688705234 0.06257590568441009 0.643250688705234 0.06257590568441009 0.7314049586776858 0.051023430788826686 0.7314049586776858
8 0.04909801830622945 0.8168044077134986 0.06450131816700733 0.8168044077134986 0.06450131816700733 0.9173553719008265 0.04909801830622945 0.9173553719008265
8 0.025030362273764036 0.5826446280991736 0.03658283716934743 0.5826446280991736 0.03658283716934743 0.6831955922865014 0.025030362273764036 0.6831955922865014
8 0.06065049320181285 0.522038567493113 0.12996534257531325 0.522038567493113 0.12996534257531325 0.544077134986226 0.06065049320181285 0.544077134986226
8 0.23393761663556376 0.5289256198347106 0.2965135223199739 0.5289256198347106 0.2965135223199739 0.5606060606060606 0.23393761663556376 0.5606060606060606
8 0.45632275837554426 0.23553719008264462 0.5111970141295655 0.23553719008264462 0.5111970141295655 0.2548209366391185 0.45632275837554426 0.2548209366391185
9 0.46883793951242636 0.1790633608815427 0.5015699517165794 0.1790633608815427 0.5015699517165794 0.23278236914600553 0.46883793951242636 0.23278236914600553
8 0.6016914008116354 0.12534435261707988 0.6748570751503302 0.12534435261707988 0.6748570751503302 0.1446280991735537 0.6016914008116354 0.1446280991735537
8 0.8962795106490121 0.19421487603305784 0.972333303711603 0.19421487603305784 0.972333303711603 0.20798898071625344 0.8962795106490121 0.20798898071625344
8 0.6122811694659204 0.8278236914600551 0.6719689564264346 0.8278236914600551 0.6719689564264346 0.8842975206611569 0.6122811694659204 0.8842975206611569
8 0.4967564205100862 0.834710743801653 0.5554815012293017 0.834710743801653 0.5554815012293017 0.8884297520661157 0.4967564205100862 0.8884297520661157
8 0.29940164104386985 0.6721763085399449 0.3639029592108772 0.6721763085399449 0.3639029592108772 0.6914600550964188 0.29940164104386985 0.6914600550964188
8 0.3484996593500992 0.4889807162534435 0.41588909624100245 0.4889807162534435 0.41588909624100245 0.5068870523415978 0.3484996593500992 0.5068870523415978
8 0.552593382505406 0.1790633608815427 0.6065049320181286 0.1790633608815427 0.6065049320181286 0.23966942148760334 0.552593382505406 0.23966942148760334
8 0.1636600610207648 0.08953168044077135 0.23393761663556384 0.08953168044077135 0.23393761663556384 0.1046831955922865 0.1636600610207648 0.1046831955922865
8 0.27725939749400164 0.0881542699724518 0.35042507183269656 0.0881542699724518 0.35042507183269656 0.10606060606060608 0.27725939749400164 0.10606060606060608
8 0.7027755561479904 0.15289256198347104 0.7759412304866848 0.15289256198347104 0.7759412304866848 0.1680440771349862 0.7027755561479904 0.1680440771349862
8 0.8173375988625255 0.1584022038567493 0.8789507983056369 0.1584022038567493 0.8789507983056369 0.1694214876033058 0.8173375988625255 0.1694214876033058
