10 0.09532888465204957 0.1389908660054493 0.16491897044804577 0.1389908660054493 0.16491897044804577 0.17008092813824718 0.09532888465204957 0.17008092813824718
10 0.24022878932316494 0.14447734755829597 0.31077216396568164 0.14447734755829597 0.31077216396568164 0.16642327376968272 0.24022878932316494 0.16642327376968272
10 0.33841754051477596 0.20482864463960948 0.349857006673022 0.20482864463960948 0.349857006673022 0.3895401902521144 0.33841754051477596 0.3895401902521144
10 0.1973307912297426 0.043891852422773464 0.2059103908484271 0.043891852422773464 0.2059103908484271 0.0987566679512403 0.1973307912297426 0.0987566679512403
10 0.19637750238322213 0.043891852422773464 0.6101048617731173 0.043891852422773464 0.6101048617731173 0.062180124265595736 0.19637750238322213 0.062180124265595736
10 0.6005719733079123 0.04754950679133792 0.6129647283126788 0.04754950679133792 0.6129647283126788 0.38771136306783216 0.6005719733079123 0.38771136306783216
10 0.3794089609151573 0.43343204267488794 0.44995233555767394 0.43343204267488794 0.44995233555767394 0.45354914170199245 0.3794089609151573 0.45354914170199245
10 0.47950428979980936 0.43343204267488794 0.5719733079122974 0.43343204267488794 0.5719733079122974 0.45903562325483915 0.47950428979980936 0.45903562325483915
10 0.46234509056244044 0.4700085863605325 0.47092469018112487 0.4700085863605325 0.47092469018112487 0.546819328100386 0.46234509056244044 0.546819328100386
10 0.0857959961868446 0.6656930950787309 0.09246901811248807 0.6656930950787309 0.09246901811248807 0.7699362445828178 0.0857959961868446 0.7699362445828178
10 0.08388941849380363 0.6602066135258837 0.47473784556720683 0.6602066135258837 0.47473784556720683 0.6784948853687062 0.08388941849380363 0.6784948853687062
10 0.46234509056244044 0.5888823533388773 0.4699714013346044 0.5888823533388773 0.4699714013346044 0.682152539737271 0.46234509056244044 0.682152539737271
10 0.10009532888465204 0.780909207688511 0.16301239275500476 0.780909207688511 0.16301239275500476 0.7991974795313335 0.10009532888465204 0.7991974795313335
10 0.23641563393708293 0.7827380348727934 0.3088655862726406 0.7827380348727934 0.3088655862726406 0.795539825162769 0.23641563393708293 0.795539825162769
10 0.336510962821735 0.7790803805042289 0.41944709246901807 0.7790803805042289 0.41944709246901807 0.7973686523470512 0.336510962821735 0.7973686523470512
10 0.4899904671115348 0.7772515533199467 0.5834127740705434 0.7772515533199467 0.5834127740705434 0.7991974795313335 0.4899904671115348 0.7991974795313335
10 0.31649189704480457 0.8138280970055912 0.3260247855100095 0.8138280970055912 0.3260247855100095 0.8906388387454449 0.31649189704480457 0.8906388387454449
11 0.15061963775023832 0.1335043844526026 0.1696854146806482 0.1335043844526026 0.1696854146806482 0.17373858250681165 0.15061963775023832 0.17373858250681165
11 0.19351763584366066 0.07132426018700687 0.20877025738798857 0.07132426018700687 0.20877025738798857 0.10241432231980474 0.19351763584366066 0.10241432231980474
11 0.29551954242135364 0.14264852037401374 0.3069590085795996 0.14264852037401374 0.3069590085795996 0.17008092813824718 0.29551954242135364 0.17008092813824718
11 0.336510962821735 0.3602789553035988 0.351763584366063 0.3602789553035988 0.351763584366063 0.3895401902521144 0.336510962821735 0.3895401902521144
11 0.4356530028598665 0.4316032154906057 0.4509056244041945 0.4316032154906057 0.4509056244041945 0.4517203145177102 0.4356530028598665 0.4517203145177102
11 0.555767397521449 0.4279455611220413 0.5719733079122974 0.4279455611220413 0.5719733079122974 0.45720679607055686 0.555767397521449 0.45720679607055686
11 0.45853193517635843 0.5175580931518704 0.4737845567206863 0.5175580931518704 0.4737845567206863 0.546819328100386 0.45853193517635843 0.546819328100386
11 0.08007626310772163 0.7406750096343022 0.09723546234509056 0.7406750096343022 0.09723546234509056 0.7662785902142533 0.08007626310772163 0.7662785902142533
11 0.14871306005719734 0.7772515533199467 0.16396568160152528 0.7772515533199467 0.16396568160152528 0.8046839610841802 0.14871306005719734 0.8046839610841802
11 0.2926596758817922 0.7772515533199467 0.31077216396568164 0.7772515533199467 0.31077216396568164 0.7991974795313335 0.2926596758817922 0.7991974795313335
11 0.40324118207816967 0.7772515533199467 0.41944709246901807 0.7772515533199467 0.41944709246901807 0.7991974795313335 0.40324118207816967 0.7991974795313335
11 0.5662535748331744 0.7735938989513822 0.5824594852240229 0.7735938989513822 0.5824594852240229 0.8046839610841802 0.5662535748331744 0.8046839610841802
11 0.3136320305052431 0.8668640853497759 0.328884652049571 0.8668640853497759 0.328884652049571 0.8961253202982915 0.3136320305052431 0.8961253202982915
7 0.06768350810295519 0.12436024853119147 0.10104861773117255 0.12436024853119147 0.10104861773117255 0.1920268543496339 0.06768350810295519 0.1920268543496339
4 0.0038131553860819827 0.003657654368564455 0.040038131553860816 0.003657654368564455 0.040038131553860816 0.29261234948515635 0.0038131553860819827 0.29261234948515635
4 0.0076263107721639654 0.2633511145366408 0.03431839847473784 0.2633511145366408 0.03431839847473784 0.6455759960516263 0.0076263107721639654 0.6455759960516263
4 0.0038131553860819827 0.6218012426559574 0.03431839847473784 0.6218012426559574 0.03431839847473784 0.9711072348538624 0.0038131553860819827 0.9711072348538624
3 0.16015252621544326 0.08778370484554693 0.24785510009532885 0.08778370484554693 0.24785510009532885 0.21580160774530288 0.16015252621544326 0.21580160774530288
3 0.30219256434699715 0.08961253202982915 0.38417540514775983 0.08961253202982915 0.38417540514775983 0.21580160774530283 0.30219256434699715 0.21580160774530283
3 0.30219256434699715 0.37490957277785664 0.38322211630123926 0.37490957277785664 0.38322211630123926 0.5010986484933304 0.30219256434699715 0.5010986484933304
3 0.5662535748331744 0.37125191840929217 0.6501429933269781 0.37125191840929217 0.6501429933269781 0.5029274756776125 0.5662535748331744 0.5029274756776125
3 0.15824594852240229 0.7260443921600443 0.24213536701620594 0.7260443921600443 0.24213536701620594 0.8504046406912357 0.15824594852240229 0.8504046406912357
3 0.41086749285033364 0.724215564975762 0.49857006673021925 0.724215564975762 0.49857006673021925 0.8540622950598 0.41086749285033364 0.8540622950598
5 0.44518589132507147 0.3986843261735256 0.4842707340324119 0.3986843261735256 0.4842707340324119 0.47549506791337914 0.44518589132507147 0.47549506791337914
5 0.3031458531935176 0.7498191455557134 0.34032411820781716 0.7498191455557134 0.34032411820781716 0.8156569241898735 0.3031458531935176 0.8156569241898735
2 0.07149666348903717 0.7534767999242777 0.10295519542421355 0.7534767999242777 0.10295519542421355 0.8193145785584378 0.07149666348903717 0.8193145785584378
2 0.3060057197330791 0.8869811843768803 0.34032411820781694 0.8869811843768803 0.34032411820781694 0.9509901358267583 0.3060057197330791 0.9509901358267583
2 0.44804575786463297 0.5376751921789749 0.4852240228789323 0.5376751921789749 0.4852240228789323 0.5980264892602885 0.44804575786463297 0.5980264892602885
2 0.5738798856053384 0.747990318371431 0.6091515729265966 0.747990318371431 0.6091515729265966 0.8284587144798491 0.5738798856053384 0.8284587144798491
8 0.012392755004766451 0.08778370484554693 0.03050524308865587 0.08778370484554693 0.03050524308865587 0.21214395337673844 0.012392755004766451 0.21214395337673844
8 0.014299332697807442 0.3950266718049612 0.025738798856053388 0.3950266718049612 0.025738798856053388 0.530359883441846 0.014299332697807442 0.530359883441846
8 0.013346043851286906 0.7059272931329391 0.02669208770257388 0.7059272931329391 0.02669208770257388 0.8961253202982913 0.013346043851286906 0.8961253202982913
8 0.2697807435653003 0.8376028504012603 0.3203050524308865 0.8376028504012603 0.3203050524308865 0.859548776612647 0.2697807435653003 0.859548776612647
8 0.48617731172545287 0.5523058096532327 0.5519542421353671 0.5523058096532327 0.5519542421353671 0.5925400077074419 0.48617731172545287 0.5925400077074419
8 0.5090562440419447 0.4791527222819436 0.5367016205910391 0.4791527222819436 0.5367016205910391 0.4992698213090481 0.5090562440419447 0.4992698213090481
8 0.42802669208770255 0.4773238950976614 0.46425166825548136 0.4773238950976614 0.46425166825548136 0.4992698213090481 0.42802669208770255 0.4992698213090481
8 0.4366062917063871 0.3584501281193166 0.49761677788369874 0.3584501281193166 0.49761677788369874 0.39868432617352556 0.4366062917063871 0.39868432617352556
8 0.1715919923736892 0.12070259416262703 0.2316491897044804 0.12070259416262703 0.2316491897044804 0.19751333590248052 0.1715919923736892 0.19751333590248052
8 0.313632030505243 0.11887376697834473 0.37940896091515725 0.11887376697834473 0.37940896091515725 0.19751333590248057 0.313632030505243 0.19751333590248057
8 0.3107721639656816 0.41331494364778343 0.37464251668255477 0.41331494364778343 0.37464251668255477 0.4773238950976615 0.3107721639656816 0.4773238950976615
8 0.5738798856053388 0.4005131533578079 0.6396568160152526 0.4005131533578079 0.6396568160152526 0.48281037665050813 0.5738798856053388 0.48281037665050813
8 0.5586272640610105 0.8174857513741557 0.6244041944709248 0.8174857513741557 0.6244041944709248 0.8504046406912357 0.5586272640610105 0.8504046406912357
8 0.36129647283126787 0.7534767999242777 0.3860819828408007 0.7534767999242777 0.3860819828408007 0.7699362445828178 0.36129647283126787 0.7699362445828178
8 0.2926596758817922 0.7187290834229154 0.3489037178265014 0.7187290834229154 0.3489037178265014 0.7425038368185845 0.2926596758817922 0.7425038368185845
8 0.1677788369876072 0.7589632814771243 0.23260247855100094 0.7589632814771243 0.23260247855100094 0.8193145785584378 0.1677788369876072 0.8193145785584378
8 0.4184938036224976 0.7516479727399955 0.4928503336510962 0.7516479727399955 0.4928503336510962 0.8138280970055913 0.4184938036224976 0.8138280970055913
