10 0.1260827718960539 0.1460093394645849 0.1838306063522618 0.1460093394645849 0.1838306063522618 0.16426050689765803 0.1260827718960539 0.16426050689765803
10 0.2743022136669875 0.15264612762206603 0.30798845043310874 0.15264612762206603 0.30798845043310874 0.16094211281891743 0.2743022136669875 0.16094211281891743
10 0.30317613089509143 0.1460093394645849 0.3089509143407122 0.1460093394645849 0.3089509143407122 0.4430056095118655 0.30317613089509143 0.4430056095118655
10 0.30028873917228105 0.43636882135438443 0.3474494706448508 0.43636882135438443 0.3474494706448508 0.4496423976693467 0.30028873917228105 0.4496423976693467
10 0.39076034648700675 0.05475350229921934 0.4003849855630413 0.05475350229921934 0.4003849855630413 0.381615319055165 0.39076034648700675 0.381615319055165
10 0.38787295476419636 0.05475350229921934 0.697786333012512 0.05475350229921934 0.697786333012512 0.07134547269292216 0.38787295476419636 0.07134547269292216
10 0.43888354186718 0.43305042727564386 0.48026948989412904 0.43305042727564386 0.48026948989412904 0.4496423976693467 0.43888354186718 0.4496423976693467
10 0.49085659287776706 0.14766853650395517 0.5370548604427334 0.14766853650395517 0.5370548604427334 0.1659197039370283 0.49085659287776706 0.1659197039370283
10 0.49278152069297404 0.14766853650395517 0.5004812319538018 0.14766853650395517 0.5004812319538018 0.4131400628032004 0.49278152069297404 0.4131400628032004
10 0.5120307988450433 0.43305042727564386 0.5774783445620789 0.43305042727564386 0.5774783445620789 0.451301594708717 0.5120307988450433 0.451301594708717
10 0.5659287776708374 0.43139123023627357 0.5774783445620789 0.43139123023627357 0.5774783445620789 0.7117955298898514 0.5659287776708374 0.7117955298898514
10 0.5649663137632339 0.6968627565355188 0.6246390760346487 0.6968627565355188 0.6246390760346487 0.7167731210079622 0.5649663137632339 0.7167731210079622
10 0.7122232916265641 0.6952035594961485 0.7603464870067372 0.6952035594961485 0.7603464870067372 0.715113923968592 0.7122232916265641 0.715113923968592
10 0.8508180943214628 0.6968627565355188 0.9056785370548603 0.6968627565355188 0.9056785370548603 0.715113923968592 0.8508180943214628 0.715113923968592
10 0.6284889316650626 0.14932773354332546 0.6775745909528392 0.14932773354332546 0.6775745909528392 0.1659197039370283 0.6284889316650626 0.1659197039370283
10 0.6881616939364774 0.05475350229921934 0.6968238691049087 0.05475350229921934 0.6968238691049087 0.1277581720315118 0.6881616939364774 0.1277581720315118
10 0.7074109720885466 0.14766853650395517 0.890279114533205 0.14766853650395517 0.890279114533205 0.1659197039370283 0.7074109720885466 0.1659197039370283
11 0.16843118383060635 0.14269094538584431 0.18190567853705486 0.14269094538584431 0.18190567853705486 0.16923809801576886 0.16843118383060635 0.16923809801576886
11 0.3368623676612127 0.43305042727564386 0.3474494706448508 0.43305042727564386 0.3474494706448508 0.45627918582682786 0.3368623676612127 0.45627918582682786
11 0.38594802694898933 0.3583865605039811 0.4032723772858517 0.3583865605039811 0.4032723772858517 0.3782969249764245 0.38594802694898933 0.3782969249764245
11 0.46487006737247355 0.43139123023627357 0.48411934552454283 0.43139123023627357 0.48411934552454283 0.4546199887874576 0.46487006737247355 0.4546199887874576
11 0.6082771896053898 0.6902259683780376 0.6284889316650626 0.6902259683780376 0.6284889316650626 0.7200915150867027 0.6082771896053898 0.7200915150867027
11 0.5226179018286814 0.1443501424252146 0.5380173243503369 0.1443501424252146 0.5380173243503369 0.1675789009763986 0.5226179018286814 0.1675789009763986
11 0.6641000962463908 0.1460093394645849 0.6814244465832531 0.1460093394645849 0.6814244465832531 0.16757890097639858 0.6641000962463908 0.16757890097639858
11 0.8691049085659288 0.14103174834647406 0.8912415784408083 0.14103174834647406 0.8912415784408083 0.16757890097639858 0.8691049085659288 0.16757890097639858
11 0.7439846005774784 0.691885165417408 0.7632338787295476 0.691885165417408 0.7632338787295476 0.7167731210079622 0.7439846005774784 0.7167731210079622
11 0.8873917228103946 0.691885165417408 0.9066410009624638 0.691885165417408 0.9066410009624638 0.715113923968592 0.8873917228103946 0.715113923968592
7 0.0933589990375361 0.1260989749921415 0.13089509143407121 0.1260989749921415 0.13089509143407121 0.19080765952758252 0.0933589990375361 0.19080765952758252
1 0.8950914340712224 0.6752931950237051 0.9297401347449471 0.6752931950237051 0.9297401347449471 0.7333650914016652 0.8950914340712224 0.7333650914016652
1 0.8816169393647738 0.11780298979529008 0.917228103946102 0.11780298979529008 0.917228103946102 0.18914846248821224 0.8816169393647738 0.18914846248821224
4 0.032723772858517804 0.003318394078740566 0.07218479307025986 0.003318394078740566 0.07218479307025986 0.3202250285984646 0.032723772858517804 0.3202250285984646
4 0.03849855630413859 0.2820634966929481 0.06929740134744948 0.2820634966929481 0.06929740134744948 0.5840373578583395 0.03849855630413859 0.5840373578583395
4 0.03464870067372473 0.5641269933858962 0.068334937439846 0.5641269933858962 0.068334937439846 0.8146657463308089 0.03464870067372473 0.8146657463308089
3 0.17709335899903753 0.08130065492914387 0.28007699711260825 0.08130065492914387 0.28007699711260825 0.23062838847246933 0.17709335899903753 0.23062838847246933
3 0.5293551491819056 0.0862782460472547 0.6371511068334937 0.0862782460472547 0.6371511068334937 0.2273099943937288 0.5293551491819056 0.2273099943937288
3 0.3474494706448508 0.37000093977957316 0.4446583253128008 0.37000093977957316 0.4446583253128008 0.5110326881260472 0.3474494706448508 0.5110326881260472
5 0.4735322425409047 0.404844077606349 0.5139557266602502 0.404844077606349 0.5139557266602502 0.47618955029927107 0.4735322425409047 0.47618955029927107
5 0.6717998075072186 0.1260989749921415 0.7122232916265641 0.1260989749921415 0.7122232916265641 0.19246685656695284 0.6717998075072186 0.19246685656695284
3 0.6179018286814244 0.6354724660788184 0.7189605389797884 0.6354724660788184 0.7189605389797884 0.7848001996221436 0.6179018286814244 0.7848001996221436
3 0.7574590952839269 0.6304948749607074 0.8546679499518768 0.6304948749607074 0.8546679499518768 0.7781634114646626 0.7574590952839269 0.7781634114646626
8 0.09246901811248807 0.19227547158910363 0.14013346043851288 0.19227547158910363 0.14013346043851288 0.2382901143625643 0.09246901811248807 0.2382901143625643
8 0.18779790276453764 0.13147040792417342 0.2621544327931363 0.13147040792417342 0.2621544327931363 0.19227547158910363 0.18779790276453764 0.19227547158910363
8 0.010486177311725454 0.3286760198104336 0.032411820781696854 0.3286760198104336 0.032411820781696854 0.49137064961659815 0.010486177311725454 0.49137064961659815
8 0.044804575786463297 0.3861943232772594 0.06101048617731171 0.3861943232772594 0.06101048617731171 0.4930140297156504 0.044804575786463297 0.4930140297156504
8 0.04099142040038126 0.08545576515071271 0.06291706387035277 0.08545576515071271 0.06291706387035277 0.24157687456066868 0.04099142040038126 0.24157687456066868
8 0.0428979980934223 0.6359880983331888 0.0638703527168732 0.6359880983331888 0.0638703527168732 0.7575982256630492 0.0428979980934223 0.7575982256630492
8 0.4652049571020019 0.48808388941849373 0.5243088655862727 0.48808388941849373 0.5243088655862727 0.5324551520929022 0.4652049571020019 0.5324551520929022
8 0.5243088655862727 0.39934136406967674 0.551954242135367 0.39934136406967674 0.551954242135367 0.4223486854564071 0.5243088655862727 0.4223486854564071
8 0.46901811248808384 0.36318700189052905 0.48903717826501425 0.36318700189052905 0.48903717826501425 0.38783770337631157 0.46901811248808384 0.38783770337631157
8 0.3517635843660629 0.4322089660507202 0.43660629170638704 0.4322089660507202 0.43660629170638704 0.45850304763555483 0.3517635843660629 0.45850304763555483
8 0.6644423260247855 0.2037791322824688 0.7206863679694947 0.2037791322824688 0.7206863679694947 0.24650701485782514 0.6644423260247855 0.24650701485782514
8 0.7244995233555769 0.1643380099052168 0.7397521448999047 0.1643380099052168 0.7397521448999047 0.17912843079668628 0.7244995233555769 0.17912843079668628
8 0.7025738798856054 0.06902196416019105 0.7235462345090562 0.06902196416019105 0.7235462345090562 0.09038590544786923 0.7025738798856054 0.09038590544786923
8 0.8665395614871306 0.19556223178720797 0.9256434699714013 0.19556223178720797 0.9256434699714013 0.23335997406540784 0.8665395614871306 0.23335997406540784
8 0.8856053384175405 0.744451184870632 0.9399428026692088 0.744451184870632 0.9399428026692088 0.7904658276440927 0.8856053384175405 0.7904658276440927
8 0.540514775977121 0.14790420891469508 0.6205910390848426 0.14790420891469508 0.6205910390848426 0.16762477010332105 0.540514775977121 0.16762477010332105
8 0.5176358436606292 0.9679508783417268 0.657769304099142 0.9679508783417268 0.657769304099142 0.9975317201246658 0.5176358436606292 0.9975317201246658
8 0.6348903717826501 0.6754292207104409 0.7016205910390849 0.6754292207104409 0.7016205910390849 0.7428078047715797 0.6348903717826501 0.7428078047715797
8 0.7626310772163966 0.6984365420971713 0.8493803622497615 0.6984365420971713 0.8493803622497615 0.7165137231867451 0.7626310772163966 0.7165137231867451
