8 0.07795957651588063 0.6337164317122421 0.15110683349374393 0.6337164317122421 0.15110683349374393 0.7494385627205641 0.07795957651588063 0.7494385627205641
8 0.21174205967276227 0.48493083470154175 0.29355149181905676 0.48493083470154175 0.29355149181905676 0.5731000773745494 0.21174205967276227 0.5731000773745494
8 0.3888354186717999 0.37471928136028226 0.4157844080846968 0.37471928136028226 0.4157844080846968 0.418803902696786 0.3888354186717999 0.418803902696786
8 0.43599615014436954 0.4959519900356677 0.4562078922040423 0.4959519900356677 0.4562078922040423 0.5400366113721715 0.43599615014436954 0.5400366113721715
8 0.35899903753609247 0.5868765215422068 0.4446583253128008 0.5868765215422068 0.4446583253128008 0.6695351865481516 0.35899903753609247 0.6695351865481516
8 0.17131857555341676 0.214912529015456 0.22136669874879691 0.214912529015456 0.22136669874879691 0.26175243918549124 0.17131857555341676 0.26175243918549124
8 0.5024061597690087 0.46839910170035287 0.588065447545717 0.46839910170035287 0.588065447545717 0.5786106550416124 0.5024061597690087 0.5786106550416124
8 0.6679499518768046 0.48768612353507323 0.7603464870067372 0.48768612353507323 0.7603464870067372 0.5620789220404235 0.6679499518768046 0.5620789220404235
8 0.6467757459095282 0.22593368434958197 0.7613089509143407 0.22593368434958197 0.7613089509143407 0.3471663930249673 0.6467757459095282 0.3471663930249673
10 0.14436958614051973 0.5014625677027307 0.19826756496631376 0.5014625677027307 0.19826756496631376 0.5455471890392345 0.14436958614051973 0.5455471890392345
10 0.30317613089509143 0.5042178565362622 0.3849855630413859 0.5042178565362622 0.3849855630413859 0.542791900205703 0.30317613089509143 0.542791900205703
10 0.4225216554379211 0.5042178565362622 0.4927815206929741 0.5042178565362622 0.4927815206929741 0.548302477872766 0.4225216554379211 0.548302477872766
10 0.3984600577478345 0.220423106682519 0.4071222329162657 0.220423106682519 0.4071222329162657 0.4628885240332899 0.3984600577478345 0.4628885240332899
10 0.27815206929740127 0.20940195134839304 0.40230991337824823 0.20940195134839304 0.40230991337824823 0.24797599501783385 0.27815206929740127 0.24797599501783385
10 0.24446583253128004 0.3030817716884636 0.2608277189605389 0.3030817716884636 0.2608277189605389 0.45186736869916394 0.24446583253128004 0.45186736869916394
10 0.5957651588065448 0.5069731453697937 0.6612127045235804 0.5069731453697937 0.6612127045235804 0.5483024778727661 0.5957651588065448 0.5483024778727661
10 0.7651588065447545 0.5014625677027307 0.8229066410009626 0.5014625677027307 0.8229066410009626 0.548302477872766 0.7651588065447545 0.548302477872766
10 0.7006737247353224 0.36920870369321934 0.7237728585178055 0.36920870369321934 0.7237728585178055 0.44635679103210096 0.7006737247353224 0.44635679103210096
11 0.18383060635226178 0.49870727886919913 0.19826756496631376 0.49870727886919913 0.19826756496631376 0.548302477872766 0.18383060635226178 0.548302477872766
11 0.24254090471607312 0.4188039026967861 0.2608277189605389 0.4188039026967861 0.2608277189605389 0.45462265753269543 0.24254090471607312 0.45462265753269543
11 0.36573628488931653 0.5014625677027307 0.3849855630413859 0.5014625677027307 0.3849855630413859 0.5455471890392345 0.36573628488931653 0.5455471890392345
11 0.2762271414821944 0.20113608484779857 0.29162656400384984 0.20113608484779857 0.29162656400384984 0.2534865726848968 0.2762271414821944 0.2534865726848968
11 0.4754571703561117 0.49870727886919913 0.4908565928777671 0.49870727886919913 0.4908565928777671 0.548302477872766 0.4754571703561117 0.548302477872766
11 0.6429258902791145 0.5014625677027307 0.6602502406159769 0.5014625677027307 0.6602502406159769 0.548302477872766 0.6429258902791145 0.548302477872766
11 0.8065447545717036 0.4959519900356677 0.8190567853705485 0.4959519900356677 0.8190567853705485 0.5455471890392346 0.8065447545717036 0.5455471890392346
1 0.8180943214629451 0.4380909245315064 0.8816169393647731 0.4380909245315064 0.8816169393647731 0.617184698711053 0.8180943214629451 0.617184698711053
2 0.08373435996150146 0.4491120798656326 0.1482194417709336 0.4491120798656326 0.1482194417709336 0.6309611428787105 0.08373435996150146 0.6309611428787105
3 0.19538017324350337 0.44635679103210096 0.30895091434071215 0.44635679103210096 0.30895091434071215 0.6061635433769273 0.19538017324350337 0.6061635433769273
3 0.4879692011549566 0.4380909245315065 0.6025024061597689 0.4380909245315065 0.6025024061597689 0.6226952763781163 0.4879692011549566 0.6226952763781163
3 0.6592877767083735 0.44635679103210096 0.769971126082772 0.44635679103210096 0.769971126082772 0.6226952763781163 0.6592877767083735 0.6226952763781163
3 0.6390760346487007 0.18460435184660967 0.7709335899903754 0.18460435184660967 0.7709335899903754 0.38298514786087673 0.6390760346487007 0.38298514786087673
5 0.37824831568816175 0.46013323519975846 0.42829643888354174 0.46013323519975846 0.42829643888354174 0.5951423880428014 0.37824831568816175 0.5951423880428014
