8 0.19056785370548604 0.5124630919560855 0.2743022136669875 0.5124630919560855 0.2743022136669875 0.5518833297988612 0.19056785370548604 0.5518833297988612
8 0.3279313632030505 0.5104700198736489 0.42897998093422307 0.5104700198736489 0.42897998093422307 0.5538527411093698 0.3279313632030505 0.5538527411093698
8 0.4861773117254529 0.4945630220872179 0.5624404194470923 0.4945630220872179 0.5624404194470923 0.5668675574800859 0.4861773117254529 0.5668675574800859
8 0.6282173498570067 0.5075778384579342 0.6949475691134414 0.5075778384579342 0.6949475691134414 0.5596371039407994 0.6282173498570067 0.5596371039407994
8 0.782650142993327 0.5119161105815062 0.8512869399428027 0.5119161105815062 0.8512869399428027 0.5524066504015124 0.782650142993327 0.5524066504015124
8 0.6482364156339371 0.6796626326929602 0.6720686367969495 0.6796626326929602 0.6720686367969495 0.698461811895106 0.6482364156339371 0.698461811895106
8 0.7311725452812202 0.5249309269522225 0.7464251668255482 0.5249309269522225 0.7464251668255482 0.5408379247386534 0.7311725452812202 0.5408379247386534
8 0.8112488083889419 0.6840009048165324 0.8255481410867492 0.6840009048165324 0.8255481410867492 0.7042461747265354 0.8112488083889419 0.7042461747265354
8 0.8760724499523356 0.7302758074679679 0.9609151572926597 0.7302758074679679 0.9609151572926597 0.7476288959622563 0.8760724499523356 0.7476288959622563
8 0.6129647283126788 0.8242717034786965 0.7054337464251669 0.8242717034786965 0.7054337464251669 0.8647622432987025 0.6129647283126788 0.8647622432987025
8 0.7845567206863681 0.8387326105572701 0.8541468064823642 0.8387326105572701 0.8541468064823642 0.8734387875458468 0.7845567206863681 0.8734387875458468
8 0.8884652049571018 0.845963064096557 0.9094375595805528 0.845963064096557 0.9094375595805528 0.8633161525908453 0.8884652049571018 0.8633161525908453
8 0.3431839847473784 0.8792231503772763 0.41182078169685415 0.8792231503772763 0.41182078169685415 0.9197136901972823 0.3431839847473784 0.9197136901972823
8 0.4775977121067683 0.2487276017514663 0.5347950428979981 0.2487276017514663 0.5347950428979981 0.2718650530771841 0.4775977121067683 0.2718650530771841
8 0.29551954242135364 0.24294323892003686 0.38894184938036225 0.24294323892003686 0.38894184938036225 0.28632596015575773 0.29551954242135364 0.28632596015575773
8 0.30505243088655865 0.08531935176358438 0.37368922783603437 0.08531935176358438 0.37368922783603437 0.1070107123814448 0.30505243088655865 0.1070107123814448
8 0.6758817921830313 0.0766428075164402 0.7550047664442326 0.0766428075164402 0.7550047664442326 0.11568725662858899 0.6758817921830313 0.11568725662858899
8 0.16301239275500476 0.0766428075164402 0.2621544327931363 0.0766428075164402 0.2621544327931363 0.11568725662858899 0.16301239275500476 0.11568725662858899
8 0.32983794089609153 0.1735308849428835 0.35176358436606286 0.1735308849428835 0.35176358436606286 0.18654570131359977 0.32983794089609153 0.18654570131359977
8 0.5195424213536701 0.08387326105572701 0.5328884652049573 0.08387326105572701 0.5328884652049573 0.10845680308930217 0.5195424213536701 0.10845680308930217
8 0.6110581506196378 0.183653519897885 0.6282173498570067 0.183653519897885 0.6282173498570067 0.20100660839217335 0.6110581506196378 0.20100660839217335
8 0.034318398474737846 0.6464025464122409 0.05147759771210677 0.6464025464122409 0.05147759771210677 0.8387326105572701 0.034318398474737846 0.8387326105572701
8 0.03336510962821735 0.13593252653859206 0.053384175405147755 0.13593252653859206 0.053384175405147755 0.23137451325717798 0.03336510962821735 0.23137451325717798
10 0.10486177311725452 0.4974552035029326 0.13918017159199234 0.4974552035029326 0.13918017159199234 0.5119161105815062 0.10486177311725452 0.5119161105815062
10 0.13536701620591038 0.5003473849186474 0.14204003813155386 0.5003473849186474 0.14204003813155386 0.5350535619072241 0.13536701620591038 0.5350535619072241
10 0.13536701620591038 0.5263770176600798 0.1811248808388942 0.5263770176600798 0.1811248808388942 0.5364996526150814 0.13536701620591038 0.5364996526150814
10 0.2793136320305053 0.5234848362443651 0.32983794089609164 0.5234848362443651 0.32983794089609164 0.5422840154465108 0.2793136320305053 0.5422840154465108
10 0.42707340324118204 0.5234848362443651 0.47569113441372735 0.5234848362443651 0.47569113441372735 0.5393918340307962 0.42707340324118204 0.5393918340307962
10 0.5738798856053384 0.5220387455365078 0.6148713060057197 0.5220387455365078 0.6148713060057197 0.5422840154465108 0.5738798856053384 0.5422840154465108
10 0.7092469018112488 0.5263770176600798 0.767397521448999 0.5263770176600798 0.767397521448999 0.5408379247386533 0.7092469018112488 0.5408379247386533
10 0.8674928503336512 0.5249309269522225 0.9275500476644425 0.5249309269522225 0.9275500476644425 0.5422840154465108 0.8674928503336512 0.5422840154465108
10 0.13536701620591038 0.08676544247144174 0.16205910390848427 0.08676544247144174 0.16205910390848427 0.1041185309657301 0.13536701620591038 0.1041185309657301
10 0.2631077216396568 0.08531935176358438 0.2897998093422307 0.08531935176358438 0.2897998093422307 0.10411853096573008 0.2631077216396568 0.10411853096573008
10 0.38798856053384173 0.08965762388715647 0.6663489037178265 0.08965762388715647 0.6663489037178265 0.10556462167358746 0.38798856053384173 0.10556462167358746
10 0.7654909437559582 0.08965762388715647 0.8827454718779791 0.08965762388715647 0.8827454718779791 0.10556462167358746 0.7654909437559582 0.10556462167358746
10 0.3355576739752145 0.14750125220145097 0.3469971401334605 0.14750125220145097 0.3469971401334605 0.20968315263931753 0.3355576739752145 0.20968315263931753
10 0.39180171591992374 0.25451196458289577 0.4623450905624404 0.25451196458289577 0.4623450905624404 0.2704189623693267 0.39180171591992374 0.2704189623693267
10 0.5548141086749285 0.2559580552907531 0.6272640610104862 0.2559580552907531 0.6272640610104862 0.2704189623693267 0.5548141086749285 0.2704189623693267
10 0.5052430886558628 0.18509961060574237 0.5109628217349856 0.18509961060574237 0.5109628217349856 0.21402142476288963 0.5052430886558628 0.21402142476288963
10 0.5042897998093422 0.18654570131359974 0.7149666348903717 0.18654570131359974 0.7149666348903717 0.19811442697645865 0.5042897998093422 0.19811442697645865
10 0.7102001906577694 0.14750125220145097 0.7178265014299333 0.14750125220145097 0.7178265014299333 0.19811442697645867 0.7102001906577694 0.19811442697645867
10 0.20305052430886555 0.35863049554862586 0.21258341277407053 0.35863049554862586 0.21258341277407053 0.4396115751886382 0.20305052430886555 0.4396115751886382
10 0.3260247855100095 0.3542922234250538 0.33651096282173504 0.3542922234250538 0.33651096282173504 0.4005671260764894 0.3260247855100095 0.4005671260764894
10 0.2621544327931363 0.39767494466077463 0.27073403241182076 0.39767494466077463 0.27073403241182076 0.4453959380200676 0.2621544327931363 0.4453959380200676
10 0.2631077216396568 0.38899840041363043 0.3326978074356531 0.38899840041363043 0.3326978074356531 0.4063514889079188 0.2631077216396568 0.4063514889079188
10 0.3717826501429933 0.582774555266517 0.3841754051477598 0.582774555266517 0.3841754051477598 0.7114766282658223 0.3717826501429933 0.7114766282658223
10 0.3746425166825549 0.7635358937486871 0.38226882745471885 0.7635358937486871 0.38226882745471885 0.845963064096557 0.3746425166825549 0.845963064096557
10 0.655862726406101 0.582774555266517 0.665395614871306 0.582774555266517 0.665395614871306 0.7953498893215494 0.655862726406101 0.7953498893215494
10 0.8141086749285035 0.587112827390089 0.8236415633937084 0.587112827390089 0.8236415633937084 0.8155951592315522 0.8141086749285035 0.8155951592315522
10 0.869399428026692 0.5552988318172272 0.9008579599618683 0.5552988318172272 0.9008579599618683 0.5654214667722287 0.869399428026692 0.5654214667722287
10 0.8960915157292659 0.5581910132329418 0.9056244041944709 0.5581910132329418 0.9056244041944709 0.5943432809293759 0.8960915157292659 0.5943432809293759
10 0.899904671115348 0.5900050088058039 0.9161105815061965 0.5900050088058039 0.9161105815061965 0.6044659158843775 0.899904671115348 0.6044659158843775
10 0.9142040038131553 0.6001276437608053 0.9218303145853194 0.6001276437608053 0.9218303145853194 0.6362799114572394 0.9142040038131553 0.6362799114572394
10 0.8665395614871306 0.8474091548044143 0.9313632030505243 0.8474091548044143 0.9313632030505243 0.8676544247144174 0.8665395614871306 0.8676544247144174
10 0.7121067683508103 0.8358404291415554 0.7721639656816015 0.8358404291415554 0.7721639656816015 0.8662083340065602 0.7121067683508103 0.8662083340065602
11 0.1982840800762631 0.4222584866943498 0.21353670162059102 0.4222584866943498 0.21353670162059102 0.4453959380200676 0.1982840800762631 0.4453959380200676
11 0.15061963775023832 0.08531935176358438 0.16396568160152525 0.08531935176358438 0.16396568160152525 0.10411853096573008 0.15061963775023832 0.10411853096573008
11 0.27645376549094375 0.0882115331792991 0.29075309818875117 0.0882115331792991 0.29075309818875117 0.10556462167358745 0.27645376549094375 0.10556462167358745
11 0.3336510962821735 0.19233006414502918 0.34699714013346045 0.19233006414502918 0.34699714013346045 0.21402142476288963 0.3336510962821735 0.21402142476288963
11 0.6530028598665396 0.08676544247144174 0.6682554814108675 0.08676544247144174 0.6682554814108675 0.10845680308930218 0.6530028598665396 0.10845680308930218
11 0.869399428026692 0.08531935176358438 0.882745471877979 0.08531935176358438 0.882745471877979 0.10556462167358745 0.869399428026692 0.10556462167358745
11 0.7121067683508103 0.1460551614935936 0.7187797902764538 0.1460551614935936 0.7187797902764538 0.15906997786430985 0.7121067683508103 0.15906997786430985
11 0.44709246901811256 0.25161978316718103 0.4604385128693995 0.25161978316718103 0.4604385128693995 0.2718650530771841 0.44709246901811256 0.2718650530771841
11 0.6120114394661582 0.25451196458289577 0.6272640610104862 0.25451196458289577 0.6272640610104862 0.2718650530771841 0.6120114394661582 0.2718650530771841
11 0.16968541468064824 0.5220387455365078 0.18493803622497615 0.5220387455365078 0.18493803622497615 0.5393918340307962 0.16968541468064824 0.5393918340307962
11 0.3145853193517636 0.5205926548286505 0.3279313632030505 0.5205926548286505 0.3279313632030505 0.5379457433229388 0.3145853193517636 0.5379457433229388
11 0.4613918017159199 0.5220387455365078 0.4775977121067683 0.5220387455365078 0.4775977121067683 0.5422840154465108 0.4613918017159199 0.5422840154465108
11 0.5996186844613918 0.5177004734129357 0.6148713060057198 0.5177004734129357 0.6148713060057198 0.5408379247386534 0.5996186844613918 0.5408379247386534
11 0.7550047664442324 0.5249309269522225 0.7664442326024783 0.5249309269522225 0.7664442326024783 0.5437301061543682 0.7550047664442324 0.5437301061543682
11 0.9113441372735939 0.5220387455365078 0.9237368922783603 0.5220387455365078 0.9237368922783603 0.5422840154465108 0.9113441372735939 0.5422840154465108
11 0.6539561487130601 0.7736585287036888 0.6663489037178265 0.7736585287036888 0.6663489037178265 0.7924577079058347 0.6539561487130601 0.7924577079058347
11 0.7550047664442324 0.845963064096557 0.7683508102955193 0.845963064096557 0.7683508102955193 0.8662083340065602 0.7550047664442324 0.8662083340065602
11 0.8102955195424214 0.5842206459743744 0.8274547187797903 0.5842206459743744 0.8274547187797903 0.6059120065922347 0.8102955195424214 0.6059120065922347
11 0.9161105815061964 0.845963064096557 0.9294566253574833 0.845963064096557 0.9294566253574833 0.8691005154222748 0.9161105815061964 0.8691005154222748
11 0.36796949475691126 0.6912313583558192 0.38703527168732127 0.6912313583558192 0.38703527168732127 0.7143688096815368 0.36796949475691126 0.7143688096815368
11 0.3231649189704481 0.3542922234250538 0.3374642516682555 0.3542922234250538 0.3374642516682555 0.36730703979577 0.3231649189704481 0.36730703979577
7 0.09437559580552905 0.06507408185358131 0.13918017159199234 0.06507408185358131 0.13918017159199234 0.12580989158359054 0.09437559580552905 0.12580989158359054
1 0.6215443279313633 0.23282060396503523 0.6673021925643469 0.23282060396503523 0.6673021925643469 0.2921103229871872 0.6215443279313633 0.2921103229871872
2 0.8789323164918971 0.062181900437866575 0.9227836034318397 0.062181900437866575 0.9227836034318397 0.12870207299930525 0.8789323164918971 0.12870207299930525
1 0.9199237368922786 0.49890129421079005 0.9656816015252626 0.49890129421079005 0.9656816015252626 0.5639753760643714 0.9199237368922786 0.5639753760643714
1 0.9275500476644425 0.8271638848944118 0.9675881792183033 0.8271638848944118 0.9675881792183033 0.8907918760401352 0.9275500476644425 0.8907918760401352
4 0.019065776930409915 0.005784362831429449 0.0667302192564347 0.005784362831429449 0.0667302192564347 0.36152267696434065 0.019065776930409915 0.36152267696434065
4 0.020972354623450908 0.4294889402336366 0.06387035271687322 0.4294889402336366 0.06387035271687322 0.9992486791294374 0.020972354623450908 0.9992486791294374
3 0.1563393708293613 0.03615226769643406 0.2669208770257388 0.03615226769643406 0.2669208770257388 0.15473170574073775 0.1563393708293613 0.15473170574073775
3 0.6615824594852239 0.03904444911214878 0.7664442326024785 0.03904444911214878 0.7664442326024785 0.15762388715645245 0.6615824594852239 0.15762388715645245
3 0.2859866539561487 0.2038987898078881 0.3965681601525262 0.2038987898078881 0.3965681601525262 0.3224782278521918 0.2859866539561487 0.3224782278521918
3 0.1754051477597712 0.4743177521772147 0.28693994280266916 0.4743177521772147 0.28693994280266916 0.5885589180979464 0.1754051477597712 0.5885589180979464
3 0.3250714966634891 0.4743177521772147 0.4346997140133461 0.4743177521772147 0.4346997140133461 0.5914510995136611 0.3250714966634891 0.5914510995136611
3 0.4699714013346044 0.4743177521772148 0.5815061963775023 0.4743177521772148 0.5815061963775023 0.5957893716372333 0.4699714013346044 0.5957893716372333
3 0.763584366062917 0.4757638428850722 0.8732125834127742 0.4757638428850722 0.8732125834127742 0.5914510995136611 0.763584366062917 0.5914510995136611
3 0.6053384175405148 0.7881194357822623 0.7140133460438511 0.7881194357822623 0.7140133460438511 0.9038066924108514 0.6053384175405148 0.9038066924108514
3 0.32221163012392756 0.8416247919729849 0.4356530028598666 0.8416247919729849 0.4356530028598666 0.9616503207251458 0.32221163012392756 0.9616503207251458
5 0.2878932316491897 0.03759835840429142 0.39275500476644415 0.03759835840429142 0.39275500476644415 0.1460551614935936 0.2878932316491897 0.1460551614935936
5 0.4604385128693994 0.2111292433471749 0.5586272640610105 0.2111292433471749 0.5586272640610105 0.32103213714433443 0.4604385128693994 0.32103213714433443
5 0.6072449952335558 0.47287166146935744 0.7130600571973308 0.47287166146935744 0.7130600571973308 0.5856667366822318 0.6072449952335558 0.5856667366822318
5 0.7664442326024785 0.8040264335686934 0.8741658722592945 0.8040264335686934 0.8741658722592945 0.9124832366579956 0.7664442326024785 0.9124832366579956
0 0.886558627264061 0.6333877300415247 0.9475691134413727 0.6333877300415247 0.9475691134413727 0.7317218981758253 0.886558627264061 0.7317218981758253
2 0.06291706387035272 0.4743177521772148 0.10676835081029551 0.4743177521772148 0.10676835081029551 0.5350535619072241 0.06291706387035272 0.5350535619072241
9 0.3546234509056244 0.7071383561422502 0.40133460438512863 0.7071383561422502 0.40133460438512863 0.7678741658722594 0.3546234509056244 0.7678741658722594
