10 0.09528392685274302 0.07112310607939831 0.10587102983638116 0.07112310607939831 0.10587102983638116 0.40747612857988613 0.09528392685274302 0.40747612857988613
10 0.09913378248315688 0.18521642208176645 0.13570741097208855 0.18521642208176645 0.13570741097208855 0.1970702730949995 0.09913378248315688 0.1970702730949995
10 0.17035611164581327 0.23263182613469865 0.20692974013474497 0.23263182613469865 0.20692974013474497 0.25041260265454823 0.17035611164581327 0.25041260265454823
10 0.1693936477382098 0.23559528888800696 0.17613089509143406 0.23559528888800696 0.17613089509143406 0.3896953520600366 0.1693936477382098 0.3896953520600366
10 0.11068334937439846 0.4089578599565403 0.15591915303176132 0.4089578599565403 0.15591915303176132 0.4237751737230816 0.11068334937439846 0.4237751737230816
10 0.18768046198267566 0.41043959133319446 0.2088546679499519 0.41043959133319446 0.2088546679499519 0.4267386364763899 0.18768046198267566 0.4267386364763899
10 0.28007699711260825 0.41043959133319446 0.30413859480269484 0.41043959133319446 0.30413859480269484 0.4222934423464275 0.28007699711260825 0.4222934423464275
10 0.33493743984600577 0.41192132270984855 0.4889316650625601 0.41192132270984855 0.4889316650625601 0.42525690509973574 0.33493743984600577 0.42525690509973574
10 0.48604427333974976 0.23263182613469865 0.4918190567853705 0.23263182613469865 0.4918190567853705 0.4237751737230816 0.48604427333974976 0.4237751737230816
10 0.48411934552454283 0.23707702026466104 0.5101058710298364 0.23707702026466104 0.5101058710298364 0.2489308712778941 0.48411934552454283 0.2489308712778941
10 0.28007699711260825 0.2341135575113528 0.30317613089509143 0.2341135575113528 0.30317613089509143 0.24744913990124 0.28007699711260825 0.24744913990124
10 0.3368623676612127 0.2341135575113528 0.4619826756496631 0.2341135575113528 0.4619826756496631 0.2489308712778941 0.3368623676612127 0.2489308712778941
10 0.45139557266602504 0.2281866320047363 0.4629451395572665 0.2281866320047363 0.4629451395572665 0.5423136838554122 0.45139557266602504 0.5423136838554122
10 0.31472569778633297 0.26967511055105176 0.3224254090471608 0.26967511055105176 0.3224254090471608 0.38673188930672825 0.31472569778633297 0.38673188930672825
10 0.31183830606352264 0.5556492662452993 0.34937439846005774 0.5556492662452993 0.34937439846005774 0.5660213858818781 0.31183830606352264 0.5660213858818781
10 0.4215591915303176 0.552685803491991 0.44177093358999037 0.552685803491991 0.44177093358999037 0.5660213858818781 0.4215591915303176 0.5660213858818781
10 0.4523580365736285 0.585283893778382 0.4619826756496631 0.585283893778382 0.4619826756496631 0.6801147018842465 0.4523580365736285 0.6801147018842465
10 0.4465832531280077 0.6727060450009757 0.4966313763233878 0.6727060450009757 0.4966313763233878 0.6830781646375547 0.4465832531280077 0.6830781646375547
10 0.5659287776708374 0.6712243136243216 0.591915303176131 0.6712243136243216 0.591915303176131 0.6860416273908628 0.5659287776708374 0.6860416273908628
10 0.5235803657362849 0.1822529593284582 0.5303176130895092 0.1822529593284582 0.5303176130895092 0.21929624374481144 0.5235803657362849 0.21929624374481144
10 0.5226179018286814 0.2667116477977437 0.5303176130895092 0.2667116477977437 0.5303176130895092 0.5615761917519159 0.5226179018286814 0.5615761917519159
10 0.4706448508180943 0.5541675348686452 0.5283926852743022 0.5541675348686452 0.5283926852743022 0.5675031172585325 0.4706448508180943 0.5675031172585325
10 0.5418671799807507 0.23263182613469865 0.5649663137632339 0.23263182613469865 0.5649663137632339 0.25041260265454823 0.5418671799807507 0.25041260265454823
10 0.6381135707410971 0.2341135575113528 0.6650625601539942 0.2341135575113528 0.6650625601539942 0.24744913990124 0.6381135707410971 0.24744913990124
10 0.5245428296438883 0.17928949657514992 0.7025986525505293 0.17928949657514992 0.7025986525505293 0.18966161621172883 0.5245428296438883 0.18966161621172883
10 0.6227141482194417 0.6712243136243216 0.7016361886429258 0.6712243136243216 0.7016361886429258 0.6845598960142087 0.6227141482194417 0.6845598960142087
10 0.6958614051973051 0.1733625710685334 0.7054860442733398 0.1733625710685334 0.7054860442733398 0.6830781646375546 0.6958614051973051 0.6830781646375546
10 0.6044273339749759 0.7038224039107125 0.6111645813282002 0.7038224039107125 0.6111645813282002 0.8268061081730054 0.6044273339749759 0.8268061081730054
10 0.6034648700673725 0.8208791826663889 0.6592877767083735 0.8208791826663889 0.6592877767083735 0.8327330336796219 0.6034648700673725 0.8327330336796219
10 0.6929740134744946 0.8519955415761257 0.6987487969201155 0.8519955415761257 0.6987487969201155 0.9038561397590202 0.6929740134744946 0.9038561397590202
10 0.6958614051973051 0.8934840201224414 0.7487969201154957 0.8934840201224414 0.7487969201154957 0.899410945629058 0.6958614051973051 0.899410945629058
10 0.7815206929740135 0.8860753632391707 0.8229066410009624 0.8860753632391707 0.8229066410009624 0.8979292142524037 0.7815206929740135 0.8979292142524037
10 0.7526467757459094 0.2341135575113528 0.7805582290664098 0.2341135575113528 0.7805582290664098 0.2430039457712776 0.7526467757459094 0.2430039457712776
10 0.7979085016484239 0.23559528888800696 0.8315947384145453 0.23559528888800696 0.8315947384145453 0.24744913990124 0.7979085016484239 0.24744913990124
10 0.9027911453320501 0.23559528888800696 0.9268527430221367 0.23559528888800696 0.9268527430221367 0.24744913990124 0.9027911453320501 0.24744913990124
10 0.8017324350336862 0.08149522571597725 0.8123195380173244 0.08149522571597725 0.8123195380173244 0.1215019728856388 0.8017324350336862 0.1215019728856388
10 0.782483156881617 0.11409331600236815 0.8075072184793071 0.11409331600236815 0.8075072184793071 0.12298370426229292 0.782483156881617 0.12298370426229292
10 0.782483156881617 0.112611584625714 0.7892204042348412 0.112611584625714 0.7892204042348412 0.22374143787477388 0.782483156881617 0.22374143787477388
10 0.7507218479307026 0.2296683633813904 0.7574590952839267 0.2296683633813904 0.7574590952839267 0.8297695709263136 0.7507218479307026 0.8297695709263136
10 0.7295476419634264 0.8179157199130807 0.753609239653513 0.8179157199130807 0.753609239653513 0.832733033679622 0.7295476419634264 0.832733033679622
11 0.09432146294513956 0.3837684265534201 0.10587102983638112 0.3837684265534201 0.10587102983638112 0.3985857403199614 0.09432146294513956 0.3985857403199614
11 0.163618864292589 0.3763597696701495 0.1799807507218479 0.3763597696701495 0.1799807507218479 0.3867318893067284 0.163618864292589 0.3867318893067284
11 0.14821944177093357 0.40451266582657797 0.15976900866217517 0.40451266582657797 0.15976900866217517 0.42822036785304396 0.14821944177093357 0.42822036785304396
11 0.20211742059672763 0.40451266582657797 0.21366698748796925 0.40451266582657797 0.21366698748796925 0.42822036785304396 0.20211742059672763 0.42822036785304396
11 0.2781520692974013 0.22670490062808213 0.2897016361886429 0.22670490062808213 0.2897016361886429 0.25041260265454823 0.2781520692974013 0.25041260265454823
11 0.3320500481231954 0.22374143787477385 0.3484119345524543 0.22374143787477385 0.3484119345524543 0.2548577967845106 0.3320500481231954 0.2548577967845106
11 0.3108758421559192 0.2637481850444354 0.3282001924927816 0.2637481850444354 0.3282001924927816 0.28449242431759325 0.3108758421559192 0.28449242431759325
11 0.4985563041385948 0.2311500947580445 0.5129932627526468 0.2311500947580445 0.5129932627526468 0.24893087127789407 0.4985563041385948 0.24893087127789407
11 0.5178055822906641 0.2000337358483078 0.5322425409047161 0.2000337358483078 0.5322425409047161 0.22225970649811974 0.5178055822906641 0.22225970649811974
11 0.5543792107795957 0.2296683633813904 0.5678537054860444 0.2296683633813904 0.5678537054860444 0.24744913990123996 0.5543792107795957 0.24744913990123996
11 0.5187680461982676 0.2622664536677813 0.5303176130895092 0.2622664536677813 0.5303176130895092 0.28301069294093906 0.5187680461982676 0.28301069294093906
11 0.4302213666987488 0.551204072115337 0.44369586140519734 0.551204072115337 0.44369586140519734 0.5660213858818781 0.4302213666987488 0.5660213858818781
11 0.3387872954764196 0.5497223407386829 0.3512993262752646 0.5497223407386829 0.3512993262752646 0.5704665800118407 0.3387872954764196 0.5704665800118407
11 0.2945139557266602 0.40599439720323205 0.3060635226179018 0.40599439720323205 0.3060635226179018 0.4252569050997358 0.2945139557266602 0.4252569050997358
11 0.48700673724735327 0.6667791194943592 0.49759384023099135 0.6667791194943592 0.49759384023099135 0.6860416273908628 0.48700673724735327 0.6860416273908628
11 0.5813282001924928 0.6652973881177051 0.5938402309913379 0.6652973881177051 0.5938402309913379 0.6860416273908628 0.5813282001924928 0.6860416273908628
11 0.6477382098171318 0.8179157199130807 0.6621751684311838 0.8179157199130807 0.6621751684311838 0.8386599591862385 0.6477382098171318 0.8386599591862385
11 0.739172281039461 0.889038825992479 0.753609239653513 0.889038825992479 0.753609239653513 0.9053378711356744 0.739172281039461 0.9053378711356744
11 0.8103946102021174 0.8845936318625167 0.8267564966313763 0.8845936318625167 0.8267564966313763 0.900892677005712 0.8103946102021174 0.900892677005712
11 0.6554379210779596 0.2296683633813904 0.6679499518768045 0.2296683633813904 0.6679499518768045 0.25485779678451065 0.6554379210779596 0.25485779678451065
11 0.7690086621751684 0.2296683633813904 0.7795957651588067 0.2296683633813904 0.7795957651588067 0.24744913990123996 0.7690086621751684 0.24744913990123996
11 0.7786333012512033 0.20892412410823255 0.7930702598652551 0.20892412410823255 0.7930702598652551 0.225223169251428 0.7786333012512033 0.225223169251428
11 0.8200538122716873 0.23263182613469865 0.8316033791629289 0.23263182613469865 0.8316033791629289 0.2489308712778941 0.8200538122716873 0.2489308712778941
11 0.9172281039461019 0.2296683633813904 0.9287776708373435 0.2296683633813904 0.9287776708373435 0.2489308712778941 0.9172281039461019 0.2489308712778941
1 0.9230028873917228 0.21485104961484908 0.9518768046198266 0.21485104961484908 0.9518768046198266 0.2637481850444354 0.9230028873917228 0.2637481850444354
1 0.6583253128007701 0.21929624374481146 0.6891241578440809 0.21929624374481146 0.6891241578440809 0.2622664536677813 0.6583253128007701 0.2622664536677813
4 0.007699711260827719 0.16595391418526273 0.04427333974975939 0.16595391418526273 0.04427333974975939 0.3407982166304503 0.007699711260827719 0.3407982166304503
4 0.00962463907603465 0.3274626342405631 0.041385948026949 0.3274626342405631 0.041385948026949 0.4993434739324424 0.00962463907603465 0.4993434739324424
4 0.00962463907603465 0.4830444287892469 0.04427333974975938 0.4830444287892469 0.04427333974975938 0.6267723723246976 0.00962463907603465 0.6267723723246976
4 0.007699711260827719 0.6104733271815023 0.04523580365736286 0.6104733271815023 0.04523580365736286 0.755683002093607 0.007699711260827719 0.755683002093607
4 0.008662175168431183 0.7467926138336822 0.04523580365736285 0.7467926138336822 0.04523580365736285 0.9364542300454112 0.008662175168431183 0.9364542300454112
3 0.20692974013474494 0.19855200447165364 0.28200192492781523 0.19855200447165364 0.28200192492781523 0.2830106929409391 0.20692974013474494 0.2830106929409391
3 0.20500481231953802 0.3704328441635329 0.28200192492781523 0.3704328441635329 0.28200192492781523 0.45340980125616426 0.20500481231953802 0.45340980125616426
3 0.563041385948027 0.20447892997827016 0.6400384985563041 0.20447892997827016 0.6400384985563041 0.27856549881097675 0.563041385948027 0.27856549881097675
3 0.8296438883541868 0.20447892997827016 0.9056785370548605 0.20447892997827016 0.9056785370548605 0.2800472301876309 0.8296438883541868 0.2800472301876309
3 0.3474494706448508 0.518605981828946 0.42540904716073147 0.518605981828946 0.42540904716073147 0.6015829389215774 0.3474494706448508 0.6015829389215774
3 0.49566891241578437 0.6356627605846225 0.5707410972088546 0.6356627605846225 0.5707410972088546 0.720121449053908 0.49566891241578437 0.720121449053908
3 0.6573628488931665 0.7867993610033439 0.7333974975938402 0.7867993610033439 0.7333974975938402 0.8682945867193212 0.6573628488931665 0.8682945867193212
5 0.15495668912415783 0.38228669517676594 0.18768046198267566 0.38228669517676594 0.18768046198267566 0.4445194129962395 0.15495668912415783 0.4445194129962395
5 0.30510105871029836 0.20447892997827016 0.33493743984600577 0.20447892997827016 0.33493743984600577 0.2622664536677813 0.30510105871029836 0.2622664536677813
5 0.3041385948026945 0.3852501579300742 0.33589990375360884 0.3852501579300742 0.33589990375360884 0.44896460712620184 0.3041385948026945 0.44896460712620184
10 0.314725697786333 0.44155595024293115 0.3233878729547642 0.44155595024293115 0.3233878729547642 0.5660213858818781 0.314725697786333 0.5660213858818781
5 0.507218479307026 0.2104058554848867 0.5457170356111646 0.2104058554848867 0.5457170356111646 0.26671164779774365 0.507218479307026 0.26671164779774365
5 0.43984600577478344 0.5274963700888708 0.47545717035611157 0.5274963700888708 0.47545717035611157 0.5867656251550362 0.43984600577478344 0.5867656251550362
5 0.591915303176131 0.6489983429745096 0.6236766121270454 0.6489983429745096 0.6236766121270454 0.7038224039107125 0.591915303176131 0.7038224039107125
0 0.13185755534167468 0.14224621215879663 0.16746871992300288 0.14224621215879663 0.16746871992300288 0.21929624374481146 0.13185755534167468 0.21929624374481146
0 0.7459095283926854 0.8416234219395468 0.7853705486044273 0.8416234219395468 0.7853705486044273 0.9157099907722535 0.7459095283926854 0.9157099907722535
2 0.7718960538979788 0.225223169251428 0.8036573628488933 0.225223169251428 0.8036573628488933 0.26522991642108956 0.7718960538979788 0.26522991642108956
4 0.007630585273757079 0.014684287812041112 0.19076463184392695 0.014684287812041112 0.19076463184392695 0.0763582966226138 0.007630585273757079 0.0763582966226138
4 0.728720893643801 0.02643171806167401 0.8899170075519195 0.02643171806167401 0.8899170075519195 0.08663729809104256 0.728720893643801 0.08663729809104256
8 0.013353524229074886 0.1145374449339207 0.2842393014474512 0.1145374449339207 0.2842393014474512 0.13362701908957417 0.013353524229074886 0.13362701908957417
8 0.7353976557583385 0.045521292217327564 0.8832402454373819 0.045521292217327564 0.8832402454373819 0.06754772393538923 0.7353976557583385 0.06754772393538923
8 0.9070858244178727 0.25844346549192365 0.963361390811831 0.25844346549192365 0.963361390811831 0.28928046989721 0.9070858244178727 0.28928046989721
8 0.7582894115796097 0.2657856093979442 0.8202879169288859 0.2657856093979442 0.8202879169288859 0.2966226138032305 0.7582894115796097 0.2966226138032305
8 0.8336414411579609 0.22907488986784147 0.8985014159848961 0.22907488986784147 0.8985014159848961 0.25844346549192365 0.8336414411579609 0.25844346549192365
8 0.6590918030207676 0.4155653450807636 0.7401667715544367 0.4155653450807636 0.7401667715544367 0.4566813509544787 0.6590918030207676 0.4566813509544787
8 0.4921727501573316 0.44933920704845826 0.558940371302706 0.44933920704845826 0.558940371302706 0.46108663729809113 0.4921727501573316 0.46108663729809113
8 0.43494336060415356 0.28046989720998533 0.48072687224669597 0.28046989720998533 0.48072687224669597 0.30983847283406757 0.43494336060415356 0.30983847283406757
8 0.2985466488357457 0.3142437591776799 0.34528398363750784 0.3142437591776799 0.34528398363750784 0.34654919236417026 0.2985466488357457 0.34654919236417026
8 0.14688876651982377 0.2878120411160059 0.20602580239144114 0.2878120411160059 0.20602580239144114 0.3171806167400882 0.14688876651982377 0.3171806167400882
8 0.11159730962869728 0.21292217327459617 0.18885698552548771 0.21292217327459617 0.18885698552548771 0.25256975036710716 0.11159730962869728 0.25256975036710716
8 0.025753225298930142 0.315712187958884 0.11541260226557581 0.315712187958884 0.11541260226557581 0.33627019089574156 0.025753225298930142 0.33627019089574156
8 0.05722938955317809 0.4243759177679883 0.14021200440528633 0.4243759177679883 0.14021200440528633 0.4698972099853157 0.05722938955317809 0.4698972099853157
2 0.0820287916928886 0.39060205580029367 0.11827407174323475 0.39060205580029367 0.11827407174323475 0.43906020558002934 0.0820287916928886 0.43906020558002934
8 0.2966390025173065 0.5007342143906021 0.35482221522970425 0.5007342143906021 0.35482221522970425 0.5212922173274597 0.2966390025173065 0.5212922173274597
8 0.37676014789175577 0.4038179148311307 0.4473430616740087 0.4038179148311307 0.4473430616740087 0.42878120411160064 0.37676014789175577 0.42878120411160064
8 0.43494336060415356 0.644640234948605 0.47977304908747637 0.644640234948605 0.47977304908747637 0.6813509544787077 0.43494336060415356 0.6813509544787077
8 0.5074339207048457 0.644640234948605 0.5551250786658274 0.644640234948605 0.5551250786658274 0.7151248164464022 0.5074339207048457 0.7151248164464022
8 0.5818321271239772 0.7856093979441997 0.6381076935179356 0.7856093979441997 0.6381076935179356 0.8237885462555066 0.5818321271239772 0.8237885462555066
8 0.660999449339207 0.8120411160058737 0.728720893643801 0.8120411160058737 0.728720893643801 0.8472834067547724 0.660999449339207 0.8472834067547724
8 0.7306285399622403 0.9133627019089574 0.8059805695405914 0.9133627019089574 0.8059805695405914 0.9295154185022028 0.7306285399622403 0.9295154185022028
8 0.8298261485210824 0.9089574155653449 0.8689328980490874 0.9089574155653449 0.8689328980490874 0.9309838472834067 0.8298261485210824 0.9309838472834067
8 0.3557760383889238 0.5433186490455213 0.4139592511013216 0.5433186490455213 0.4139592511013216 0.5800293685756241 0.3557760383889238 0.5800293685756241
8 0.21556403398363747 0.39060205580029367 0.27470106985525483 0.39060205580029367 0.27470106985525483 0.4331864904552129 0.21556403398363747 0.4331864904552129
8 0.21842550346129638 0.2276064610866372 0.2708857772183763 0.2276064610866372 0.2708857772183763 0.2584434654919236 0.21842550346129638 0.2584434654919236
8 0.6485997482693519 0.25844346549192365 0.6991523757079925 0.25844346549192365 0.6991523757079925 0.2936857562408223 0.6485997482693519 0.2936857562408223
8 0.5637094870988042 0.2173274596182085 0.6362000471994965 0.2173274596182085 0.6362000471994965 0.262848751835536 0.5637094870988042 0.262848751835536
8 0.014307347388294523 0.5036710719530103 0.039106749528005004 0.5036710719530103 0.039106749528005004 0.6108663729809105 0.014307347388294523 0.6108663729809105
8 0.01621499370673378 0.7767988252569751 0.03624528005034612 0.7767988252569751 0.03624528005034612 0.9045521292217329 0.01621499370673378 0.9045521292217329
8 0.018122640025173064 0.6387665198237885 0.034337633731906854 0.6387665198237885 0.034337633731906854 0.7386196769456682 0.018122640025173064 0.7386196769456682
8 0.01144587791063561 0.35389133627019087 0.037199103209565765 0.35389133627019087 0.037199103209565765 0.472834067547724 0.01144587791063561 0.472834067547724
8 0.0162149937067338 0.19530102790014683 0.0352914568911265 0.19530102790014683 0.0352914568911265 0.3113069016152717 0.0162149937067338 0.3113069016152717
8 0.03338381057268724 0.039647577092511 0.16119611390811833 0.039647577092511 0.16119611390811833 0.06020558002936857 0.03338381057268724 0.06020558002936857
