10 0.2031098153547133 0.28029759913333013 0.27988338192419826 0.28029759913333013 0.27988338192419826 0.30390160748140005 0.2031098153547133 0.30390160748140005
10 0.26822157434402333 0.2788223486115758 0.28377065111758987 0.2788223486115758 0.28377065111758987 0.5768229540059584 0.26822157434402333 0.5768229540059584
10 0.15257531584062195 0.44257515652631074 0.16132167152575314 0.44257515652631074 0.16132167152575314 0.6137042170498176 0.15257531584062195 0.6137042170498176
10 0.14868804664723032 0.43962465548280216 0.7084548104956269 0.43962465548280216 0.7084548104956269 0.4558524112221002 0.14868804664723032 0.4558524112221002
10 0.6705539358600583 0.5148624320922749 0.7123420796890184 0.5148624320922749 0.7123420796890184 0.5296149373098186 0.6705539358600583 0.5296149373098186
10 0.6967930029154519 0.43224840287403027 0.7113702623906705 0.43224840287403027 0.7113702623906705 0.5325654383533274 0.6967930029154519 0.5325654383533274
10 0.48202137998056366 0.3112778600901719 0.9523809523809523 0.3112778600901719 0.9523809523809523 0.32603036530771556 0.48202137998056366 0.32603036530771556
10 0.47910592808551994 0.3053768580031544 0.4907677356656948 0.3053768580031544 0.4907677356656948 0.49715942583122236 0.47910592808551994 0.49715942583122236
10 0.5481049562682215 0.09294078287052526 0.5578231292517005 0.09294078287052526 0.5578231292517005 0.5015851773964856 0.5481049562682215 0.5015851773964856
10 0.653061224489796 0.095891283914034 0.6618075801749272 0.095891283914034 0.6618075801749272 0.5030604279182398 0.653061224489796 0.5030604279182398
10 0.326530612244898 0.6210804696585894 0.34985422740524785 0.6210804696585894 0.34985422740524785 0.6402587264413963 0.326530612244898 0.6402587264413963
10 0.1710398445092323 0.6225557201803438 0.228377065111759 0.6225557201803438 0.228377065111759 0.6417339769631507 0.1710398445092323 0.6417339769631507
10 0.11758989310009721 0.6210804696585894 0.14188532555879493 0.6210804696585894 0.14188532555879493 0.6373082253978875 0.11758989310009721 0.6373082253978875
10 0.3780369290573372 0.6225557201803438 0.4178814382896016 0.6225557201803438 0.4178814382896016 0.6402587264413963 0.3780369290573372 0.6402587264413963
10 0.4295432458697765 0.5163376826140292 0.47133138969873667 0.5163376826140292 0.47133138969873667 0.5325654383533273 0.4295432458697765 0.5325654383533273
10 0.42857142857142855 0.5192881836575379 0.43926141885325554 0.5192881836575379 0.43926141885325554 0.6107537160063089 0.42857142857142855 0.6107537160063089
10 0.499514091350826 0.5163376826140292 0.5393586005830904 0.5163376826140292 0.5393586005830904 0.5310901878315729 0.499514091350826 0.5310901878315729
10 0.5685131195335277 0.5133871815705204 0.6443148688046647 0.5133871815705204 0.6443148688046647 0.5310901878315729 0.5685131195335277 0.5310901878315729
10 0.47910592808551994 0.5428921920056079 0.4878522837706511 0.5428921920056079 0.4878522837706511 0.9058038203571825 0.47910592808551994 0.9058038203571825
10 0.4800777453838678 0.8895760646178846 0.9669582118561709 0.8895760646178846 0.9669582118561709 0.9043285698354283 0.4800777453838678 0.9043285698354283
10 0.44412050534499514 0.6210804696585894 0.7278911564625851 0.6210804696585894 0.7278911564625851 0.635832974876133 0.44412050534499514 0.635832974876133
10 0.825072886297376 0.6210804696585894 0.8532555879494654 0.6210804696585894 0.8532555879494654 0.6402587264413963 0.825072886297376 0.6402587264413963
10 0.8843537414965986 0.6225557201803438 0.9698736637512149 0.6225557201803438 0.9698736637512149 0.6387834759196418 0.8843537414965986 0.6387834759196418
10 0.8649173955296405 0.6491102295719224 0.8756073858114676 0.6491102295719224 0.8756073858114676 0.7700807723557807 0.8649173955296405 0.7700807723557807
10 0.8794946550048591 0.7818827765298156 0.9689018464528669 0.7818827765298156 0.9689018464528669 0.7981105322691138 0.8794946550048591 0.7981105322691138
10 0.7978620019436345 0.78335802705157 0.8542274052478133 0.78335802705157 0.8542274052478133 0.7981105322691139 0.7978620019436345 0.7981105322691139
10 0.7939747327502429 0.7745065239210437 0.8036929057337221 0.7745065239210437 0.8036929057337221 0.8615463047045515 0.7939747327502429 0.8615463047045515
10 0.7900874635568513 0.8497443005305166 0.9689018464528668 0.8497443005305166 0.9689018464528668 0.8644968057480603 0.7900874635568513 0.8644968057480603
10 0.35762876579203107 0.6476349790501681 0.3702623906705539 0.6476349790501681 0.3702623906705539 0.9530118370533225 0.35762876579203107 0.9530118370533225
10 0.35471331389698735 0.9367840813140246 0.9708454810495626 0.9367840813140246 0.9708454810495626 0.9574375886185856 0.35471331389698735 0.9574375886185856
11 0.1292517006802721 0.6166547180933263 0.14091350826044702 0.6166547180933263 0.14091350826044702 0.635832974876133 0.1292517006802721 0.635832974876133
11 0.14965986394557823 0.5782982045277127 0.16034985422740528 0.5782982045277127 0.16034985422740528 0.6078032149628001 0.14965986394557823 0.6078032149628001
11 0.2633624878522838 0.5576446972231516 0.2857142857142857 0.5576446972231516 0.2857142857142857 0.5827239560929758 0.2633624878522838 0.5827239560929758
11 0.21574344023323616 0.6151794675715719 0.23032069970845484 0.6151794675715719 0.23032069970845484 0.6417339769631507 0.21574344023323616 0.6417339769631507
11 0.337220602526725 0.6210804696585894 0.3488824101068999 0.6210804696585894 0.3488824101068999 0.6446844780066592 0.337220602526725 0.6446844780066592
11 0.40427599611273085 0.6166547180933263 0.41982507288629745 0.6166547180933263 0.41982507288629745 0.6387834759196418 0.40427599611273085 0.6387834759196418
11 0.45383867832847424 0.5119119310487661 0.47230320699708456 0.5119119310487661 0.47230320699708456 0.5325654383533273 0.45383867832847424 0.5325654383533273
11 0.47619047619047605 0.48093167009192433 0.4927113702623906 0.48093167009192433 0.4927113702623906 0.495684175309468 0.47619047619047605 0.495684175309468
11 0.5228377065111759 0.5089614300052574 0.5413022351797862 0.5089614300052574 0.5413022351797862 0.5325654383533273 0.5228377065111759 0.5325654383533273
11 0.4742468415937804 0.5384664404403448 0.4907677356656948 0.5384664404403448 0.4907677356656948 0.5679714508754321 0.4742468415937804 0.5679714508754321
11 0.629793087417474 0.5103805354892917 0.6404830776993009 0.5103805354892917 0.6404830776993009 0.5339845438373617 0.629793087417474 0.5339845438373617
11 0.647267306091727 0.47948449208902993 0.6647600174619893 0.47948449208902993 0.6647600174619893 0.4942369973065736 0.647267306091727 0.4942369973065736
11 0.5461613216715258 0.09146553234877089 0.5578231292517005 0.09146553234877089 0.5578231292517005 0.11064378913157769 0.5461613216715258 0.11064378913157769
11 0.7162293488824101 0.6151794675715719 0.7298347910592808 0.6151794675715719 0.7298347910592808 0.6402587264413963 0.7162293488824101 0.6402587264413963
11 0.8386783284742468 0.6166547180933263 0.8542274052478134 0.6166547180933263 0.8542274052478134 0.6373082253978873 0.8386783284742468 0.6373082253978873
11 0.9543245869776481 0.6181299686150807 0.9698736637512148 0.6181299686150807 0.9698736637512148 0.6446844780066592 0.9543245869776481 0.6446844780066592
11 0.956268221574344 0.9353088307922701 0.9757045675413022 0.9353088307922701 0.9757045675413022 0.9633385907056031 0.956268221574344 0.9633385907056031
11 0.8367346938775511 0.7774570249645527 0.8551992225461614 0.7774570249645527 0.8551992225461614 0.8010610333126225 0.8367346938775511 0.8010610333126225
11 0.860058309037901 0.7494272650512195 0.8765792031098154 0.7494272650512195 0.8765792031098154 0.7715560228775351 0.860058309037901 0.7715560228775351
11 0.9591836734693877 0.778932275486307 0.9718172983479108 0.778932275486307 0.9718172983479108 0.7966352817473593 0.9591836734693877 0.7966352817473593
4 0.012596639486504241 0.22863575835306724 0.07187749468572677 0.22863575835306724 0.07187749468572677 0.9883897770565674 0.012596639486504241 0.9883897770565674
4 0.20408163265306123 0.0191782567828068 0.9912536443148688 0.0191782567828068 0.9912536443148688 0.10621803756631458 0.20408163265306123 0.10621803756631458
3 0.22254616132167152 0.5738724529624496 0.3313896987366376 0.5738724529624496 0.3313896987366376 0.6904172441810448 0.22254616132167152 0.6904172441810448
3 0.7240038872691934 0.5753477034842039 0.8318756073858113 0.5753477034842039 0.8318756073858113 0.6859914926157816 0.7240038872691934 0.6859914926157816
5 0.14382896015549076 0.6019022128757826 0.1690962099125364 0.6019022128757826 0.1690962099125364 0.6535359811371856 0.14382896015549076 0.6535359811371856
5 0.3469387755102041 0.6019022128757826 0.3799805636540331 0.6019022128757826 0.3799805636540331 0.6564864821806943 0.3469387755102041 0.6564864821806943
5 0.4169096209912537 0.603377463397537 0.4470359572400389 0.603377463397537 0.4470359572400389 0.6550112316589399 0.4169096209912537 0.6550112316589399
0 0.1690962099125364 0.2507925886982428 0.21185617103984447 0.2507925886982428 0.21185617103984447 0.33193136739473306 0.1690962099125364 0.33193136739473306
2 0.5393586005830904 0.49715942583122236 0.5665694849368319 0.49715942583122236 0.5665694849368319 0.5458426930491166 0.5393586005830904 0.5458426930491166
2 0.6384839650145773 0.4897831732224505 0.6715257531584062 0.4897831732224505 0.6715257531584062 0.5487931940926253 0.6384839650145773 0.5487931940926253
5 0.46550048590864923 0.49420892478771367 0.5043731778425656 0.49420892478771367 0.5043731778425656 0.5414169414838533 0.46550048590864923 0.5414169414838533
5 0.8542274052478134 0.6004269623540283 0.8843537414965987 0.6004269623540283 0.8843537414965987 0.647634979050168 0.8542274052478134 0.647634979050168
5 0.8522837706511176 0.7745065239210437 0.8814382896015549 0.7745065239210437 0.8814382896015549 0.8128630374866573 0.8522837706511176 0.8128630374866573
8 0.15348526097651696 0.316931982633864 0.24214444899400817 0.316931982633864 0.24214444899400817 0.4052098408104198 0.15348526097651696 0.4052098408104198
8 0.02478643966080398 0.14905933429811868 0.3203170663857745 0.14905933429811868 0.3203170663857745 0.1953690303907381 0.02478643966080398 0.1953690303907381
8 0.49286881940906413 0.046309696092619444 0.703553556525897 0.046309696092619444 0.703553556525897 0.08827785817655569 0.49286881940906413 0.08827785817655569
8 0.06005944994733273 0.661360347322721 0.13823206733909915 0.661360347322721 0.13823206733909915 0.701881331403763 0.06005944994733273 0.701881331403763
9 0.08103259119878224 0.593342981186686 0.12488552290635853 0.593342981186686 0.12488552290635853 0.6628075253256152 0.08103259119878224 0.6628075253256152
8 0.025739764263142565 0.47756874095513735 0.05815280074265543 0.47756874095513735 0.05815280074265543 0.7322720694645437 0.025739764263142565 0.7322720694645437
8 0.33271028621617654 0.5209840810419682 0.39372306076584784 0.5209840810419682 0.39372306076584784 0.6107091172214183 0.33271028621617654 0.6107091172214183
8 0.3965830345728637 0.6642547033285094 0.465222405941244 0.6642547033285094 0.465222405941244 0.7047756874095514 0.3965830345728637 0.7047756874095514
8 0.3889564377541548 0.6208393632416789 0.40802292980092714 0.6208393632416789 0.40802292980092714 0.6439942112879885 0.3889564377541548 0.6439942112879885
8 0.4995420916254341 0.5542691751085385 0.6072677716896976 0.5542691751085385 0.6072677716896976 0.6179450072358901 0.4995420916254341 0.6179450072358901
8 0.6082210962920361 0.5513748191027498 0.7083201795375906 0.5513748191027498 0.7083201795375906 0.6179450072358901 0.6082210962920361 0.6179450072358901
8 0.5729480860055074 0.6208393632416789 0.5996411748709887 0.6208393632416789 0.5996411748709887 0.6410998552821998 0.5729480860055074 0.6410998552821998
8 0.8341590270462881 0.6613603473227208 0.8989851000053137 0.6613603473227208 0.8989851000053137 0.6787264833574531 0.8341590270462881 0.6787264833574531
8 0.9161449428474087 0.6078147612156296 0.9361647594965196 0.6078147612156296 0.9361647594965196 0.6454413892908829 0.9161449428474087 0.6454413892908829
8 0.8598987913094304 0.7047756874095515 0.878011958753864 0.7047756874095515 0.878011958753864 0.7235890014471782 0.8598987913094304 0.7235890014471782
8 0.8227191318182244 0.845151953690304 0.8427389484673353 0.845151953690304 0.8427389484673353 0.865412445730825 0.8227191318182244 0.865412445730825
8 0.6025011486780045 0.8871201157742404 0.6206143161224381 0.8871201157742404 0.6206143161224381 0.9030390738060782 0.6025011486780045 0.9030390738060782
8 0.5605548661751054 0.934876989869754 0.5786680336195392 0.934876989869754 0.5786680336195392 0.9623733719247469 0.5605548661751054 0.9623733719247469
8 0.735013268403072 0.5803183791606371 0.8198591580112089 0.5803183791606371 0.8198591580112089 0.6830680173661365 0.735013268403072 0.6830680173661365
