10 0.0770662359702557 0.26450116009280744 0.09633279496281963 0.26450116009280744 0.09633279496281963 0.30162412993039445 0.0770662359702557 0.30162412993039445
10 0.2090421650693186 0.1368909512761021 0.2244554122633698 0.1368909512761021 0.2244554122633698 0.16009280742459395 0.2090421650693186 0.16009280742459395
10 0.20518885327080583 0.14849187935034802 0.21674878866634414 0.14849187935034802 0.21674878866634414 0.25754060324825984 0.20518885327080583 0.25754060324825984
10 0.2186754445656006 0.2668213457076566 0.2446852992055619 0.2668213457076566 0.2446852992055619 0.3016241299303945 0.2186754445656006 0.3016241299303945
10 0.17050904708419076 0.271461716937355 0.1974822296737803 0.271461716937355 0.1974822296737803 0.29930394431554525 0.17050904708419076 0.29930394431554525
10 0.2976683364351127 0.13225058004640372 0.32078820722618945 0.13225058004640372 0.32078820722618945 0.15777262180974477 0.2976683364351127 0.15777262180974477
10 0.27262180974477956 0.27610208816705334 0.3082649438810229 0.27610208816705334 0.3082649438810229 0.3016241299303945 0.27262180974477956 0.3016241299303945
10 0.30055832028399726 0.271461716937355 0.31115492772990744 0.271461716937355 0.31115492772990744 0.5266821345707656 0.30055832028399726 0.5266821345707656
10 0.2986316643847408 0.508120649651972 0.3371647823698687 0.508120649651972 0.3371647823698687 0.5359628770301623 0.2986316643847408 0.5359628770301623
10 0.41037770654161165 0.5150812064965197 0.4701040394185598 0.5150812064965197 0.4701040394185598 0.5359628770301625 0.41037770654161165 0.5359628770301625
10 0.5327203561443926 0.5127610208816705 0.5731801300287769 0.5127610208816705 0.5731801300287769 0.531322505800464 0.5327203561443926 0.531322505800464
10 0.5702901461798923 0.27842227378190254 0.574143457978405 0.27842227378190254 0.574143457978405 0.5290023201856149 0.5702901461798923 0.5290023201856149
10 0.5683634902806358 0.2761020881670534 0.6049699523665074 0.2761020881670534 0.6049699523665074 0.29930394431554525 0.5683634902806358 0.29930394431554525
10 0.2591352184499848 0.3109048723897912 0.26684184204701045 0.3109048723897912 0.26684184204701045 0.691415313225058 0.2591352184499848 0.691415313225058
10 0.2976683364351127 0.728538283062645 0.32271486312544584 0.728538283062645 0.32271486312544584 0.7587006960556845 0.2976683364351127 0.7587006960556845
10 0.33331147057135596 0.6380510440835266 0.3371647823698688 0.6380510440835266 0.3371647823698688 0.7146171693735499 0.33331147057135596 0.7146171693735499
10 0.588593377222828 0.651972157772622 0.5982266567191098 0.651972157772622 0.5982266567191098 0.7169373549883992 0.588593377222828 0.7169373549883992
10 0.33042148672247135 0.642691415313225 0.5953366728702254 0.642691415313225 0.5953366728702254 0.6635730858468677 0.33042148672247135 0.6635730858468677
10 0.33042148672247135 0.7703016241299303 0.3390914382691251 0.7703016241299303 0.3390914382691251 0.8538283062645011 0.33042148672247135 0.8538283062645011
10 0.33042148672247135 0.8329466357308584 0.34968804571503526 0.8329466357308584 0.34968804571503526 0.8515081206496519 0.33042148672247135 0.8515081206496519
10 0.4257909537356628 0.8259860788863109 0.4518008083756241 0.8259860788863109 0.4518008083756241 0.8584686774941996 0.4257909537356628 0.8584686774941996
10 0.4604707599222779 0.7354988399071926 0.4701040394185598 0.7354988399071926 0.4701040394185598 0.814385150812065 0.4604707599222779 0.814385150812065
10 0.46143408787190604 0.7308584686774942 0.48262730276372634 0.7308584686774942 0.48262730276372634 0.7587006960556846 0.46143408787190604 0.7587006960556846
10 0.47395735121707255 0.8283062645011601 0.5982266567191098 0.8283062645011601 0.5982266567191098 0.8538283062645012 0.47395735121707255 0.8538283062645012
10 0.5539135710362129 0.7308584686774942 0.5808867536258023 0.7308584686774942 0.5808867536258023 0.7540603248259861 0.5539135710362129 0.7540603248259861
10 0.588593377222828 0.7703016241299303 0.6001533126183664 0.7703016241299303 0.6001533126183664 0.8584686774941994 0.588593377222828 0.8584686774941994
10 0.6078599362153919 0.728538283062645 0.6184565436613021 0.728538283062645 0.6184565436613021 0.7470997679814386 0.6078599362153919 0.7470997679814386
10 0.6117132480139047 0.32714617169373544 0.6194198716109303 0.32714617169373544 0.6194198716109303 0.7517401392111369 0.6117132480139047 0.7517401392111369
10 0.6309798070064686 0.271461716937355 0.6560263336968017 0.271461716937355 0.6560263336968017 0.29698375870069604 0.6309798070064686 0.29698375870069604
10 0.720569306321891 0.271461716937355 0.750432472760365 0.271461716937355 0.750432472760365 0.308584686774942 0.720569306321891 0.308584686774942
10 0.8255720528313643 0.27842227378190254 0.848691923622441 0.27842227378190254 0.848691923622441 0.30162412993039445 0.8255720528313643 0.30162412993039445
10 0.9180515359956712 0.28074245939675174 0.9440613906356324 0.28074245939675174 0.9440613906356324 0.3016241299303945 0.9180515359956712 0.3016241299303945
11 0.08862617136579405 0.2552204176334107 0.10018610676133242 0.2552204176334107 0.10018610676133242 0.31554524361948955 0.08862617136579405 0.31554524361948955
11 0.1859222942782419 0.2668213457076566 0.19940888557303663 0.2668213457076566 0.19940888557303663 0.31090487238979114 0.1859222942782419 0.31090487238979114
11 0.2128954768678314 0.12993039443155452 0.22734539611225438 0.12993039443155452 0.22734539611225438 0.16009280742459397 0.2128954768678314 0.16009280742459397
11 0.3101915997802792 0.12296983758700696 0.32271486312544584 0.12296983758700696 0.32271486312544584 0.16241299303944318 0.3101915997802792 0.16241299303944318
11 0.25335525075221565 0.6635730858468676 0.274548465644036 0.6635730858468676 0.274548465644036 0.6890951276102089 0.25335525075221565 0.6890951276102089
11 0.32849483082321496 0.49883990719257537 0.3400547662187533 0.49883990719257537 0.3400547662187533 0.54292343387471 0.32849483082321496 0.54292343387471
11 0.4566174481237651 0.5081206496519721 0.4701040394185598 0.5081206496519721 0.4701040394185598 0.5429234338747101 0.4566174481237651 0.5429234338747101
11 0.5914833610717126 0.2668213457076566 0.6088232641650201 0.2668213457076566 0.6088232641650201 0.308584686774942 0.5914833610717126 0.308584686774942
11 0.6444663983012634 0.2668213457076566 0.65698966164643 0.2668213457076566 0.65698966164643 0.3016241299303945 0.6444663983012634 0.3016241299303945
11 0.7417625212137112 0.26450116009280744 0.7533224566092496 0.26450116009280744 0.7533224566092496 0.30162412993039445 0.7417625212137112 0.30162412993039445
11 0.8371319882269026 0.2737819025522042 0.8506185795216974 0.2737819025522042 0.8506185795216974 0.29698375870069604 0.8371319882269026 0.29698375870069604
11 0.47395735121707255 0.7262180974477959 0.48455395866298273 0.7262180974477959 0.48455395866298273 0.7563805104408353 0.47395735121707255 0.7563805104408353
11 0.31308158362916383 0.7192575406032483 0.32367819107507395 0.7192575406032483 0.32367819107507395 0.7679814385150813 0.31308158362916383 0.7679814385150813
11 0.3429447500676379 0.8283062645011601 0.3554680134128045 0.8283062645011601 0.3554680134128045 0.863109048723898 0.3429447500676379 0.863109048723898
11 0.5799234256761742 0.6867749419953596 0.6049699523665074 0.6867749419953596 0.6049699523665074 0.7122969837587005 0.5799234256761742 0.7122969837587005
11 0.4392775450304576 0.8236658932714618 0.4556541201741369 0.8236658932714618 0.4556541201741369 0.8584686774941996 0.4392775450304576 0.8584686774941996
11 0.5828134095250588 0.7679814385150813 0.6001533126183664 0.7679814385150813 0.6001533126183664 0.80046403712297 0.5828134095250588 0.80046403712297
11 0.5722168020791486 0.728538283062645 0.583776737474687 0.728538283062645 0.583776737474687 0.7587006960556845 0.5722168020791486 0.7587006960556845
11 0.6088232641650201 0.308584686774942 0.6242365113590712 0.308584686774942 0.6242365113590712 0.34802784222737815 0.6088232641650201 0.34802784222737815
11 0.9325014552400942 0.2737819025522042 0.9479147024341453 0.2737819025522042 0.9479147024341453 0.29930394431554525 0.9325014552400942 0.29930394431554525
4 0.0019266558992563926 0.08352668213457076 0.029863166438474083 0.08352668213457076 0.029863166438474083 0.419953596287703 0.0019266558992563926 0.419953596287703
4 0.0038533117985127853 0.62877030162413 0.03178982233773048 0.62877030162413 0.03178982233773048 0.9651972157772621 0.0038533117985127853 0.9651972157772621
4 0.0 0.4013921113689095 0.036606462085871455 0.4013921113689095 0.036606462085871455 0.6334106728538283 0.0 0.6334106728538283
2 0.041423101834012446 0.2296983758700696 0.0761029080206275 0.2296983758700696 0.0761029080206275 0.3364269141531322 0.041423101834012446 0.3364269141531322
2 0.9353914390889786 0.21577726218097446 0.9825945086207601 0.21577726218097446 0.9825945086207601 0.3248259860788863 0.9353914390889786 0.3248259860788863
3 0.09344281111393504 0.21577726218097446 0.1782156706812163 0.21577726218097446 0.1782156706812163 0.35730858468677495 0.09344281111393504 0.35730858468677495
3 0.22156542841448515 0.0765661252900232 0.3034483041328818 0.0765661252900232 0.3034483041328818 0.2111368909512761 0.22156542841448515 0.2111368909512761
3 0.2244554122633698 0.6705336426914154 0.3024849761832537 0.6705336426914154 0.3024849761832537 0.814385150812065 0.2244554122633698 0.814385150812065
3 0.33331147057135596 0.4593967517401392 0.4151943462897527 0.4593967517401392 0.4151943462897527 0.5893271461716938 0.33331147057135596 0.5893271461716938
3 0.45950743197264965 0.4547563805104408 0.544280291539931 0.4547563805104408 0.544280291539931 0.5893271461716938 0.45950743197264965 0.5893271461716938
3 0.652173021898289 0.22041763341067283 0.7302025858181728 0.22041763341067283 0.7302025858181728 0.3526682134570765 0.652173021898289 0.3526682134570765
3 0.7475424889114803 0.22041763341067283 0.8255720528313643 0.22041763341067283 0.8255720528313643 0.34802784222737815 0.7475424889114803 0.34802784222737815
3 0.8467652677231847 0.21577726218097446 0.921904847794184 0.21577726218097446 0.921904847794184 0.35730858468677495 0.8467652677231847 0.35730858468677495
3 0.3506513736646635 0.7819025522041764 0.43349757733268834 0.7819025522041764 0.43349757733268834 0.9071925754060324 0.3506513736646635 0.9071925754060324
3 0.47971724070862637 0.6867265834220919 0.5635267723262795 0.6867265834220919 0.5635267723262795 0.812016606623948 0.47971724070862637 0.812016606623948
5 0.3159715674780484 0.6960556844547565 0.34968804571503526 0.6960556844547565 0.34968804571503526 0.7703016241299304 0.3159715674780484 0.7703016241299304
5 0.5779967697769178 0.7099767981438515 0.6107499200642765 0.7099767981438515 0.6107499200642765 0.779582366589327 0.5779967697769178 0.779582366589327
5 0.4479474965771113 0.802784222737819 0.4816639748140982 0.802784222737819 0.4816639748140982 0.874709976798144 0.4479474965771113 0.874709976798144
5 0.19940888557303665 0.2505800464037123 0.22252875636411334 0.2505800464037123 0.22252875636411334 0.32946635730858465 0.19940888557303665 0.32946635730858465
5 0.24950193895370282 0.2482598607888631 0.2755117935936642 0.2482598607888631 0.2755117935936642 0.32714617169373544 0.24950193895370282 0.32714617169373544
10 0.2591352184499848 0.2273781902552204 0.26491518614775406 0.2273781902552204 0.26491518614775406 0.2645011600928075 0.2591352184499848 0.2645011600928075
10 0.25528190665147205 0.21809744779582366 0.4055610667934707 0.21809744779582366 0.4055610667934707 0.24361948955916474 0.25528190665147205 0.24361948955916474
10 0.4749206791667009 0.222737819025522 0.622309855459815 0.222737819025522 0.622309855459815 0.2505800464037123 0.4749206791667009 0.2505800464037123
11 0.39014781959941947 0.20417633410672853 0.40941437859198343 0.20417633410672853 0.40941437859198343 0.25754060324825984 0.39014781959941947 0.25754060324825984
11 0.603043296467251 0.2111368909512761 0.6251998393086995 0.2111368909512761 0.6251998393086995 0.25986078886310904 0.603043296467251 0.25986078886310904
8 0.03145853193517636 0.3398089365758675 0.09723546234509056 0.3398089365758675 0.09723546234509056 0.3811370504837434 0.03145853193517636 0.3811370504837434
8 0.005719733079122974 0.08724824047218221 0.027645376549094377 0.08724824047218221 0.027645376549094377 0.3880250694683893 0.005719733079122974 0.3880250694683893
8 0.006673021925643469 0.40868912642232724 0.028598665395614876 0.40868912642232724 0.028598665395614876 0.6268097276027826 0.006673021925643469 0.6268097276027826
8 0.007626310772163972 0.656657809869582 0.023832221163012392 0.656657809869582 0.023832221163012392 0.9046264933168366 0.007626310772163972 0.9046264933168366
8 0.18970448045757865 0.3398089365758675 0.23450905624404195 0.3398089365758675 0.23450905624404195 0.4063931200941119 0.18970448045757865 0.4063931200941119
8 0.2278360343183985 0.25715270876011603 0.24022878932316494 0.25715270876011603 0.24022878932316494 0.28011277204226925 0.2278360343183985 0.28011277204226925
8 0.20114394661582458 0.2181206011804556 0.221163012392755 0.2181206011804556 0.221163012392755 0.22960063282153217 0.20114394661582458 0.22960063282153217
8 0.2278360343183985 0.11020830375433548 0.2974261201143947 0.11020830375433548 0.2974261201143947 0.19745654422651773 0.2278360343183985 0.19745654422651773
8 0.3250714966634891 0.6727298541670892 0.34413727359389895 0.6727298541670892 0.34413727359389895 0.6865058921363811 0.3250714966634891 0.6865058921363811
3 0.40324118207816967 0.1607204429750725 0.48141086749285034 0.1607204429750725 0.48141086749285034 0.29848082266799186 0.40324118207816967 0.29848082266799186
11 0.2402287893231649 0.2732247530576233 0.24690181124880836 0.2732247530576233 0.24690181124880836 0.3007768289962071 0.2402287893231649 0.3007768289962071
9 0.3174451858913251 0.10102427844147416 0.3555767397521449 0.10102427844147416 0.3555767397521449 0.1905685252418717 0.3174451858913251 0.1905685252418717
8 0.3517635843660629 0.7301300123724723 0.4184938036224976 0.7301300123724723 0.4184938036224976 0.7576820883110561 0.3517635843660629 0.7576820883110561
8 0.22974261201143947 0.7301300123724723 0.29361296472831266 0.7301300123724723 0.29361296472831266 0.7507940693264104 0.22974261201143947 0.7507940693264104
8 0.43088655862726405 0.900034480660406 0.4966634890371782 0.900034480660406 0.4966634890371782 0.9367705819118513 0.43088655862726405 0.9367705819118513
8 0.48522402287893235 0.8311542908139464 0.4995233555767398 0.8311542908139464 0.4995233555767398 0.8610023730807456 0.48522402287893235 0.8610023730807456
8 0.45948522402287895 0.771458126280348 0.4718779790276454 0.771458126280348 0.4718779790276454 0.7875301705778555 0.45948522402287895 0.7875301705778555
8 0.336510962821735 0.5097134048638013 0.4099142040038132 0.5097134048638013 0.4099142040038132 0.5418574934588158 0.336510962821735 0.5418574934588158
8 0.46425166825548136 0.48904934790986343 0.5376549094375596 0.48904934790986343 0.5376549094375596 0.5671135630691844 0.46425166825548136 0.5671135630691844
8 0.6606291706387036 0.264040727744762 0.722592945662536 0.264040727744762 0.722592945662536 0.30996085430906845 0.6606291706387036 0.30996085430906845
5 0.6024785510009533 0.2548567024319007 0.6320305052430887 0.2548567024319007 0.6320305052430887 0.3260328986065757 0.6024785510009533 0.3260328986065757
8 0.7492850333651098 0.25944871508833134 0.82650142993327 0.25944871508833134 0.82650142993327 0.3099608543090684 0.7492850333651098 0.3099608543090684
8 0.8446139180171592 0.2663367340729773 0.9246901811248809 0.2663367340729773 0.9246901811248809 0.3145528669654991 0.8446139180171592 0.3145528669654991
8 0.9246901811248809 0.3398089365758675 0.9876072449952334 0.3398089365758675 0.9876072449952334 0.3604729935298055 0.9246901811248809 0.3604729935298055
8 0.40228789323164915 0.20664056953937893 0.47855100095328884 0.20664056953937893 0.47855100095328884 0.26174472141654664 0.40228789323164915 0.26174472141654664
8 0.09914204003813155 0.2732247530576233 0.17540514775977123 0.2732247530576233 0.17540514775977123 0.30077682899620706 0.09914204003813155 0.30077682899620706
8 0.47569113441372735 0.720945987059611 0.561487130600572 0.720945987059611 0.561487130600572 0.7691621199521327 0.47569113441372735 0.7691621199521327
8 0.3527168732125834 0.8219702655010852 0.42326024785510014 0.8219702655010852 0.42326024785510014 0.8724824047218223 0.3527168732125834 0.8724824047218223
