8 0.15919923736892277 0.1620325499016174 0.20877025738798854 0.1620325499016174 0.20877025738798854 0.20254068737702174 0.15919923736892277 0.20254068737702174
8 0.2869399428026692 0.11402290548632336 0.33555767397521447 0.11402290548632336 0.33555767397521447 0.13652742630599243 0.2869399428026692 0.13652742630599243
8 0.3555767397521448 0.15903194712566152 0.37750238322211627 0.15903194712566152 0.37750238322211627 0.1770355637813968 0.3555767397521448 0.1770355637813968
8 0.3937082936129647 0.21754370125680114 0.4385128693994281 0.21754370125680114 0.4385128693994281 0.2340470165245585 0.3937082936129647 0.2340470165245585
8 0.04575786463298379 0.11702350826227922 0.05815061963775024 0.11702350826227922 0.05815061963775024 0.220544304032757 0.04575786463298379 0.220544304032757
8 0.044804575786463297 0.45009041639338165 0.055290753098188754 0.45009041639338165 0.055290753098188754 0.5701145274316168 0.044804575786463297 0.5701145274316168
8 0.07149666348903717 0.540108499672058 0.13918017159199236 0.540108499672058 0.13918017159199236 0.5611127191037492 0.07149666348903717 0.5611127191037492
8 0.1553860819828408 0.5536112121638594 0.21258341277407056 0.5536112121638594 0.21258341277407056 0.5701145274316168 0.1553860819828408 0.5701145274316168
8 0.31839847473784555 0.35557142895077154 0.332697807435653 0.35557142895077154 0.332697807435653 0.37507534699448475 0.31839847473784555 0.37507534699448475
8 0.37940896091515713 0.42758589557371274 0.45757864632983775 0.42758589557371274 0.45757864632983775 0.46059252610922724 0.37940896091515713 0.46059252610922724
8 0.27454718779790277 0.4770958413769846 0.34795042897998096 0.4770958413769846 0.34795042897998096 0.5356075955081242 0.27454718779790277 0.5356075955081242
8 0.5271687321258341 0.5446094038359919 0.5738798856053384 0.5446094038359919 0.5738798856053384 0.5671139246556609 0.5271687321258341 0.5671139246556609
8 0.6482364156339371 0.4860976497048523 0.667302192564347 0.4860976497048523 0.667302192564347 0.5041012663605876 0.6482364156339371 0.5041012663605876
8 0.7292659675881792 0.32256479841525687 0.7464251668255482 0.32256479841525687 0.7464251668255482 0.3375678122950362 0.7292659675881792 0.3375678122950362
8 0.7178265014299333 0.4845973483168743 0.773117254528122 0.4845973483168743 0.773117254528122 0.5326069927321684 0.7178265014299333 0.5326069927321684
8 0.3937082936129647 0.8641735994752928 0.44804575786463297 0.8641735994752928 0.44804575786463297 0.9151838466665427 0.3937082936129647 0.9151838466665427
8 0.5624404194470924 0.930186860546322 0.6139180171591992 0.930186860546322 0.6139180171591992 0.9541916827539692 0.5624404194470924 0.9541916827539692
8 0.6568160152526216 0.9211850522184545 0.7006673021925642 0.9211850522184545 0.7006673021925642 0.9481904772020574 0.6568160152526216 0.9481904772020574
8 0.044804575786463297 0.7261458717813225 0.05624404194470926 0.7261458717813225 0.05624404194470926 0.9691946966337486 0.044804575786463297 0.9691946966337486
8 0.01525262154432793 0.42608559418573466 0.03050524308865586 0.42608559418573466 0.03050524308865586 0.6031211579671314 0.01525262154432793 0.6031211579671314
10 0.1773117254528122 0.23404701652455845 0.18875119161105813 0.23404701652455845 0.18875119161105813 0.4860976497048522 0.1773117254528122 0.4860976497048522
10 0.11820781696854145 0.5026009649726095 0.16777883698760723 0.5026009649726095 0.16777883698760723 0.5191042802403668 0.11820781696854145 0.5191042802403668
10 0.2001906577693041 0.5026009649726095 0.2697807435653003 0.5026009649726095 0.2697807435653003 0.517603978852389 0.2001906577693041 0.517603978852389
10 0.22402287893231648 0.17553526239341885 0.29551954242135364 0.17553526239341885 0.29551954242135364 0.19053827627319825 0.22402287893231648 0.19053827627319825
10 0.33079122974261194 0.17703556378139682 0.40133460438512875 0.17703556378139682 0.40133460438512875 0.1935388790491541 0.33079122974261194 0.1935388790491541
10 0.30791229742612014 0.2115424957048894 0.31839847473784555 0.2115424957048894 0.31839847473784555 0.46059252610922724 0.30791229742612014 0.46059252610922724
10 0.3527168732125834 0.5026009649726095 0.40419447092469013 0.5026009649726095 0.40419447092469013 0.5221048830163227 0.3527168732125834 0.5221048830163227
10 0.43374642516682554 0.5026009649726095 0.5700667302192566 0.5026009649726095 0.5700667302192566 0.517603978852389 0.43374642516682554 0.517603978852389
10 0.41372735938989513 0.5356075955081242 0.4251668255481411 0.5356075955081242 0.4251668255481411 0.8416690786556236 0.41372735938989513 0.8416690786556236
10 0.45853193517635843 0.8806769147430501 0.5700667302192566 0.8806769147430501 0.5700667302192566 0.9016811341747414 0.45853193517635843 0.9016811341747414
10 0.5824594852240229 0.53860819828408 0.5958055290753098 0.53860819828408 0.5958055290753098 0.8656739008632708 0.5824594852240229 0.8656739008632708
10 0.6072449952335558 0.8821772161310282 0.6663489037178265 0.8821772161310282 0.6663489037178265 0.9001808327867633 0.6072449952335558 0.9001808327867633
10 0.6081982840800763 0.5026009649726095 0.7082936129647284 0.5026009649726095 0.7082936129647284 0.5221048830163227 0.6081982840800763 0.5221048830163227
10 0.5862726406101049 0.3390681136830142 0.5948522402287894 0.3390681136830142 0.5948522402287894 0.48459734831687423 0.5862726406101049 0.48459734831687423
10 0.5881792183031459 0.3390681136830142 0.8884652049571019 0.3390681136830142 0.8884652049571019 0.3510705247868377 0.5881792183031459 0.3510705247868377
10 0.8798856053384173 0.34206871645897 0.8894184938036223 0.34206871645897 0.8894184938036223 0.48609764970485214 0.8798856053384173 0.48609764970485214
10 0.7874165872259294 0.5026009649726095 0.8741658722592945 0.5026009649726095 0.8741658722592945 0.517603978852389 0.7874165872259294 0.517603978852389
11 0.15252621544327932 0.49659975942069773 0.16873212583412775 0.49659975942069773 0.16873212583412775 0.5206045816283448 0.15252621544327932 0.5206045816283448
11 0.1773117254528122 0.23404701652455845 0.18875119161105813 0.23404701652455845 0.18875119161105813 0.25655153734422753 0.1773117254528122 0.25655153734422753
11 0.28026692087702576 0.1740349610054409 0.2926596758817922 0.1740349610054409 0.2926596758817922 0.19653948182511 0.28026692087702576 0.19653948182511
11 0.38798856053384173 0.17253465961746298 0.40419447092469024 0.17253465961746298 0.40419447092469024 0.1935388790491541 0.38798856053384173 0.1935388790491541
11 0.25452812202097236 0.5011006635846316 0.2707340324118208 0.5011006635846316 0.2707340324118208 0.5206045816283448 0.25452812202097236 0.5206045816283448
11 0.3060057197330791 0.43958830667753607 0.3203050524308865 0.43958830667753607 0.3203050524308865 0.46209282749720526 0.3060057197330791 0.46209282749720526
11 0.3870352716873213 0.49810006080867564 0.40419447092469024 0.49810006080867564 0.40419447092469024 0.5221048830163227 0.3870352716873213 0.5221048830163227
11 0.5548141086749285 0.4996003621966537 0.572926596758818 0.4996003621966537 0.572926596758818 0.5236051844043008 0.5548141086749285 0.5236051844043008
11 0.6901811248808388 0.49659975942069773 0.7102001906577694 0.49659975942069773 0.7102001906577694 0.5236051844043007 0.6901811248808388 0.5236051844043007
11 0.8570066730219257 0.5011006635846316 0.8722592945662536 0.5011006635846316 0.8722592945662536 0.5206045816283448 0.8570066730219257 0.5206045816283448
11 0.877025738798856 0.4680940330491169 0.892278360343184 0.4680940330491169 0.892278360343184 0.4875979510928301 0.877025738798856 0.4875979510928301
11 0.5786463298379408 0.5371078968961022 0.597712106768351 0.5371078968961022 0.597712106768351 0.5641133218797051 0.5786463298379408 0.5641133218797051
11 0.4127740705433746 0.8146636536720209 0.4270734032411821 0.8146636536720209 0.4270734032411821 0.8416690786556237 0.4127740705433746 0.8416690786556237
11 0.559580552907531 0.8776763119670943 0.5700667302192566 0.8776763119670943 0.5700667302192566 0.9046817369506971 0.559580552907531 0.9046817369506971
11 0.6491897044804575 0.8776763119670943 0.665395614871306 0.8776763119670943 0.665395614871306 0.8986805313987853 0.6491897044804575 0.8986805313987853
7 0.0877025738798856 0.4830970469288963 0.12106768350810297 0.4830970469288963 0.12106768350810297 0.5296063899562125 0.0877025738798856 0.5296063899562125
1 0.3965681601525262 0.1545310429617277 0.43279313632030497 0.1545310429617277 0.43279313632030497 0.2115424957048894 0.3965681601525262 0.2115424957048894
1 0.8646329837940896 0.4830970469288963 0.90371782650143 0.4830970469288963 0.90371782650143 0.540108499672058 0.8646329837940896 0.540108499672058
1 0.6596758817921831 0.8626732980873147 0.6959008579599618 0.8626732980873147 0.6959008579599618 0.9166841480545207 0.6596758817921831 0.9166841480545207
3 0.13918017159199236 0.12602531659014687 0.22878932316491898 0.12602531659014687 0.22878932316491898 0.24154852346444816 0.13918017159199236 0.24154852346444816
3 0.2678741658722593 0.45009041639338165 0.3555767397521449 0.45009041639338165 0.3555767397521449 0.5686142260436389 0.2678741658722593 0.5686142260436389
3 0.7006673021925642 0.4515907177813596 0.792183031458532 0.4515907177813596 0.792183031458532 0.5641133218797051 0.7006673021925642 0.5641133218797051
3 0.3746425166825549 0.8341675717157341 0.46520495710200205 0.8341675717157341 0.46520495710200205 0.9481904772020574 0.3746425166825549 0.9481904772020574
4 0.034318398474737846 0.0270054249836029 0.0657769304099142 0.0270054249836029 0.0657769304099142 0.32556540119121274 0.034318398474737846 0.32556540119121274
4 0.03622497616777884 0.2970596748196319 0.06196377502383221 0.2970596748196319 0.06196377502383221 0.715643762065477 0.03622497616777884 0.715643762065477
4 0.03336510962821735 0.6946395426337857 0.0667302192564347 0.6946395426337857 0.0667302192564347 0.9901989160654397 0.03336510962821735 0.9901989160654397
5 0.2869399428026692 0.14702953602183802 0.3336510962821735 0.14702953602183802 0.3336510962821735 0.21454309848084524 0.2869399428026692 0.21454309848084524
5 0.16110581506196378 0.4725949372130508 0.20972354623450903 0.4725949372130508 0.20972354623450903 0.5446094038359919 0.16110581506196378 0.5446094038359919
5 0.39752144899904673 0.4755955399890066 0.44327931363203055 0.4755955399890066 0.44327931363203055 0.5431091024480138 0.39752144899904673 0.5431091024480138
5 0.569113441372736 0.4770958413769846 0.6120114394661584 0.4770958413769846 0.6120114394661584 0.5431091024480138 0.569113441372736 0.5431091024480138
5 0.5681601525262153 0.856672092535403 0.6139180171591987 0.856672092535403 0.6139180171591987 0.9256859563823884 0.5681601525262153 0.9256859563823884
