8 0.19672756706753008 0.04619565217391305 0.8203168362627198 0.04619565217391305 0.8203168362627198 0.08288043478260872 0.19672756706753008 0.08288043478260872
8 0.2078630897317299 0.1970108695652174 0.8203168362627198 0.1970108695652174 0.8203168362627198 0.23097826086956522 0.2078630897317299 0.23097826086956522
8 0.16332099907493064 0.34239130434782616 0.8314523589269197 0.34239130434782616 0.8314523589269197 0.3668478260869566 0.16332099907493064 0.3668478260869566
8 0.18930388529139686 0.48369565217391314 0.846299722479186 0.48369565217391314 0.846299722479186 0.5149456521739132 0.18930388529139686 0.5149456521739132
8 0.19672756706753008 0.6317934782608696 0.8462997224791861 0.6317934782608696 0.8462997224791861 0.6630434782608697 0.19672756706753008 0.6630434782608697
8 0.23013413506012953 0.7798913043478263 0.7943339500462536 0.7798913043478263 0.7943339500462536 0.8111413043478263 0.23013413506012953 0.8111413043478263
8 0.39345513413506017 0.9334239130434784 0.6273011100832563 0.9334239130434784 0.6273011100832563 0.9551630434782609 0.39345513413506017 0.9551630434782609
10 0.4899629972247919 0.09646739130434784 0.5307932469935247 0.09646739130434784 0.5307932469935247 0.17119565217391308 0.4899629972247919 0.17119565217391308
10 0.4825393154486587 0.24320652173913046 0.5345050878815911 0.24320652173913046 0.5345050878815911 0.3206521739130435 0.4825393154486587 0.3206521739130435
10 0.4936748381128585 0.38994565217391314 0.527081406105458 0.38994565217391314 0.527081406105458 0.4687500000000001 0.4936748381128585 0.4687500000000001
10 0.4936748381128585 0.5380434782608696 0.5345050878815911 0.5380434782608696 0.5345050878815911 0.6141304347826088 0.4936748381128585 0.6141304347826088
10 0.4973866790009251 0.6820652173913043 0.5307932469935246 0.6820652173913043 0.5307932469935246 0.7622282608695652 0.4973866790009251 0.7622282608695652
10 0.4899629972247919 0.8288043478260873 0.5345050878815911 0.8288043478260873 0.5345050878815911 0.9062500000000002 0.4899629972247919 0.9062500000000002
11 0.47882747456059216 0.15625000000000003 0.5456406105457909 0.15625000000000003 0.5456406105457909 0.17663043478260873 0.47882747456059216 0.17663043478260873
11 0.4714037927844588 0.30163043478260876 0.5530642923219242 0.30163043478260876 0.5530642923219242 0.32201086956521746 0.4714037927844588 0.32201086956521746
11 0.4825393154486587 0.44836956521739135 0.5419287696577244 0.44836956521739135 0.5419287696577244 0.47010869565217395 0.4825393154486587 0.47010869565217395
11 0.4899629972247919 0.5910326086956522 0.5456406105457909 0.5910326086956522 0.5456406105457909 0.6154891304347828 0.4899629972247919 0.6154891304347828
11 0.4899629972247919 0.7391304347826088 0.5382169287696578 0.7391304347826088 0.5382169287696578 0.7608695652173914 0.4899629972247919 0.7608695652173914
11 0.4825393154486587 0.8858695652173914 0.5382169287696578 0.8858695652173914 0.5382169287696578 0.9116847826086957 0.4825393154486587 0.9116847826086957
3 0.0779486586493987 0.01766304347826087 0.9353839037927846 0.01766304347826087 0.9353839037927846 0.10190217391304349 0.0779486586493987 0.10190217391304349
3 0.10021970397779835 0.16711956521739132 0.9279602220166512 0.16711956521739132 0.9279602220166512 0.25271739130434784 0.10021970397779835 0.25271739130434784
3 0.06681313598519889 0.31385869565217395 0.9539431082331176 0.31385869565217395 0.9539431082331176 0.39809782608695665 0.06681313598519889 0.39809782608695665
3 0.08537234042553193 0.46195652173913043 0.9502312673450509 0.46195652173913043 0.9502312673450509 0.5421195652173914 0.08537234042553193 0.5421195652173914
3 0.08166049953746532 0.6059782608695653 0.9613667900092506 0.6059782608695653 0.9613667900092506 0.6915760869565218 0.08166049953746532 0.6915760869565218
3 0.11506706753006476 0.7513586956521741 0.901977335800185 0.7513586956521741 0.901977335800185 0.8355978260869568 0.11506706753006476 0.8355978260869568
3 0.2858117483811286 0.8994565217391306 0.742368177613321 0.8994565217391306 0.742368177613321 0.9809782608695654 0.2858117483811286 0.9809782608695654
