4 0.03622497616777884 0.012801307367560941 0.3431839847473784 0.012801307367560941 0.3431839847473784 0.08160833446820101 0.03622497616777884 0.08160833446820101
4 0.002859866539561487 0.16001634209451177 0.05815061963775023 0.16001634209451177 0.05815061963775023 0.7072722320577421 0.002859866539561487 0.7072722320577421
4 0.0038131553860819827 0.6784692904807299 0.05338417540514776 0.6784692904807299 0.05338417540514776 0.9296949475691134 0.0038131553860819827 0.9296949475691134
10 0.0886558627264061 0.28642925234917604 0.105815061963775 0.28642925234917604 0.105815061963775 0.2976303962957919 0.0886558627264061 0.2976303962957919
10 0.11725452812202096 0.18561895682963364 0.12392755004766445 0.18561895682963364 0.12392755004766445 0.2672272912978347 0.11725452812202096 0.2672272912978347
10 0.1143946615824595 0.18241862998774339 0.8436606291706389 0.18241862998774339 0.8436606291706389 0.19361977393435925 0.1143946615824595 0.19361977393435925
10 0.18398474737845563 0.07520768078442053 0.19256434699714012 0.07520768078442053 0.19256434699714012 0.24962549366743833 0.18398474737845563 0.24962549366743833
10 0.18684461391801716 0.20482091788097506 0.22402287893231645 0.20482091788097506 0.22402287893231645 0.2144218984066458 0.18684461391801716 0.2144218984066458
10 0.22116301239275502 0.28322892550728584 0.23927550047664445 0.28322892550728584 0.23927550047664445 0.3008307231376821 0.22116301239275502 0.3008307231376821
10 0.1363203050524309 0.2880294157701212 0.1515729265967588 0.2880294157701212 0.1515729265967588 0.3008307231376821 0.1363203050524309 0.3008307231376821
10 0.39275500476644426 0.28482908892823094 0.4099142040038131 0.28482908892823094 0.4099142040038131 0.29763039629579185 0.39275500476644426 0.29763039629579185
10 0.44232602478551003 0.28642925234917604 0.46711153479504286 0.28642925234917604 0.46711153479504286 0.2976303962957919 0.44232602478551003 0.2976303962957919
10 0.4985700667302193 0.28642925234917604 0.5147759771210677 0.28642925234917604 0.5147759771210677 0.29603023287484675 0.4985700667302193 0.29603023287484675
10 0.5471877979027645 0.2880294157701212 0.5691134413727359 0.2880294157701212 0.5691134413727359 0.3008307231376821 0.5471877979027645 0.3008307231376821
10 0.25166825548141086 0.3216328476099687 0.2592945662535748 0.3216328476099687 0.2592945662535748 0.3776385673430478 0.25166825548141086 0.3776385673430478
10 0.25357483317445184 0.368037586817377 0.5567206863679696 0.368037586817377 0.5567206863679696 0.3824390576058831 0.25357483317445184 0.3824390576058831
10 0.5262154432793136 0.3216328476099687 0.5357483317445185 0.3216328476099687 0.5357483317445185 0.4016410186572245 0.5262154432793136 0.4016410186572245
10 0.2526215443279314 0.21762222524853597 0.2583412774070543 0.21762222524853597 0.2583412774070543 0.2656271278768895 0.2526215443279314 0.2656271278768895
10 0.2497616777883699 0.21282173498570062 0.4318398474737846 0.21282173498570062 0.4318398474737846 0.22882336919515184 0.2497616777883699 0.22882336919515184
10 0.4204003813155385 0.21442189840664586 0.43279313632030497 0.21442189840664586 0.43279313632030497 0.2736279449816152 0.4204003813155385 0.2736279449816152
10 0.2716873212583413 0.28642925234917604 0.28789323164918973 0.28642925234917604 0.28789323164918973 0.29603023287484675 0.2716873212583413 0.29603023287484675
10 0.3098188751191611 0.2880294157701212 0.32602478551000946 0.2880294157701212 0.32602478551000946 0.299230559716737 0.3098188751191611 0.299230559716737
10 0.4795042897998094 0.21282173498570062 0.5881792183031459 0.21282173498570062 0.5881792183031459 0.22242271551137135 0.4795042897998094 0.22242271551137135
10 0.4785510009532888 0.21282173498570062 0.4861773117254528 0.21282173498570062 0.4861773117254528 0.26082663761405417 0.4785510009532888 0.26082663761405417
10 0.5824594852240229 0.2144218984066458 0.5891325071496664 0.2144218984066458 0.5891325071496664 0.2672272912978347 0.5824594852240229 0.2672272912978347
10 0.6024785510009533 0.28482908892823094 0.6720686367969494 0.28482908892823094 0.6720686367969494 0.29763039629579185 0.6024785510009533 0.29763039629579185
10 0.6863679694947568 0.3216328476099687 0.6939942802669209 0.3216328476099687 0.6939942802669209 0.8656884107313086 0.6863679694947568 0.8656884107313086
10 0.682554814108675 0.8480866131009124 0.8827454718779792 0.8480866131009124 0.8827454718779792 0.8688887375731988 0.682554814108675 0.8688887375731988
10 0.7597712106768352 0.33123382813563934 0.7683508102955197 0.33123382813563934 0.7683508102955197 0.5056516410186572 0.7597712106768352 0.5056516410186572
10 0.7588179218303146 0.5424553997003949 0.7693040991420401 0.5424553997003949 0.7693040991420401 0.7872804031049979 0.7588179218303146 0.7872804031049979
10 0.7597712106768352 0.7840800762631077 0.8007626310772163 0.7840800762631077 0.8007626310772163 0.7968813836306685 0.7597712106768352 0.7968813836306685
10 0.7988560533841755 0.2816287620863407 0.8207816968541468 0.2816287620863407 0.8207816968541468 0.3008307231376821 0.7988560533841755 0.3008307231376821
10 0.7044804575786463 0.28482908892823094 0.7302192564346998 0.28482908892823094 0.7302192564346998 0.3008307231376821 0.7044804575786463 0.3008307231376821
10 0.8341277407054338 0.1824186299877434 0.8398474737845567 0.1824186299877434 0.8398474737845567 0.2688274547187798 0.8341277407054338 0.2688274547187798
10 0.8331744518589133 0.3168323573471333 0.8417540514775977 0.3168323573471333 0.8417540514775977 0.7504766444232602 0.8331744518589133 0.7504766444232602
10 0.871306005719733 0.7856802396840528 0.9008579599618685 0.7856802396840528 0.9008579599618685 0.7952812202097235 0.871306005719733 0.7952812202097235
10 0.9285033365109627 0.7840800762631077 0.9590085795996186 0.7840800762631077 0.9590085795996186 0.7968813836306685 0.9285033365109627 0.7968813836306685
10 0.5662535748331744 0.4304439602342366 0.5872259294566254 0.4304439602342366 0.5872259294566254 0.4400449407599073 0.5662535748331744 0.4400449407599073
10 0.6205910390848427 0.4304439602342366 0.6530028598665396 0.4304439602342366 0.6530028598665396 0.4416451041808524 0.6205910390848427 0.4416451041808524
10 0.5996186844613918 0.4608470652321938 0.6110581506196376 0.4608470652321938 0.6110581506196376 0.5744586681192972 0.5996186844613918 0.5744586681192972
10 0.48141086749285034 0.5216532752281083 0.5319351763584366 0.5216532752281083 0.5319351763584366 0.5392550728585047 0.48141086749285034 0.5392550728585047
10 0.5262154432793136 0.47524853602069994 0.5338417540514776 0.47524853602069994 0.5338417540514776 0.9408960915157293 0.5262154432793136 0.9408960915157293
10 0.5996186844613918 0.652866675745608 0.6091515729265967 0.652866675745608 0.6091515729265967 0.9408960915157293 0.5996186844613918 0.9408960915157293
10 0.5996186844613918 0.7856802396840528 0.6415633937082935 0.7856802396840528 0.6415633937082935 0.801681873893504 0.5996186844613918 0.801681873893504
11 0.09628217349857007 0.2784284352444505 0.10390848427073403 0.2784284352444505 0.10390848427073403 0.3008307231376821 0.09628217349857007 0.3008307231376821
11 0.111534795042898 0.24962549366743833 0.12583412774070543 0.24962549366743833 0.12583412774070543 0.2672272912978346 0.111534795042898 0.2672272912978346
11 0.14394661582459486 0.28322892550728584 0.1544327931363203 0.28322892550728584 0.1544327931363203 0.30563121340051747 0.14394661582459486 0.30563121340051747
11 0.228789323164919 0.2784284352444505 0.24118207816968545 0.2784284352444505 0.24118207816968545 0.3008307231376821 0.228789323164919 0.3008307231376821
11 0.24880838894184937 0.24962549366743833 0.2612011439466158 0.24962549366743833 0.2612011439466158 0.2656271278768895 0.24880838894184937 0.2656271278768895
11 0.2783603431839847 0.2800285986653956 0.2869399428026692 0.2800285986653956 0.2869399428026692 0.30243088655862727 0.2783603431839847 0.30243088655862727
11 0.25071496663489035 0.3168323573471333 0.2612011439466158 0.3168323573471333 0.2612011439466158 0.3328339915565845 0.25071496663489035 0.3328339915565845
11 0.31649189704480457 0.28322892550728584 0.3269780743565301 0.28322892550728584 0.3269780743565301 0.29763039629579185 0.31649189704480457 0.29763039629579185
11 0.4003813155386082 0.2816287620863407 0.41372735938989513 0.2816287620863407 0.41372735938989513 0.29763039629579185 0.4003813155386082 0.29763039629579185
11 0.457578646329838 0.28482908892823094 0.46901811248808395 0.28482908892823094 0.46901811248808395 0.30243088655862727 0.457578646329838 0.30243088655862727
11 0.4756911344137274 0.244825003404603 0.4871306005719733 0.244825003404603 0.4871306005719733 0.26242680103499927 0.4756911344137274 0.26242680103499927
11 0.5052430886558628 0.28482908892823094 0.5176358436606292 0.28482908892823094 0.5176358436606292 0.299230559716737 0.5052430886558628 0.299230559716737
11 0.559580552907531 0.28642925234917604 0.5710200190657769 0.28642925234917604 0.5710200190657769 0.2976303962957919 0.559580552907531 0.2976303962957919
11 0.5252621544327931 0.38563938444777335 0.5376549094375596 0.38563938444777335 0.5376549094375596 0.3968405283943892 0.5252621544327931 0.3968405283943892
11 0.6644423260247855 0.2816287620863407 0.6758817921830315 0.2816287620863407 0.6758817921830315 0.29603023287484675 0.6644423260247855 0.29603023287484675
11 0.7206863679694948 0.2816287620863407 0.7321258341277408 0.2816287620863407 0.7321258341277408 0.30243088655862727 0.7206863679694948 0.30243088655862727
11 0.8102955195424214 0.2784284352444505 0.8245948522402288 0.2784284352444505 0.8245948522402288 0.29923055971673707 0.8102955195424214 0.29923055971673707
11 0.7578646329837941 0.49285033365109626 0.771210676835081 0.49285033365109626 0.771210676835081 0.5152526215443279 0.7578646329837941 0.5152526215443279
11 0.7902764537654909 0.7808797494212175 0.8045757864632983 0.7808797494212175 0.8045757864632983 0.801681873893504 0.7902764537654909 0.801681873893504
11 0.8265014299332697 0.7392755004766443 0.8436606291706387 0.7392755004766443 0.8436606291706387 0.7552771346860955 0.8265014299332697 0.7552771346860955
11 0.8884652049571019 0.7824799128421626 0.9008579599618685 0.7824799128421626 0.9008579599618685 0.801681873893504 0.8884652049571019 0.801681873893504
11 0.948522402287893 0.7792795860002725 0.9580552907530981 0.7792795860002725 0.9580552907530981 0.7984815470516137 0.948522402287893 0.7984815470516137
11 0.5977121067683508 0.9216941304643876 0.6129647283126788 0.9216941304643876 0.6129647283126788 0.9424962549366743 0.5977121067683508 0.9424962549366743
11 0.5243088655862727 0.46884788233691943 0.5338417540514776 0.46884788233691943 0.5338417540514776 0.489650006809206 0.5243088655862727 0.489650006809206
11 0.5977121067683508 0.5504562168051205 0.6110581506196378 0.5504562168051205 0.6110581506196378 0.5792591583821325 0.5977121067683508 0.5792591583821325
11 0.6463298379408962 0.6032616096963094 0.6587225929456625 0.6032616096963094 0.6587225929456625 0.6192632439057605 0.6463298379408962 0.6192632439057605
11 0.640610104861773 0.4224431431295111 0.6520495710200189 0.4224431431295111 0.6520495710200189 0.44324526760179755 0.640610104861773 0.44324526760179755
11 0.5786463298379408 0.4240433065504562 0.5881792183031459 0.4240433065504562 0.5881792183031459 0.4448454310227427 0.5786463298379408 0.4448454310227427
7 0.060057197330791234 0.2640269644559444 0.08865586272640612 0.2640269644559444 0.08865586272640612 0.3232330110309138 0.060057197330791234 0.3232330110309138
1 0.9551954242135366 0.760077624948931 0.9828408007626313 0.760077624948931 0.9828408007626313 0.8144831812610649 0.9551954242135366 0.8144831812610649
1 0.6482364156339371 0.4128421626038403 0.6768350810295519 0.4128421626038403 0.6768350810295519 0.4592469018112488 0.6482364156339371 0.4592469018112488
1 0.6549094375595805 0.5888601389078033 0.6816015252621543 0.5888601389078033 0.6816015252621543 0.6368650415361569 0.6549094375595805 0.6368650415361569
3 0.15252621544327932 0.24322483998365788 0.224976167778837 0.24322483998365788 0.224976167778837 0.3344341549775296 0.15252621544327932 0.3344341549775296
3 0.3203050524308865 0.24642516682554813 0.3946615824594852 0.24642516682554813 0.3946615824594852 0.3344341549775296 0.3203050524308865 0.3344341549775296
3 0.7244995233555769 0.244825003404603 0.8026692087702574 0.244825003404603 0.8026692087702574 0.3424349720822552 0.7244995233555769 0.3424349720822552
3 0.4899904671115348 0.3888397112896636 0.5691134413727359 0.3888397112896636 0.5691134413727359 0.4816491897044804 0.4899904671115348 0.4816491897044804
3 0.5653002859866539 0.5680580144355167 0.6434699714013344 0.5680580144355167 0.6434699714013344 0.6592673294293886 0.5653002859866539 0.6592673294293886
3 0.7998093422306958 0.748876481002315 0.8751191611058151 0.748876481002315 0.8751191611058151 0.830484815470516 0.7998093422306958 0.830484815470516
5 0.10867492850333652 0.2672272912978347 0.1344137273593899 0.2672272912978347 0.1344137273593899 0.3232330110309138 0.10867492850333652 0.3232330110309138
5 0.23546234509056244 0.26082663761405417 0.27454718779790277 0.26082663761405417 0.27454718779790277 0.32163284760996863 0.23546234509056244 0.32163284760996863
5 0.41086749285033364 0.2640269644559444 0.44232602478551 0.2640269644559444 0.44232602478551 0.32483317445185883 0.41086749285033364 0.32483317445185883
5 0.46043851286939946 0.2560261473512188 0.4995233555767398 0.2560261473512188 0.4995233555767398 0.3248331744518589 0.46043851286939946 0.3248331744518589
5 0.5138226882745471 0.25762631077216397 0.546234509056244 0.25762631077216397 0.546234509056244 0.32323301103091384 0.5138226882745471 0.32323301103091384
5 0.5662535748331744 0.25922647419310907 0.6005719733079125 0.25922647419310907 0.6005719733079125 0.32483317445185894 0.5662535748331744 0.32483317445185894
5 0.6701620591039085 0.2528258205093286 0.7111534795042898 0.2528258205093286 0.7111534795042898 0.3232330110309138 0.6701620591039085 0.3232330110309138
5 0.8122020972354623 0.2560261473512188 0.8541468064823642 0.2560261473512188 0.8541468064823642 0.32003268418902353 0.8122020972354623 0.32003268418902353
5 0.8913250714966635 0.7504766444232602 0.9294566253574833 0.7504766444232602 0.9294566253574833 0.8224839983657903 0.8913250714966635 0.8224839983657903
0 0.22116301239275502 0.1888192836715239 0.2459485224022879 0.1888192836715239 0.2459485224022879 0.2368241862998774 0.22116301239275502 0.2368241862998774
0 0.4585319351763584 0.49925098733487666 0.48522402287893224 0.49925098733487666 0.48522402287893224 0.558457033909846 0.4585319351763584 0.558457033909846
0 0.7445185891325071 0.4976508239139317 0.7807435653002858 0.4976508239139317 0.7807435653002858 0.5520563802260656 0.7445185891325071 0.5520563802260656
0 0.6387035271687321 0.7664782786327115 0.6625357483317446 0.7664782786327115 0.6625357483317446 0.8192836715239002 0.6387035271687321 0.8192836715239002
5 0.5891325071496664 0.4048413454991147 0.6205910390848427 0.4048413454991147 0.6205910390848427 0.4592469018112488 0.5891325071496664 0.4592469018112488
4 0.40705433746425174 0.9328952744110036 0.7206863679694948 0.9328952744110036 0.7206863679694948 0.9985019746697535 0.40705433746425174 0.9985019746697535
8 0.05052430886558627 0.31843252076807843 0.11058150619637751 0.31843252076807843 0.11058150619637751 0.37603840392210264 0.05052430886558627 0.37603840392210264
8 0.0219256434699714 0.20322075446002993 0.042897998093422304 0.20322075446002993 0.042897998093422304 0.6208634073267059 0.0219256434699714 0.6208634073267059
8 0.0190657769304099 0.704071905215852 0.039084842707340285 0.704071905215852 0.039084842707340285 0.9168936402015524 0.0190657769304099 0.9168936402015524
8 0.4432793136320305 0.5504562168051205 0.5061963775023832 0.5504562168051205 0.5061963775023832 0.6128625902219801 0.4432793136320305 0.6128625902219801
8 0.28217349857006674 0.32323301103091384 0.3126787416587226 0.32323301103091384 0.3126787416587226 0.3360343183984747 0.28217349857006674 0.3360343183984747
9 0.28503336510962823 0.2656271278768895 0.313632030505243 0.2656271278768895 0.313632030505243 0.3168323573471333 0.28503336510962823 0.3168323573471333
8 0.21830314585319355 0.23522402287893232 0.2507149666348904 0.23522402287893232 0.2507149666348904 0.24802533024649326 0.21830314585319355 0.24802533024649326
8 0.0076263107721639654 0.10081029551954243 0.2669208770257388 0.10081029551954243 0.2669208770257388 0.14081438104317034 0.0076263107721639654 0.14081438104317034
8 0.11344137273593895 0.04160424894457306 0.25834127740705437 0.04160424894457306 0.25834127740705437 0.05920604657496935 0.11344137273593895 0.05920604657496935
8 0.16015252621544326 0.24962549366743833 0.21258341277407053 0.24962549366743833 0.21258341277407053 0.3296336647146942 0.16015252621544326 0.3296336647146942
8 0.32888465204957085 0.25282582050932856 0.3927550047664441 0.25282582050932856 0.3927550047664441 0.3312338281356394 0.32888465204957085 0.3312338281356394
8 0.27740705433746427 0.2080212447228653 0.4003813155386082 0.2080212447228653 0.4003813155386082 0.2304235326160969 0.27740705433746427 0.2304235326160969
8 0.4966634890371783 0.19521993735530438 0.572926596758818 0.19521993735530438 0.572926596758818 0.25282582050932867 0.4966634890371783 0.25282582050932867
8 0.6024785510009533 0.22882336919515184 0.6615824594852239 0.22882336919515184 0.6615824594852239 0.3552362794498161 0.6024785510009533 0.3552362794498161
8 0.551954242135367 0.33123382813563934 0.6120114394661582 0.33123382813563934 0.6120114394661582 0.3904398747106087 0.551954242135367 0.3904398747106087
8 0.4995233555767398 0.4096418357619501 0.5624404194470926 0.4096418357619501 0.5624404194470926 0.4656475554950293 0.4995233555767398 0.4656475554950293
8 0.5700667302192565 0.47524853602069994 0.6377502383222117 0.47524853602069994 0.6377502383222117 0.5472558899632303 0.5700667302192565 0.5472558899632303
8 0.6377502383222117 0.46244722865313903 0.6854146806482364 0.46244722865313903 0.6854146806482364 0.5152526215443279 0.6377502383222117 0.5152526215443279
8 0.6472831267874166 0.6400653683780471 0.6959008579599618 0.6400653683780471 0.6959008579599618 0.7120727223205773 0.6472831267874166 0.7120727223205773
8 0.569113441372736 0.5808593218030776 0.6367969494756913 0.5808593218030776 0.6367969494756913 0.6480661854827725 0.569113441372736 0.6480661854827725
8 0.7283126787416587 0.5488560533841753 0.7959961868446139 0.5488560533841753 0.7959961868446139 0.572858504698352 0.7283126787416587 0.572858504698352
8 0.7988560533841755 0.1984202641971946 0.877025738798856 0.1984202641971946 0.877025738798856 0.25282582050932867 0.7988560533841755 0.25282582050932867
8 0.6339370829361296 0.8224839983657904 0.6653956148713062 0.8224839983657904 0.6653956148713062 0.8368854691542966 0.6339370829361296 0.8368854691542966
8 0.4842707340324119 0.9536973988832903 0.6406101048617732 0.9536973988832903 0.6406101048617732 0.9744995233555768 0.4842707340324119 0.9744995233555768
8 0.8798856053384175 0.828884652049571 0.9447092469018114 0.828884652049571 0.9447092469018114 0.8880906986245402 0.8798856053384175 0.8880906986245402
8 0.9447092469018114 0.8144831812610649 0.9923736892278362 0.8144831812610649 0.9923736892278362 0.8768895546779246 0.9447092469018114 0.8768895546779246
8 0.7302192564347003 0.2688274547187796 0.7959961868446142 0.2688274547187796 0.7959961868446142 0.31523219392618823 0.7302192564347003 0.31523219392618823
