10 0.18115231788079467 0.2025 0.24571192052980126 0.2025 0.24571192052980126 0.285 0.18115231788079467 0.285
10 0.4104834437086094 0.245 0.5184039735099337 0.245 0.5184039735099337 0.29750000000000004 0.4104834437086094 0.29750000000000004
10 0.6745033112582781 0.26 0.7959139072847682 0.26 0.7959139072847682 0.3225 0.6745033112582781 0.3225
10 0.30352649006622534 0.32999999999999985 0.5155132450331127 0.32999999999999985 0.5155132450331127 0.745 0.30352649006622534 0.745
11 0.20909602649006623 0.21 0.24763907284768213 0.21 0.24763907284768213 0.2975 0.20909602649006623 0.2975
11 0.4875695364238411 0.22500000000000003 0.5203311258278147 0.22500000000000003 0.5203311258278147 0.3125 0.4875695364238411 0.3125
11 0.7573708609271524 0.25 0.7949503311258278 0.25 0.7949503311258278 0.33 0.7573708609271524 0.33
11 0.4750430463576159 0.3425 0.5126225165562914 0.3425 0.5126225165562914 0.41250000000000003 0.4750430463576159 0.41250000000000003
8 0.08286754966887418 0.1575 0.11948344370860928 0.1575 0.11948344370860928 0.24750000000000003 0.08286754966887418 0.24750000000000003
8 0.2919635761589404 0.2625 0.36519536423841065 0.2625 0.36519536423841065 0.33999999999999997 0.2919635761589404 0.33999999999999997
8 0.5608013245033112 0.2625 0.6494503311258278 0.2625 0.6494503311258278 0.33 0.5608013245033112 0.33
8 0.8277119205298014 0.2625 0.8720364238410595 0.2625 0.8720364238410595 0.3225 0.8277119205298014 0.3225
8 0.18018874172185434 0.7075 0.23511258278145697 0.7075 0.23511258278145697 0.7549999999999999 0.18018874172185434 0.7549999999999999
3 0.01830794701986755 0.1025 0.17151655629139073 0.1025 0.17151655629139073 0.28750000000000003 0.01830794701986755 0.28750000000000003
3 0.2495662251655629 0.165 0.417228476821192 0.165 0.417228476821192 0.3925 0.2495662251655629 0.3925
3 0.5155132450331126 0.16 0.6879933774834437 0.16 0.6879933774834437 0.405 0.5155132450331126 0.405
3 0.7862781456953643 0.1575 0.9895927152317879 0.1575 0.9895927152317879 0.43 0.7862781456953643 0.43
3 0.11081125827814568 0.6275 0.3064172185430464 0.6275 0.3064172185430464 0.84 0.11081125827814568 0.84
