8 0.2590415019762846 0.0203804347826087 0.7559782608695653 0.0203804347826087 0.7559782608695653 0.0407608695652174 0.2590415019762846 0.0407608695652174
8 0.2854743083003953 0.10461956521739132 0.7189723320158103 0.10461956521739132 0.7189723320158103 0.1630434782608696 0.2854743083003953 0.1630434782608696
8 0.16916996047430832 0.2364130434782609 0.8458498023715416 0.2364130434782609 0.8458498023715416 0.2758152173913044 0.16916996047430832 0.2758152173913044
8 0.3066205533596838 0.39538043478260876 0.7136857707509882 0.39538043478260876 0.7136857707509882 0.41576086956521746 0.3066205533596838 0.41576086956521746
8 0.16388339920948616 0.5584239130434783 0.8405632411067196 0.5584239130434783 0.8405632411067196 0.6603260869565218 0.16388339920948616 0.6603260869565218
8 0.16916996047430832 0.7323369565217392 0.8352766798418974 0.7323369565217392 0.8352766798418974 0.7907608695652175 0.16916996047430832 0.7907608695652175
8 0.2326086956521739 0.8600543478260873 0.7982707509881424 0.8600543478260873 0.7982707509881424 0.8994565217391306 0.2326086956521739 0.8994565217391306
8 0.21674901185770754 0.9646739130434784 0.8088438735177867 0.9646739130434784 0.8088438735177867 0.9877717391304349 0.21674901185770754 0.9877717391304349
10 0.4863636363636364 0.04755434782608696 0.5286561264822135 0.04755434782608696 0.5286561264822135 0.09103260869565219 0.4863636363636364 0.09103260869565219
10 0.4916501976284585 0.17663043478260876 0.5286561264822135 0.17663043478260876 0.5286561264822135 0.22418478260869568 0.4916501976284585 0.22418478260869568
10 0.4810770750988142 0.2880434782608696 0.5392292490118578 0.2880434782608696 0.5392292490118578 0.3369565217391305 0.4810770750988142 0.3369565217391305
10 0.4810770750988142 0.4728260869565218 0.549802371541502 0.4728260869565218 0.549802371541502 0.5421195652173914 0.4810770750988142 0.5421195652173914
10 0.4863636363636364 0.6698369565217392 0.5339426877470356 0.6698369565217392 0.5339426877470356 0.7173913043478263 0.4863636363636364 0.7173913043478263
10 0.4863636363636364 0.8029891304347827 0.5339426877470356 0.8029891304347827 0.5339426877470356 0.8491847826086959 0.4863636363636364 0.8491847826086959
10 0.4863636363636364 0.9130434782608695 0.5286561264822135 0.9130434782608695 0.5286561264822135 0.9578804347826089 0.4863636363636364 0.9578804347826089
11 0.47050395256917 0.08016304347826088 0.5339426877470356 0.08016304347826088 0.5339426877470356 0.09103260869565219 0.47050395256917 0.09103260869565219
11 0.4757905138339902 0.21195652173913046 0.5392292490118555 0.21195652173913046 0.5392292490118555 0.22961956521739157 0.4757905138339902 0.22961956521739157
11 0.4863636363636364 0.3233695652173914 0.5286561264822134 0.3233695652173914 0.5286561264822134 0.33288043478260876 0.4863636363636364 0.33288043478260876
11 0.4863636363636364 0.5312500000000001 0.5339426877470357 0.5312500000000001 0.5339426877470357 0.5421195652173914 0.4863636363636364 0.5421195652173914
8 0.4757905138339921 0.5054347826086957 0.5656620553359686 0.5054347826086957 0.5656620553359686 0.5190217391304348 0.4757905138339921 0.5190217391304348
11 0.4863636363636364 0.706521739130435 0.5339426877470356 0.706521739130435 0.5339426877470356 0.7146739130434785 0.4863636363636364 0.7146739130434785
11 0.47050395256917 0.8383152173913043 0.549802371541502 0.8383152173913043 0.549802371541502 0.8505434782608695 0.47050395256917 0.8505434782608695
11 0.4863636363636364 0.9497282608695654 0.5445158102766798 0.9497282608695654 0.5445158102766798 0.9592391304347825 0.4863636363636364 0.9592391304347825
3 0.21674901185770754 0.009510869565217392 0.8035573122529645 0.009510869565217392 0.8035573122529645 0.052989130434782615 0.21674901185770754 0.052989130434782615
3 0.052865612648221344 0.08423913043478262 0.9621541501976284 0.08423913043478262 0.9621541501976284 0.18070652173913046 0.052865612648221344 0.18070652173913046
3 0.052865612648221344 0.21875000000000006 0.9621541501976284 0.21875000000000006 0.9621541501976284 0.29211956521739135 0.052865612648221344 0.29211956521739135
3 0.052865612648221344 0.5366847826086958 0.9568675889328064 0.5366847826086958 0.9568675889328064 0.6752717391304349 0.052865612648221344 0.6752717391304349
3 0.06872529644268775 0.7105978260869567 0.9462944664031621 0.7105978260869567 0.9462944664031621 0.8084239130434784 0.06872529644268775 0.8084239130434784
3 0.058152173913043476 0.8451086956521741 0.9621541501976286 0.8451086956521741 0.9621541501976286 0.9171195652173914 0.058152173913043476 0.9171195652173914
3 0.1797430830039526 0.9538043478260873 0.8511363636363638 0.9538043478260873 0.8511363636363638 0.9972826086956524 0.1797430830039526 0.9972826086956524
5 0.22203557312252958 0.3369565217391304 0.7982707509881419 0.3369565217391304 0.7982707509881419 0.4782608695652174 0.22203557312252958 0.4782608695652174
