10 0.06065966546496788 0.07472178060413355 0.06836248012718601 0.07472178060413355 0.06836248012718601 0.5294117647058824 0.06065966546496788 0.5294117647058824
10 0.07895385028773597 0.4674085850556439 0.29944691999373035 0.4674085850556439 0.29944691999373035 0.4769475357710652 0.07895385028773597 0.4769475357710652
10 0.2773013278398531 0.5166931637519873 0.30137262365928486 0.5166931637519873 0.30137262365928486 0.5294117647058825 0.2773013278398531 0.5294117647058825
10 0.07895385028773597 0.4626391096979332 0.09821088694328133 0.4626391096979332 0.09821088694328133 0.5278219395866455 0.07895385028773597 0.5278219395866455
10 0.17331332989990822 0.534181240063593 0.19834747755211718 0.534181240063593 0.19834747755211718 0.550079491255962 0.17331332989990822 0.550079491255962
10 0.18390470006045817 0.5596184419713831 0.19353321838823082 0.5596184419713831 0.19353321838823082 0.739268680445151 0.18390470006045817 0.739268680445151
10 0.07413959112384963 0.5389507154213037 0.10013659060883585 0.5389507154213037 0.10013659060883585 0.5532591414944356 0.07413959112384963 0.5532591414944356
10 0.32351821581316204 0.5166931637519873 0.35240377079648 0.5166931637519873 0.35240377079648 0.5278219395866455 0.32351821581316204 0.5278219395866455
10 0.3206296603148302 0.3624801271860095 0.33025817864260293 0.3624801271860095 0.33025817864260293 0.5262321144674086 0.3206296603148302 0.5262321144674086
10 0.3177411048164984 0.35930047694753575 0.8761951678273138 0.35930047694753575 0.8761951678273138 0.3783783783783784 0.3177411048164984 0.3783783783783784
10 0.4255805100875524 0.5357710651828299 0.46024317606753407 0.5357710651828299 0.46024317606753407 0.5500794912559619 0.4255805100875524 0.5500794912559619
10 0.2763384760070759 0.5357710651828299 0.3504780671309255 0.5357710651828299 0.3504780671309255 0.5516693163751988 0.2763384760070759 0.5516693163751988
10 0.2002731812176717 0.7599364069952306 0.4400232875792114 0.7599364069952306 0.4400232875792114 0.7758346581875993 0.2002731812176717 0.7758346581875993
10 0.47083454622808396 0.5707472178060413 0.4814259163886339 0.5707472178060413 0.4814259163886339 0.7281399046104929 0.47083454622808396 0.7281399046104929
10 0.49201728654918386 0.5357710651828299 0.5420855818536018 0.5357710651828299 0.5420855818536018 0.5532591414944356 0.49201728654918386 0.5532591414944356
10 0.6162251729774514 0.5421303656597775 0.6518506907902103 0.5421303656597775 0.6518506907902103 0.5500794912559619 0.6162251729774514 0.5500794912559619
10 0.7269531337468372 0.5373608903020668 0.754875836897378 0.5373608903020668 0.754875836897378 0.5532591414944356 0.7269531337468372 0.5532591414944356
10 0.7895385028773596 0.5373608903020668 0.8116840950312368 0.5373608903020668 0.8116840950312368 0.548489666136725 0.7895385028773596 0.548489666136725
10 0.8328668353523367 0.5373608903020668 0.8501981683423275 0.5373608903020668 0.8501981683423275 0.5532591414944356 0.8328668353523367 0.5532591414944356
10 0.7702814662218143 0.4133545310015898 0.7770214290512552 0.4133545310015898 0.7770214290512552 0.5262321144674087 0.7702814662218143 0.5262321144674087
10 0.7693186143890371 0.4085850556438791 0.8232383170245641 0.4085850556438791 0.8232383170245641 0.424483306836248 0.7693186143890371 0.424483306836248
10 0.8444210573456639 0.41176470588235287 0.873306612328982 0.41176470588235287 0.873306612328982 0.4197138314785373 0.8444210573456639 0.4197138314785373
10 0.8656037976667638 0.35771065182829886 0.8761951678273138 0.35771065182829886 0.8761951678273138 0.424483306836248 0.8656037976667638 0.424483306836248
10 0.8925636489845273 0.07313195548489666 0.9041178709778548 0.07313195548489666 0.9041178709778548 0.5023847376788553 0.8925636489845273 0.5023847376788553
10 0.9262634631317318 0.5389507154213037 0.9570747217806044 0.5389507154213037 0.9570747217806044 0.5516693163751988 0.9262634631317318 0.5516693163751988
10 0.7702814662218143 0.5707472178060413 0.779909984549587 0.5707472178060413 0.779909984549587 0.6804451510333863 0.7702814662218143 0.6804451510333863
10 0.7673929107234825 0.6677265500794912 0.8925636489845273 0.6677265500794912 0.8925636489845273 0.685214626391097 0.7673929107234825 0.685214626391097
10 0.17716473723101728 0.7965023847376789 0.18968181105712173 0.7965023847376789 0.18968181105712173 0.8569157392686805 0.17716473723101728 0.8569157392686805
10 0.17812758906379458 0.8473767885532593 0.6460735797935467 0.8473767885532593 0.6460735797935467 0.8648648648648649 0.17812758906379458 0.8648648648648649
10 0.7250274300812827 0.8473767885532593 0.7702814662218143 0.8473767885532593 0.7702814662218143 0.8632750397456281 0.7250274300812827 0.8632750397456281
10 0.8559752793389912 0.14626391096979333 0.8713809086634273 0.14626391096979333 0.8713809086634273 0.15421303656597773 0.8559752793389912 0.15421303656597773
10 0.8665666494995411 0.14308426073131955 0.8723437604962047 0.14308426073131955 0.8723437604962047 0.18441971383147854 0.8665666494995411 0.18441971383147854
10 0.8636780940012093 0.17329093799682035 0.8983407599811909 0.17329093799682035 0.8983407599811909 0.18441971383147857 0.8636780940012093 0.18441971383147857
10 0.2936698089970667 0.4610492845786963 0.30137262365928486 0.4610492845786963 0.30137262365928486 0.5246422893481717 0.2936698089970667 0.5246422893481717
11 0.053919702635527006 0.5071542130365659 0.06932533195996328 0.5071542130365659 0.06932533195996328 0.5294117647058824 0.053919702635527006 0.5294117647058824
11 0.09050807228106318 0.5151033386327504 0.09724803511050407 0.5151033386327504 0.09724803511050407 0.5294117647058824 0.09050807228106318 0.5294117647058824
11 0.08858236861550864 0.5357710651828299 0.10109944244161312 0.5357710651828299 0.10109944244161312 0.5564387917329093 0.08858236861550864 0.5564387917329093
11 0.18968181105712176 0.5325914149443561 0.201236033050449 0.5325914149443561 0.201236033050449 0.5516693163751988 0.18968181105712176 0.5516693163751988
11 0.1887189592243445 0.5580286168521462 0.19834747755211718 0.5580286168521462 0.19834747755211718 0.5786963434022258 0.1887189592243445 0.5786963434022258
11 0.1973846257193399 0.7503974562798091 0.21375310687655347 0.7503974562798091 0.21375310687655347 0.7837837837837838 0.1973846257193399 0.7837837837837838
11 0.6383707651313286 0.8441971383147852 0.6508878389574331 0.8441971383147852 0.6508878389574331 0.8696343402225754 0.6383707651313286 0.8696343402225754
11 0.4650574352314204 0.7074721780604133 0.48624017555252025 0.7074721780604133 0.48624017555252025 0.7217806041335453 0.4650574352314204 0.7217806041335453
11 0.5305313598602746 0.5246422893481717 0.5430484336863791 0.5246422893481717 0.5430484336863791 0.5564387917329093 0.5305313598602746 0.5564387917329093
11 0.4486889540742068 0.5262321144674086 0.46024317606753407 0.5262321144674086 0.46024317606753407 0.5548489666136724 0.4486889540742068 0.5548489666136724
11 0.33892384513759827 0.5135135135135135 0.35240377079648005 0.5135135135135135 0.35240377079648005 0.5262321144674087 0.33892384513759827 0.5262321144674087
11 0.3398866969703755 0.5325914149443561 0.3514409189637028 0.5325914149443561 0.3514409189637028 0.5564387917329093 0.3398866969703755 0.5564387917329093
11 0.8107212431984595 0.4006359300476948 0.8251640206901185 0.4006359300476948 0.8251640206901185 0.4292527821939588 0.8107212431984595 0.4292527821939588
11 0.7433216149040508 0.5325914149443561 0.7596900960612644 0.5325914149443561 0.7596900960612644 0.5516693163751988 0.7433216149040508 0.5516693163751988
11 0.6364450614657741 0.5310015898251192 0.653776394455765 0.5310015898251192 0.653776394455765 0.5548489666136723 0.6364450614657741 0.5548489666136723
10 0.6229651358068923 0.5421303656597775 0.6460735797935467 0.5421303656597775 0.6460735797935467 0.6073131955484896 0.6229651358068923 0.6073131955484896
11 0.7596900960612644 0.8457869634340223 0.7702814662218143 0.8457869634340223 0.7702814662218143 0.8680445151033385 0.7596900960612644 0.8680445151033385
11 0.8781208714928684 0.6661367249602543 0.8954522044828592 0.6661367249602543 0.8954522044828592 0.6883942766295708 0.8781208714928684 0.6883942766295708
11 0.8415325018473321 0.5357710651828299 0.8521238720078822 0.5357710651828299 0.8521238720078822 0.5580286168521462 0.8415325018473321 0.5580286168521462
11 0.798204169372355 0.5325914149443561 0.8107212431984595 0.5325914149443561 0.8107212431984595 0.550079491255962 0.798204169372355 0.550079491255962
11 0.9474462034528315 0.5357710651828299 0.9580375736133813 0.5357710651828299 0.9580375736133813 0.5564387917329093 0.9474462034528315 0.5564387917329093
11 0.8906379453189728 0.07472178060413355 0.906043574643409 0.07472178060413355 0.906043574643409 0.09220985691573928 0.8906379453189728 0.09220985691573928
1 0.9503347589511633 0.5103338632750397 0.9830717212655904 0.5103338632750397 0.9830717212655904 0.5771065182829889 0.9503347589511633 0.5771065182829889
1 0.8829351306567547 0.6359300476947536 0.9185606484695136 0.6359300476947536 0.9185606484695136 0.7058823529411765 0.8829351306567547 0.7058823529411765
1 0.7683557625562597 0.8171701112877582 0.7972413175395777 0.8171701112877582 0.7972413175395777 0.8839427662957073 0.7683557625562597 0.8839427662957073
4 0.02118274032109989 0.00794912559618442 0.23301014353209876 0.00794912559618442 0.23301014353209876 0.08744038155802862 0.02118274032109989 0.08744038155802862
4 0.6662934682818693 0.014308426073131958 0.9397433887906135 0.014308426073131958 0.9397433887906135 0.08744038155802863 0.6662934682818693 0.08744038155802863
4 0.009628518327772678 0.3052464228934817 0.05488255446830427 0.3052464228934817 0.05488255446830427 1.0 0.009628518327772678 1.0
3 0.09532233144494953 0.4960254372019078 0.17909044089657186 0.4960254372019078 0.17909044089657186 0.5882352941176471 0.09532233144494953 0.5882352941176471
3 0.1973846257193399 0.49920508744038156 0.2821155870037395 0.49920508744038156 0.2821155870037395 0.5930047694753576 0.1973846257193399 0.5930047694753576
3 0.34566380796703916 0.4912559618441971 0.4361718802481024 0.4912559618441971 0.4361718802481024 0.5914149443561209 0.34566380796703916 0.5914149443561209
3 0.53919702635527 0.492845786963434 0.6181508766430058 0.492845786963434 0.6181508766430058 0.5930047694753576 0.53919702635527 0.5930047694753576
3 0.6451107279607694 0.4960254372019078 0.7279159855796145 0.4960254372019078 0.7279159855796145 0.589825119236884 0.6451107279607694 0.589825119236884
3 0.8453839091784413 0.4976152623211447 0.9281891667972865 0.4976152623211447 0.9281891667972865 0.5914149443561209 0.8453839091784413 0.5914149443561209
3 0.43520902841532505 0.7217806041335453 0.5180142860341701 0.7217806041335453 0.5180142860341701 0.8203497615262321 0.43520902841532505 0.8203497615262321
3 0.6431850242952151 0.8044515103338632 0.7298416892451691 0.8044515103338632 0.7298416892451691 0.9062003179650238 0.6431850242952151 0.9062003179650238
5 0.16079625607380377 0.7313195548489666 0.2041245885487808 0.7313195548489666 0.2041245885487808 0.7933227344992051 0.16079625607380377 0.7933227344992051
5 0.4554289169036477 0.5071542130365659 0.4949058420475157 0.5071542130365659 0.4949058420475157 0.5739268680445151 0.4554289169036477 0.5739268680445151
5 0.7577643923957098 0.5087440381558028 0.7924270583756915 0.5087440381558028 0.7924270583756915 0.5723370429252782 0.7577643923957098 0.5723370429252782
0 0.6133366174791196 0.6057233704292527 0.6634049127835375 0.6057233704292527 0.6634049127835375 0.713831478537361 0.6133366174791196 0.713831478537361
0 0.8116840950312368 0.10174880763116058 0.8598266866701002 0.10174880763116058 0.8598266866701002 0.20508744038155802 0.8116840950312368 0.20508744038155802
8 0.04005766884773206 0.5811023622047244 0.088699123877121 0.5811023622047244 0.088699123877121 0.6188976377952756 0.04005766884773206 0.6188976377952756
8 0.018121326383497838 0.11653543307086615 0.11063546634135521 0.11653543307086615 0.11063546634135521 0.14173228346456693 0.018121326383497838 0.14173228346456693
8 0.09442164799822558 0.04409448818897638 0.1421093490074304 0.04409448818897638 0.1421093490074304 0.05826771653543306 0.09442164799822558 0.05826771653543306
8 0.8192747033381391 0.20787401574803147 0.8545636020849507 0.20787401574803147 0.8545636020849507 0.22519685039370083 0.8192747033381391 0.22519685039370083
8 0.7582344460463569 0.04251968503937001 0.8469335699234779 0.04251968503937001 0.8469335699234779 0.05826771653543301 0.7582344460463569 0.05826771653543301
8 0.16595319951203286 0.4566929133858268 0.21459465454142176 0.4566929133858268 0.21459465454142176 0.46929133858267713 0.16595319951203286 0.46929133858267713
8 0.2975712542974382 0.5307086614173229 0.33381390706443387 0.5307086614173229 0.33381390706443387 0.5417322834645668 0.2975712542974382 0.5417322834645668
8 0.17835200177442612 0.6362204724409449 0.19170455805700348 0.6362204724409449 0.19170455805700348 0.6488188976377952 0.17835200177442612 0.6488188976377952
8 0.16499944549184875 0.8015748031496063 0.20887213042031721 0.8015748031496063 0.20887213042031721 0.8330708661417323 0.16499944549184875 0.8330708661417323
8 0.39008539425529565 0.8409448818897637 0.40916047465897754 0.8409448818897637 0.40916047465897754 0.869291338582677 0.39008539425529565 0.869291338582677
8 0.019075080403681964 0.5165354330708662 0.035288898746811626 0.5165354330708662 0.035288898746811626 0.7937007874015748 0.019075080403681964 0.7937007874015748
8 0.10109792613951427 0.5086614173228347 0.16786070755240104 0.5086614173228347 0.16786070755240104 0.5795275590551181 0.10109792613951427 0.5795275590551181
8 0.20505711433958076 0.5086614173228345 0.26991238771209936 0.5086614173228345 0.26991238771209936 0.5811023622047243 0.20505711433958076 0.5811023622047243
8 0.354796495508484 0.5118110236220472 0.4206055229011867 0.5118110236220472 0.4206055229011867 0.5574803149606299 0.354796495508484 0.5574803149606299
8 0.4520794055672618 0.5874015748031496 0.4978595985360985 0.5874015748031496 0.4978595985360985 0.6173228346456693 0.4520794055672618 0.6173228346456693
8 0.4654319618498393 0.6425196850393701 0.4854607962737053 0.6425196850393701 0.4854607962737053 0.6566929133858268 0.4654319618498393 0.6566929133858268
8 0.44254186536542095 0.7385826771653544 0.5064433847177554 0.7385826771653544 0.5064433847177554 0.8000000000000002 0.44254186536542095 0.8000000000000002
8 0.6180326050792947 0.7102362204724408 0.6580902739270267 0.7102362204724408 0.6580902739270267 0.7275590551181103 0.6180326050792947 0.7275590551181103
8 0.5493623156260398 0.5228346456692914 0.6046800487967174 0.5228346456692914 0.6046800487967174 0.568503937007874 0.5493623156260398 0.568503937007874
8 0.6495064877453699 0.5181102362204724 0.7229455472995454 0.5181102362204724 0.7229455472995454 0.5700787401574803 0.6495064877453699 0.5700787401574803
8 0.7858933126316958 0.44566929133858263 0.8869912387712099 0.44566929133858263 0.8869912387712099 0.48661417322834644 0.7858933126316958 0.48661417322834644
8 0.7935233447931686 0.5700787401574803 0.8545636020849507 0.5700787401574803 0.8545636020849507 0.6062992125984252 0.7935233447931686 0.6062992125984252
8 0.8602861262060553 0.705511811023622 0.94517023400244 0.705511811023622 0.94517023400244 0.7244094488188976 0.8602861262060553 0.7244094488188976
8 0.740113119662859 0.883464566929134 0.8240434734390595 0.883464566929134 0.8240434734390595 0.9023622047244094 0.740113119662859 0.9023622047244094
8 0.6523677498059223 0.822047244094488 0.7210380392591773 0.822047244094488 0.7210380392591773 0.8834645669291338 0.6523677498059223 0.8834645669291338
8 0.9289564156593102 0.5748031496062992 0.9919041809914606 0.5748031496062992 0.9919041809914606 0.6125984251968504 0.9289564156593102 0.6125984251968504
8 0.8526560940445824 0.5196850393700786 0.9213263834978375 0.5196850393700786 0.9213263834978375 0.5669291338582675 0.8526560940445824 0.5669291338582675
8 0.013352556282577355 0.24251968503936938 0.2975712542974381 0.24251968503936938 0.2975712542974381 0.2803149606299205 0.013352556282577355 0.2803149606299205
