10 0.3215974807925178 0.2956827752746118 0.33916423712342086 0.2956827752746118 0.33916423712342086 0.5071303413140145 0.3215974807925178 0.5071303413140145
10 0.2108843537414966 0.582770121035427 0.26433430515063167 0.582770121035427 0.26433430515063167 0.6085564095768177 0.2108843537414966 0.6085564095768177
10 0.39552964042759975 0.19597579291456838 0.4684159378036929 0.19597579291456838 0.4684159378036929 0.22017397660099933 0.39552964042759975 0.22017397660099933
10 0.45189504373177847 0.18222310569249342 0.46946180006268134 0.18222310569249342 0.46946180006268134 0.4950967399946991 0.45189504373177847 0.4950967399946991
10 0.4907677356656949 0.5432311452719616 0.5957240038872693 0.5432311452719616 0.5957240038872693 0.5639256666289738 0.4907677356656949 0.5639256666289738
10 0.4586977648202138 0.5999609800630208 0.467444120505345 0.5999609800630208 0.467444120505345 0.8303184910327766 0.4586977648202138 0.8303184910327766
10 0.45481049562682224 0.8165003132868017 0.5801749271137027 0.8165003132868017 0.5801749271137027 0.8407312422351827 0.45481049562682224 0.8407312422351827
10 0.7210884353741497 0.5329166298554052 0.7589893100097181 0.5329166298554052 0.7589893100097181 0.5690174338133521 0.7210884353741497 0.5690174338133521
10 0.7813040853913996 0.5999609800630206 0.7959924123075791 0.5999609800630206 0.7959924123075791 0.8371948346438138 0.7813040853913996 0.8371948346438138
10 0.7084548104956271 0.8146502463362428 0.7998056365403307 0.8146502463362428 0.7998056365403307 0.8390121563324234 0.7084548104956271 0.8390121563324234
10 0.815354713313897 0.5412500972736027 0.8969873663751213 0.5412500972736027 0.8969873663751213 0.5621410902023144 0.815354713313897 0.5621410902023144
11 0.2487852283770651 0.5707365197161115 0.26724975704567544 0.5707365197161115 0.26724975704567544 0.6205900108961332 0.2487852283770651 0.6205900108961332
11 0.3129251700680272 0.2836491739552964 0.34402332361516036 0.2836491739552964 0.34402332361516036 0.32662632152428067 0.3129251700680272 0.32662632152428067
11 0.44314868804664725 0.46931045145330846 0.478134110787172 0.46931045145330846 0.478134110787172 0.5105685131195334 0.44314868804664725 0.5105685131195334
11 0.5753158406219631 0.5294784580498866 0.6005830903790086 0.5294784580498866 0.6005830903790086 0.582770121035427 0.5753158406219631 0.582770121035427
11 0.5636540330417882 0.8028131165886266 0.5860058309037902 0.8028131165886266 0.5860058309037902 0.8492284359631297 0.5636540330417882 0.8492284359631297
11 0.7414965986394557 0.517444856730571 0.7638483965014577 0.517444856730571 0.7638483965014577 0.5776128633271489 0.7414965986394557 0.5776128633271489
11 0.7706511175898931 0.5913655505492239 0.8066083576287658 0.5913655505492239 0.8066083576287658 0.6412190417292457 0.7706511175898931 0.6412190417292457
11 0.8794946550048591 0.5208830285360897 0.9047619047619048 0.5208830285360897 0.9047619047619048 0.5672983479105927 0.8794946550048591 0.5672983479105927
7 0.1564625850340136 0.5329166298554052 0.21963070942662777 0.5329166298554052 0.21963070942662777 0.6412190417292457 0.1564625850340136 0.6412190417292457
1 0.8843537414965986 0.5019730836057366 0.9494655004859086 0.5019730836057366 0.9494655004859086 0.6051182377712988 0.8843537414965986 0.6051182377712988
4 0.08454810495626802 0.06016800659657803 0.12633624878522817 0.06016800659657803 0.12633624878522817 0.35585078187118996 0.08454810495626802 0.35585078187118996
4 0.0826044703595724 0.3300644933297994 0.12050534499514091 0.3300644933297994 0.12050534499514091 0.9661262773507671 0.0826044703595724 0.9661262773507671
5 0.41885325558794945 0.4950967399946991 0.49271137026239065 0.4950967399946991 0.49271137026239065 0.5982418941602614 0.41885325558794945 0.5982418941602614
3 0.2555879494655005 0.10658332597108106 0.3974732750242954 0.10658332597108106 0.3974732750242954 0.30427820478840883 0.2555879494655005 0.30427820478840883
3 0.2614188532555879 0.48478222457814274 0.40038872691933913 0.48478222457814274 0.40038872691933913 0.6929553451217764 0.2614188532555879 0.6929553451217764
3 0.5840621963070942 0.4469623347174367 0.7240038872691935 0.4469623347174367 0.7240038872691935 0.6549717289513207 0.5840621963070942 0.6549717289513207
3 0.5840621963070942 0.7288924227699737 0.7152575315840621 0.7288924227699737 0.7152575315840621 0.9248682156845421 0.5840621963070942 0.9248682156845421
5 0.749271137026239 0.47274862325882727 0.8202137998056366 0.47274862325882727 0.8202137998056366 0.6033991518685395 0.749271137026239 0.6033991518685395
10 0.3343051506316812 0.68419618929823 0.3508260447035957 0.68419618929823 0.3508260447035957 0.7288924227699737 0.3343051506316812 0.7288924227699737
3 0.28960155490767736 0.7288924227699737 0.42274052478134105 0.7288924227699737 0.42274052478134105 0.9317445592955795 0.28960155490767736 0.9317445592955795
8 0.053385139258515665 0.32546374367622266 0.07435787253864683 0.32546374367622266 0.07435787253864683 0.7065767284991569 0.053385139258515665 0.7065767284991569
8 0.0924706876442146 0.08937605396290048 0.11630333909890911 0.08937605396290048 0.11630333909890911 0.3102866779089376 0.0924706876442146 0.3102866779089376
8 0.09342399370240193 0.4215851602023611 0.11058350274978193 0.4215851602023611 0.11058350274978193 0.8853288364249579 0.09342399370240193 0.8853288364249579
8 0.1363227663208525 0.6475548060708263 0.2430930448378838 0.6475548060708263 0.2430930448378838 0.6981450252951096 0.1363227663208525 0.6981450252951096
8 0.49857906843220884 0.5059021922428331 0.5729369409708557 0.5059021922428331 0.5729369409708557 0.5345699831365937 0.49857906843220884 0.5345699831365937
8 0.6043960408910524 0.4856661045531197 0.7083064012335204 0.4856661045531197 0.7083064012335204 0.6222596964586846 0.6043960408910524 0.6222596964586846
8 0.4680732745701998 0.627318718381113 0.5729369409708557 0.627318718381113 0.5729369409708557 0.7032040472175378 0.4680732745701998 0.7032040472175378
8 0.4890460078503309 0.7723440134907251 0.5681704106799166 0.7723440134907251 0.5681704106799166 0.802698145025295 0.4890460078503309 0.802698145025295
8 0.5996295106001135 0.7588532883642497 0.6930535043025159 0.7588532883642497 0.6930535043025159 0.9021922428330523 0.5996295106001135 0.9021922428330523
8 0.2688323084089536 0.5430016863406408 0.3870422596242383 0.5430016863406408 0.3870422596242383 0.6374367622259699 0.2688323084089536 0.6374367622259699
8 0.27073892052532944 0.1551433389544688 0.3860889535660507 0.1551433389544688 0.3860889535660507 0.28330522765598654 0.27073892052532944 0.28330522765598654
