10 0.1260827718960539 0.31288345587384114 0.14051973051010588 0.31288345587384114 0.14051973051010588 0.3292552646114258 0.1260827718960539 0.3292552646114258
10 0.19538017324350337 0.31288345587384114 0.21462945139557266 0.31288345587384114 0.21462945139557266 0.32743617475169423 0.19538017324350337 0.32743617475169423
10 0.27045235803657364 0.31106436601410953 0.2858517805582291 0.31106436601410953 0.2858517805582291 0.32743617475169423 0.27045235803657364 0.32743617475169423
10 0.37247353224254093 0.15644172793692057 0.4090471607314726 0.15644172793692057 0.4090471607314726 0.17099444681477363 0.37247353224254093 0.17099444681477363
10 0.37054860442733395 0.15098445835772567 0.37728585178055823 0.15098445835772567 0.37728585178055823 0.3056070964349146 0.37054860442733395 0.3056070964349146
10 0.3897978825794033 0.30924527615437786 0.6612127045235804 0.30924527615437786 0.6612127045235804 0.323797995032231 0.3897978825794033 0.323797995032231
10 0.6438883541867181 0.15462263807718893 0.6650625601539943 0.15462263807718893 0.6650625601539943 0.1728135366745053 0.6438883541867181 0.1728135366745053
10 0.6535129932627527 0.1473462786382624 0.6631376323387874 0.1473462786382624 0.6631376323387874 0.32015981531276766 0.6535129932627527 0.32015981531276766
10 0.5842155919153031 0.4438579257745188 0.6236766121270453 0.4438579257745188 0.6236766121270453 0.4602297345121035 0.5842155919153031 0.4602297345121035
10 0.6814244465832531 0.44567701563425044 0.7064485081809432 0.44567701563425044 0.7064485081809432 0.4584106446523718 0.6814244465832531 0.4584106446523718
10 0.7661212704523579 0.4493151953537137 0.78055822906641 0.4493151953537137 0.78055822906641 0.5238978796027107 0.7661212704523579 0.5238978796027107
10 0.7170356111645814 0.5111642505845894 0.7228103946102021 0.5111642505845894 0.7228103946102021 0.5802896652543913 0.7170356111645814 0.5802896652543913
10 0.7151106833493744 0.5093451607248577 0.7757459095283927 0.5093451607248577 0.7757459095283927 0.5202596998832475 0.7151106833493744 0.5202596998832475
10 0.5803657362848893 0.5348124187611005 0.5899903753609238 0.5348124187611005 0.5899903753609238 0.6148523725892925 0.5803657362848893 0.6148523725892925
10 0.5832531280076997 0.44021974605505554 0.5899903753609238 0.44021974605505554 0.5899903753609238 0.49843062156646784 0.5832531280076997 0.49843062156646784
10 0.3666987487969201 0.33835071391008403 0.3820981713185756 0.33835071391008403 0.3820981713185756 0.5220787897429792 0.3666987487969201 0.5220787897429792
10 0.3455245428296439 0.31288345587384114 0.36188642925890274 0.31288345587384114 0.36188642925890274 0.32561708489196256 0.3455245428296439 0.32561708489196256
10 0.36766121270452357 0.5038878911456628 0.40615976900866213 0.5038878911456628 0.40615976900866213 0.5238978796027107 0.36766121270452357 0.5238978796027107
10 0.4696823869104908 0.5111642505845894 0.49085659287776695 0.5111642505845894 0.49085659287776695 0.5238978796027106 0.4696823869104908 0.5238978796027106
10 0.5495668912415784 0.507526070865126 0.5697786333012513 0.507526070865126 0.5697786333012513 0.5220787897429793 0.5495668912415784 0.5220787897429793
10 0.43503368623676614 0.5602796767973435 0.4456207892204042 0.5602796767973435 0.4456207892204042 0.6366814509060721 0.43503368623676614 0.6366814509060721
10 0.43118383060635224 0.6203096421684874 0.5755534167468721 0.6203096421684874 0.5755534167468721 0.6403196306255353 0.43118383060635224 0.6403196306255353
10 0.5582290664100096 0.6112141928698293 0.5765158806544756 0.6112141928698293 0.5765158806544756 0.8495149644946733 0.5582290664100096 0.8495149644946733
10 0.343599615014437 0.8240477064584304 0.40134744947064477 0.8240477064584304 0.40134744947064477 0.8495149644946732 0.343599615014437 0.8495149644946732
10 0.2386910490856593 0.36745615166579015 0.24831568816169391 0.36745615166579015 0.24831568816169391 0.8404195151960152 0.2386910490856593 0.8404195151960152
10 0.23580365736284892 0.8185904368792356 0.31376323387872956 0.8185904368792356 0.31376323387872956 0.8458767847752101 0.23580365736284892 0.8458767847752101
10 0.16458132820019253 0.36745615166579015 0.17709335899903755 0.36745615166579015 0.17709335899903755 0.4893351722678097 0.16458132820019253 0.4893351722678097
10 0.4735322425409046 0.1528035482174573 0.4812319538017324 0.1528035482174573 0.4812319538017324 0.169175356955042 0.4735322425409046 0.169175356955042
10 0.48989412897016354 0.09095449298658172 0.5014436958614052 0.09095449298658172 0.5014436958614052 0.15280354821745729 0.48989412897016354 0.15280354821745729
10 0.49085659287776706 0.08003995382819191 0.5399422521655438 0.08003995382819191 0.5399422521655438 0.10186903214497153 0.49085659287776706 0.10186903214497153
10 0.5976900866217517 0.08367813354765519 0.631376323387873 0.08367813354765519 0.631376323387873 0.1000499422852399 0.5976900866217517 0.1000499422852399
10 0.6236766121270453 0.07458268424899701 0.6333012512030799 0.07458268424899701 0.6333012512030799 0.14734627863826238 0.6236766121270453 0.14734627863826238
10 0.6236766121270453 0.18554716569262675 0.6342637151106835 0.18554716569262675 0.6342637151106835 0.24375804120403907 0.6236766121270453 0.24375804120403907
10 0.5996150144369586 0.2219289628872594 0.6323387872954763 0.2219289628872594 0.6323387872954763 0.2473962209235023 0.5996150144369586 0.2473962209235023
10 0.49181905678537047 0.18008989611343182 0.49855630413859475 0.18008989611343182 0.49855630413859475 0.2419389513443074 0.49181905678537047 0.2419389513443074
10 0.4889316650625602 0.2255671426067227 0.5409047160731473 0.2255671426067227 0.5409047160731473 0.24375804120403907 0.4889316650625602 0.24375804120403907
10 0.5736284889316651 0.5930232942725129 0.6207892204042348 0.5930232942725129 0.6207892204042348 0.6075760131503659 0.5736284889316651 0.6075760131503659
10 0.6814244465832531 0.5930232942725129 0.7035611164581329 0.5930232942725129 0.7035611164581329 0.6057569232906344 0.6814244465832531 0.6057569232906344
10 0.7362848893166506 0.5948423841322446 0.7613089509143407 0.5948423841322446 0.7613089509143407 0.6112141928698293 0.7362848893166506 0.6112141928698293
10 0.8248315688161694 0.5966614739919761 0.8479307025986527 0.5966614739919761 0.8479307025986527 0.6093951030100977 0.8248315688161694 0.6093951030100977
10 0.9076034648700674 0.5893851145530496 0.9470644850818094 0.5893851145530496 0.9470644850818094 0.6075760131503659 0.9076034648700674 0.6075760131503659
10 0.9441770933589991 0.4911542621275413 0.9499518768046197 0.4911542621275413 0.9499518768046197 0.6130332827295608 0.9441770933589991 0.6130332827295608
10 0.4254090471607314 0.8786204022503796 0.4340712223291627 0.8786204022503796 0.4340712223291627 0.9350121879020602 0.4254090471607314 0.9350121879020602
10 0.42348411934552455 0.9222785588839387 0.6073147256977863 0.9222785588839387 0.6073147256977863 0.9386503676215234 0.42348411934552455 0.9386503676215234
10 0.6044273339749759 0.8949922109879642 0.6207892204042348 0.8949922109879642 0.6207892204042348 0.9368312777617918 0.6044273339749759 0.9368312777617918
10 0.5206929740134745 0.8840776718295744 0.5332050048123196 0.8840776718295744 0.5332050048123196 0.9113640197255489 0.5206929740134745 0.9113640197255489
10 0.588065447545717 0.8240477064584304 0.6390760346487007 0.8240477064584304 0.6390760346487007 0.8549722340738682 0.588065447545717 0.8549722340738682
10 0.5822906641000962 0.8204095267389672 0.5928777670837344 0.8204095267389672 0.5928777670837344 0.9131831095852806 0.5822906641000962 0.9131831095852806
10 0.5168431183830606 0.9022685704268908 0.5909528392685275 0.9022685704268908 0.5909528392685275 0.9150021994450122 0.5168431183830606 0.9150021994450122
11 0.13185755534167468 0.30924527615437786 0.13763233878729544 0.30924527615437786 0.13763233878729544 0.33471253419062075 0.13185755534167468 0.33471253419062075
11 0.20211742059672763 0.30742618629464624 0.21559191530317612 0.30742618629464624 0.21559191530317612 0.33289344433088913 0.20211742059672763 0.33289344433088913
11 0.273339749759384 0.30196891671545134 0.287776708373436 0.30196891671545134 0.287776708373436 0.33289344433088913 0.273339749759384 0.33289344433088913
11 0.3455245428296439 0.30378800657518296 0.36188642925890274 0.30378800657518296 0.36188642925890274 0.3328934443308892 0.3455245428296439 0.3328934443308892
11 0.3897978825794033 0.29105437755706154 0.4013474494706449 0.29105437755706154 0.4013474494706449 0.33835071391008403 0.3897978825794033 0.33835071391008403
11 0.3955726660250241 0.1528035482174573 0.4138594802694899 0.1528035482174573 0.4138594802694899 0.17827080625370015 0.3955726660250241 0.17827080625370015
11 0.4764196342637151 0.1473462786382624 0.48315688161693926 0.1473462786382624 0.48315688161693926 0.17463262653423692 0.4764196342637151 0.17463262653423692
11 0.5283926852743022 0.07276359438926538 0.5409047160731473 0.07276359438926538 0.5409047160731473 0.10186903214497153 0.5283926852743022 0.10186903214497153
11 0.6179018286814244 0.12369811046175115 0.6361886429258904 0.12369811046175115 0.6361886429258904 0.1528035482174573 0.6179018286814244 0.1528035482174573
11 0.5312800769971127 0.2219289628872594 0.5418671799807507 0.2219289628872594 0.5418671799807507 0.2473962209235023 0.5312800769971127 0.2473962209235023
11 0.6188642925890279 0.18372807583289508 0.6361886429258904 0.18372807583289508 0.6361886429258904 0.2055571541496747 0.6188642925890279 0.2055571541496747
11 0.3994225216554379 0.4911542621275413 0.4090471607314725 0.4911542621275413 0.4090471607314725 0.532993328901369 0.3994225216554379 0.532993328901369
11 0.4783445620789221 0.5038878911456628 0.49663137632338783 0.5038878911456628 0.49663137632338783 0.5311742390416373 0.4783445620789221 0.5311742390416373
11 0.5601539942252165 0.4947924418470046 0.5726660250240616 0.4947924418470046 0.5726660250240616 0.5257169694624423 0.5601539942252165 0.5257169694624423
11 0.6121270452358036 0.44021974605505554 0.6265640038498557 0.44021974605505554 0.6265640038498557 0.4602297345121035 0.6121270452358036 0.4602297345121035
11 0.6929740134744946 0.4438579257745188 0.7083734359961501 0.4438579257745188 0.7083734359961501 0.4620488243718352 0.6929740134744946 0.4620488243718352
11 0.7131857555341675 0.5566414970778801 0.7237728585178056 0.5566414970778801 0.7237728585178056 0.5893851145530496 0.7131857555341675 0.5893851145530496
11 0.753609239653513 0.587566024693318 0.7641963426371511 0.587566024693318 0.7641963426371511 0.6130332827295608 0.753609239653513 0.6130332827295608
11 0.6958614051973051 0.5821087551141231 0.7064485081809432 0.5821087551141231 0.7064485081809432 0.6075760131503659 0.6958614051973051 0.6075760131503659
11 0.6130895091434071 0.587566024693318 0.6246390760346486 0.587566024693318 0.6246390760346486 0.6112141928698293 0.6130895091434071 0.6112141928698293
10 0.4590952839268527 0.8185904368792356 0.49759384023099135 0.8185904368792356 0.49759384023099135 0.8458767847752101 0.4590952839268527 0.8458767847752101
11 0.29740134744947067 0.8131331673000406 0.314725697786333 0.8131331673000406 0.314725697786333 0.8476958746349417 0.29740134744947067 0.8476958746349417
11 0.3811357074109721 0.8222286165986987 0.4013474494706448 0.8222286165986987 0.4013474494706448 0.8531531442141366 0.3811357074109721 0.8531531442141366
11 0.4821944177093359 0.8113140774403091 0.49855630413859475 0.8113140774403091 0.49855630413859475 0.8513340543544049 0.4821944177093359 0.8513340543544049
11 0.5178055822906641 0.8786204022503796 0.5370548604427334 0.8786204022503796 0.5370548604427334 0.8949922109879642 0.5178055822906641 0.8949922109879642
11 0.6140519730510106 0.8931731211282325 0.6246390760346487 0.8931731211282325 0.6246390760346487 0.9168212893047436 0.6140519730510106 0.9168212893047436
11 0.43214629451395575 0.547546047779222 0.44658325312800773 0.547546047779222 0.44658325312800773 0.5766514855349283 0.43214629451395575 0.5766514855349283
11 0.836381135707411 0.5930232942725129 0.8498556304138595 0.5930232942725129 0.8498556304138595 0.6093951030100976 0.836381135707411 0.6093951030100976
11 0.9384023099133781 0.4856969925483463 0.9499518768046197 0.4856969925483463 0.9499518768046197 0.5148024303040525 0.9384023099133781 0.5148024303040525
7 0.09143407122232915 0.27468256881947684 0.12800769971126083 0.27468256881947684 0.12800769971126083 0.3656370618060585 0.09143407122232915 0.3656370618060585
1 0.9230028873917228 0.4220288474577392 0.9653512993262753 0.4220288474577392 0.9653512993262753 0.5057069810053945 0.9230028873917228 0.5057069810053945
4 0.040423484119345515 0.0 0.09624639076034648 0.0 0.09624639076034648 0.7039877757161426 0.040423484119345515 0.7039877757161426
4 0.03946102021174206 0.6767014278201681 0.09624639076034648 0.6767014278201681 0.09624639076034648 0.9932230634134724 0.03946102021174206 0.9932230634134724
3 0.136669874879692 0.26558711952081865 0.20500481231953802 0.26558711952081865 0.20500481231953802 0.3692752415255218 0.136669874879692 0.3692752415255218
3 0.20981713185755535 0.26558711952081865 0.2762271414821944 0.26558711952081865 0.2762271414821944 0.3783706908241801 0.20981713185755535 0.3783706908241801
3 0.2829643888354187 0.27104438910001355 0.34937439846005774 0.27104438910001355 0.34937439846005774 0.37291342124498517 0.2829643888354187 0.37291342124498517
3 0.40615976900866185 0.11087804115398053 0.4735322425409044 0.11087804115398053 0.4735322425409044 0.21465260344833276 0.40615976900866185 0.21465260344833276
3 0.534167468719923 0.0363817971946327 0.5996150144369587 0.0363817971946327 0.5996150144369587 0.1455790529523203 0.534167468719923 0.1455790529523203
3 0.5389797882579404 0.19100443527182162 0.6044273339749759 0.19100443527182162 0.6044273339749759 0.28741619783759825 0.5389797882579404 0.28741619783759825
3 0.40615976900866213 0.4693251838107617 0.4744947064485082 0.4693251838107617 0.4744947064485082 0.5730133058154648 0.40615976900866213 0.5730133058154648
3 0.48700673724735316 0.46568700409129854 0.557266602502406 0.46568700409129854 0.557266602502406 0.5711942159557334 0.48700673724735316 0.5711942159557334
3 0.6207892204042348 0.40201885900069123 0.6862367661212704 0.40201885900069123 0.6862367661212704 0.5020688012859311 0.6207892204042348 0.5020688012859311
3 0.7025986525505293 0.3947424995617647 0.7670837343599617 0.3947424995617647 0.7670837343599617 0.49843062156646784 0.7025986525505293 0.49843062156646784
3 0.6217516843118384 0.5457269579194903 0.6900866217516844 0.5457269579194903 0.6900866217516844 0.6512341697839251 0.6217516843118384 0.6512341697839251
3 0.7603464870067372 0.5420887782000271 0.8286814244465832 0.5420887782000271 0.8286814244465832 0.6530532596436568 0.7603464870067372 0.6530532596436568
3 0.8450433108758422 0.5457269579194903 0.9104908565928778 0.5457269579194903 0.9104908565928778 0.65669143936312 0.8450433108758422 0.65669143936312
3 0.3946102021174206 0.782208639684603 0.46102021174205965 0.782208639684603 0.46102021174205965 0.8840776718295744 0.3946102021174206 0.8840776718295744
3 0.49663137632338783 0.7785704599651396 0.5611164581328201 0.7785704599651396 0.5611164581328201 0.885896761689306 0.49663137632338783 0.885896761689306
5 0.35803657362848895 0.3001498268557197 0.3897978825794033 0.3001498268557197 0.3897978825794033 0.343807983489279 0.35803657362848895 0.343807983489279
5 0.5726660250240616 0.4856969925483463 0.6015399422521657 0.4856969925483463 0.6015399422521657 0.5402696883402954 0.5726660250240616 0.5402696883402954
5 0.7035611164581329 0.5730133058154648 0.7401347449470645 0.5730133058154648 0.7401347449470645 0.6312241813268773 0.7035611164581329 0.6312241813268773
5 0.4821944177093359 0.13097446990067768 0.5120307988450433 0.13097446990067768 0.5120307988450433 0.1910044352718216 0.4821944177093359 0.1910044352718216
5 0.6102021174205967 0.14552718877853077 0.6448508180943214 0.14552718877853077 0.6448508180943214 0.18554716569262672 0.6102021174205967 0.18554716569262672
0 0.1482194417709336 0.4638679142315668 0.20211742059672763 0.4638679142315668 0.20211742059672763 0.5912042044127812 0.1482194417709336 0.5912042044127812
0 0.615014436958614 0.8422386050557468 0.6592877767083734 0.8422386050557468 0.6592877767083734 0.94592672706045 0.615014436958614 0.94592672706045
2 0.3108758421559192 0.7876659092637978 0.3426371511068335 0.7876659092637978 0.3426371511068335 0.8695249529517213 0.3108758421559192 0.8695249529517213
8 0.13346437346437345 0.2882882882882883 0.204009828009828 0.2882882882882883 0.204009828009828 0.35315315315315315 0.13346437346437345 0.35315315315315315
8 0.21258968058968059 0.2918918918918919 0.2755085995085995 0.2918918918918919 0.2755085995085995 0.34594594594594597 0.21258968058968059 0.34594594594594597
8 0.28313513513513505 0.29009009009009 0.35082063882063874 0.29009009009009 0.35082063882063874 0.34774774774774775 0.28313513513513505 0.34774774774774775
8 0.32698771498771495 0.18558558558558558 0.4204127764127764 0.18558558558558558 0.4204127764127764 0.20900900900900898 0.32698771498771495 0.20900900900900898
8 0.058152334152334145 0.1837837837837838 0.07912530712530712 0.1837837837837838 0.07912530712530712 0.49009009009009014 0.058152334152334145 0.49009009009009014
8 0.14585749385749383 0.5711711711711712 0.1925700245700246 0.5711711711711712 0.1925700245700246 0.5945945945945945 0.14585749385749383 0.5945945945945945
8 0.05052579852579836 0.7135135135135129 0.08579852579852576 0.7135135135135129 0.08579852579852576 0.9441441441441432 0.05052579852579836 0.9441441441441432
8 0.27836855036855035 0.872072072072072 0.3803734643734643 0.872072072072072 0.3803734643734643 0.8900900900900901 0.27836855036855035 0.8900900900900901
8 0.414692874692875 0.47747747747747715 0.46903194103194107 0.47747747747747715 0.46903194103194107 0.5567567567567568 0.414692874692875 0.5567567567567568
8 0.49095823095823105 0.47747747747747776 0.5491105651105653 0.47747747747747776 0.5491105651105653 0.5513513513513516 0.49095823095823105 0.5513513513513516
8 0.4766584766584765 0.07567567567567568 0.5319508599508598 0.07567567567567568 0.5319508599508598 0.10450450450450449 0.4766584766584765 0.10450450450450449
8 0.4776117936117935 0.22702702702702707 0.5262309582309582 0.22702702702702707 0.5262309582309582 0.245045045045045 0.4776117936117935 0.245045045045045
8 0.41469287469287475 0.11711711711711711 0.4661719901719903 0.11711711711711711 0.4661719901719903 0.2072072072072072 0.41469287469287475 0.2072072072072072
8 0.6129828009828009 0.9513513513513514 0.6606486486486486 0.9513513513513514 0.6606486486486486 0.9657657657657658 0.6129828009828009 0.9657657657657658
8 0.4061130221130222 0.8036036036036035 0.45473218673218674 0.8036036036036035 0.45473218673218674 0.8666666666666666 0.4061130221130222 0.8666666666666666
8 0.4985847665847665 0.8 0.5548304668304667 0.8 0.5548304668304667 0.864864864864865 0.4985847665847665 0.864864864864865
8 0.6244226044226043 0.5657657657657656 0.6825749385749386 0.5657657657657656 0.6825749385749386 0.6378378378378378 0.6244226044226043 0.6378378378378378
8 0.6263292383292383 0.42882882882882883 0.6778083538083537 0.42882882882882883 0.6778083538083537 0.46846846846846835 0.6263292383292383 0.46846846846846835
8 0.7064078624078625 0.409009009009009 0.7655135135135136 0.409009009009009 0.7655135135135136 0.49009009009009 0.7064078624078625 0.49009009009009
8 0.7664668304668305 0.5675675675675675 0.8179459459459462 0.5675675675675675 0.8179459459459462 0.6288288288288287 0.7664668304668305 0.6288288288288287
8 0.8503587223587223 0.5891891891891892 0.9037444717444716 0.5891891891891892 0.9037444717444716 0.6108108108108107 0.8503587223587223 0.6108108108108107
11 0.1611105651105651 0.4666666666666668 0.1773169533169533 0.4666666666666668 0.1773169533169533 0.49009009009009014 0.1611105651105651 0.49009009009009014
8 0.012393120393120394 0.372972972972973 0.032412776412776415 0.372972972972973 0.032412776412776415 0.6252252252252253 0.012393120393120394 0.6252252252252253
