10 0.1000971817298348 0.16961207183460467 0.1282798833819242 0.16961207183460467 0.1282798833819242 0.18462198969607413 0.1000971817298348 0.18462198969607413
10 0.19144800777453838 0.1636081046900169 0.22351797862001946 0.1636081046900169 0.22351797862001946 0.18462198969607413 0.19144800777453838 0.18462198969607413
10 0.2847424684159378 0.16811108004845773 0.3187560738581146 0.16811108004845773 0.3187560738581146 0.18162000612378026 0.2847424684159378 0.18162000612378026
10 0.3459669582118562 0.16510909647616384 0.37803692905733716 0.16510909647616384 0.37803692905733716 0.18462198969607413 0.3459669582118562 0.18462198969607413
10 0.3304178814382896 0.07655058109349415 0.33430515063168115 0.07655058109349415 0.33430515063168115 0.15910512933157608 0.3304178814382896 0.15910512933157608
10 0.32555879494655005 0.07955256466578803 0.39844509232264336 0.07955256466578803 0.39844509232264336 0.09306149074111053 0.32555879494655005 0.09306149074111053
10 0.4431486880466473 0.1636081046900169 0.6647230320699709 0.1636081046900169 0.6647230320699709 0.18312099790992717 0.4431486880466473 0.18312099790992717
10 0.7288629737609331 0.16811108004845773 0.7599611273080662 0.16811108004845773 0.7599611273080662 0.1831209979099272 0.7288629737609331 0.1831209979099272
10 0.8241010689990281 0.16961207183460467 0.8561710398445092 0.16961207183460467 0.8561710398445092 0.17861802255148634 0.8241010689990281 0.17861802255148634
10 0.6938775510204082 0.20713686648827828 0.6997084548104957 0.20713686648827828 0.6997084548104957 0.37975092189517684 0.6938775510204082 0.37975092189517684
10 0.7881438289601554 0.2116398418467191 0.7959183673469387 0.2116398418467191 0.7959183673469387 0.38725588082591156 0.7881438289601554 0.38725588082591156
10 0.9193391642371235 0.16811108004845773 0.9504373177842566 0.16811108004845773 0.9504373177842566 0.18162000612378024 0.9193391642371235 0.18162000612378024
10 0.4042759961127308 0.21314083363286607 0.4149659863945578 0.21314083363286607 0.4149659863945578 0.8210425070223784 0.4042759961127308 0.8210425070223784
10 0.2653061224489796 0.2101388500605722 0.27696793002915454 0.2101388500605722 0.27696793002915454 0.8225434988085253 0.2653061224489796 0.8225434988085253
10 0.2351797862001944 0.21314083363286607 0.24586977648202135 0.21314083363286607 0.24586977648202135 0.8210425070223784 0.2351797862001944 0.8210425070223784
10 0.09912536443148688 0.8465593673868764 0.12730806608357628 0.8465593673868764 0.12730806608357628 0.8645712688206397 0.09912536443148688 0.8645712688206397
10 0.19144800777453838 0.8495613509591703 0.22448979591836735 0.8495613509591703 0.22448979591836735 0.8615692852483459 0.19144800777453838 0.8615692852483459
10 0.28960155490767736 0.8435573838145826 0.3838678328474247 0.8435573838145826 0.3838678328474247 0.8645712688206397 0.28960155490767736 0.8645712688206397
10 0.4402332361516034 0.8405554002422888 0.45869776482021374 0.8405554002422888 0.45869776482021374 0.8585673016760521 0.4402332361516034 0.8585673016760521
10 0.4577259475218659 0.6274145666094226 0.47424684159378033 0.6274145666094226 0.47424684159378033 0.643925476257039 0.4577259475218659 0.643925476257039
10 0.45286686103012636 0.6229115912509818 0.46064139941690957 0.6229115912509818 0.46064139941690957 0.8585673016760521 0.45286686103012636 0.8585673016760521
10 0.5383867832847424 0.6229115912509818 0.5694849368318756 0.6229115912509818 0.5694849368318756 0.6484284516154798 0.5383867832847424 0.6484284516154798
10 0.6297376093294461 0.6274145666094226 0.6501457725947521 0.6274145666094226 0.6501457725947521 0.6409234926847451 0.6297376093294461 0.6409234926847451
10 0.6472303206997085 0.41127174940426264 0.6686103012633625 0.41127174940426264 0.6686103012633625 0.429283650838026 0.6472303206997085 0.429283650838026
10 0.6443148688046647 0.4037667904735279 0.6520894071914481 0.4037667904735279 0.6520894071914481 0.6469274598293329 0.6443148688046647 0.6469274598293329
10 0.7249757045675413 0.4037667904735279 0.7628765792031098 0.4037667904735279 0.7628765792031098 0.4262816672657321 0.7249757045675413 0.4262816672657321
10 0.8241010689990281 0.41127174940426264 0.9552964042759962 0.41127174940426264 0.9552964042759962 0.42478067547958515 0.8241010689990281 0.42478067547958515
11 0.2099125364431487 0.16060612111772302 0.22351797862001943 0.16060612111772302 0.22351797862001943 0.1906259568406619 0.2099125364431487 0.1906259568406619
11 0.11564625850340135 0.16210711290386995 0.13022351797862 0.16210711290386995 0.13022351797862 0.18462198969607413 0.11564625850340135 0.18462198969607413
11 0.30709426627793973 0.1636081046900169 0.32361516034985416 0.1636081046900169 0.32361516034985416 0.18312099790992717 0.30709426627793973 0.18312099790992717
11 0.36540330417881445 0.1636081046900169 0.37900874635568516 0.1636081046900169 0.37900874635568516 0.18912496505451495 0.36540330417881445 0.18912496505451495
11 0.3858114674441204 0.07354859752120026 0.3965014577259475 0.07354859752120026 0.3965014577259475 0.09606347431340441 0.3858114674441204 0.09606347431340441
11 0.6462585034013606 0.15910512933157606 0.6666666666666666 0.15910512933157606 0.6666666666666666 0.18462198969607413 0.6462585034013606 0.18462198969607413
11 0.7463556851311953 0.1636081046900169 0.7609329446064139 0.1636081046900169 0.7609329446064139 0.18612298148222106 0.7463556851311953 0.18612298148222106
11 0.8425655976676384 0.16210711290386995 0.857142857142857 0.16210711290386995 0.857142857142857 0.18462198969607413 0.8425655976676384 0.18462198969607413
11 0.9358600583090378 0.16210711290386995 0.9504373177842564 0.16210711290386995 0.9504373177842564 0.18462198969607413 0.9358600583090378 0.18462198969607413
11 0.40330417881438296 0.8015296138024681 0.41399416909620995 0.8015296138024681 0.41399416909620995 0.8240444905946726 0.40330417881438296 0.8240444905946726
11 0.2293488824101069 0.7985276302301743 0.25072886297376096 0.7985276302301743 0.25072886297376096 0.8255454823808192 0.2293488824101069 0.8255454823808192
11 0.20602526724975703 0.8465593673868764 0.22740524781341107 0.8465593673868764 0.22740524781341107 0.8630702770344927 0.20602526724975703 0.8630702770344927
11 0.11078717201166183 0.831549449525407 0.13022351797862003 0.831549449525407 0.13022351797862003 0.8660722606067867 0.11078717201166183 0.8660722606067867
11 0.36345966958211856 0.8390544084561418 0.3848396501457726 0.8390544084561418 0.3848396501457726 0.8690742441790805 0.36345966958211856 0.8690742441790805
11 0.46064139941690957 0.616907624106394 0.4761904761904761 0.616907624106394 0.4761904761904761 0.6454264680431859 0.46064139941690957 0.6454264680431859
11 0.5568513119533528 0.6199096076786879 0.5704567541302236 0.6199096076786879 0.5704567541302236 0.6544324187600677 0.5568513119533528 0.6544324187600677
11 0.6511175898931001 0.402265798687381 0.6676384839650147 0.402265798687381 0.6676384839650147 0.42478067547958515 0.6511175898931001 0.42478067547958515
11 0.7453838678328474 0.40076480690123406 0.7657920310981535 0.40076480690123406 0.7657920310981535 0.430784642624173 0.7453838678328474 0.430784642624173
11 0.9368318756073858 0.40676877404582185 0.9552964042759963 0.40676877404582185 0.9552964042759963 0.4307846426241729 0.9368318756073858 0.4307846426241729
11 0.6861030126336248 0.20563587470213132 0.7055393586005831 0.20563587470213132 0.7055393586005831 0.2326537268527763 0.6861030126336248 0.2326537268527763
11 0.783284742468416 0.35573505331682576 0.8036929057337221 0.35573505331682576 0.8036929057337221 0.3842538972536177 0.783284742468416 0.3842538972536177
7 0.07094266277939747 0.1470971950424005 0.1020408163265306 0.1470971950424005 0.1020408163265306 0.2011328993436905 0.07094266277939747 0.2011328993436905
7 0.06997084548104957 0.8165395316639377 0.10204081632653061 0.8165395316639377 0.10204081632653061 0.8765792031098153 0.06997084548104957 0.8765792031098153
1 0.3955296404275997 0.05403570430128998 0.4256559766763849 0.05403570430128998 0.4256559766763849 0.11257438396102079 0.3955296404275997 0.11257438396102079
1 0.9387755102040817 0.1425942196839597 0.9776482021379981 0.1425942196839597 0.9776482021379981 0.19813091577139658 0.9387755102040817 0.19813091577139658
1 0.9465500485908648 0.3902578643982055 0.9757045675413022 0.3902578643982055 0.9757045675413022 0.44429356869949543 0.9465500485908648 0.44429356869949543
4 0.015549076773566569 0.019512893219910274 0.04081632653061224 0.019512893219910274 0.04081632653061224 0.2656755461480091 0.015549076773566569 0.2656755461480091
4 0.029154518950437316 0.30470133258782967 0.06705539358600583 0.30470133258782967 0.06705539358600583 0.5328520840821651 0.029154518950437316 0.5328520840821651
4 0.027210884353741496 0.5148401826484018 0.06025267249757045 0.5148401826484018 0.06025267249757045 0.748994901287325 0.027210884353741496 0.748994901287325
4 0.026239067055393587 0.7384879587842965 0.05928085519922254 0.7384879587842965 0.05928085519922254 0.9666387102786318 0.026239067055393587 0.9666387102786318
3 0.12244897959183673 0.12908529360863719 0.20019436345966957 0.12908529360863719 0.20019436345966957 0.21614281720515993 0.12244897959183673 0.21614281720515993
3 0.21865889212827988 0.12458231825019636 0.28960155490767736 0.12458231825019636 0.28960155490767736 0.21614281720515993 0.21865889212827988 0.21614281720515993
3 0.3712342079689018 0.12458231825019636 0.4489795918367347 0.12458231825019636 0.4489795918367347 0.21914480077745382 0.3712342079689018 0.21914480077745382
3 0.6579203109815355 0.1260833100363433 0.7317784256559768 0.1260833100363433 0.7317784256559768 0.21614281720515993 0.6579203109815355 0.21614281720515993
3 0.7589893100097183 0.13208727718093108 0.8289601554907678 0.13208727718093108 0.8289601554907678 0.21314083363286607 0.7589893100097183 0.21314083363286607
3 0.8493683187560738 0.12758430182249025 0.9241982507288629 0.12758430182249025 0.9241982507288629 0.21764380899130692 0.8493683187560738 0.21764380899130692
3 0.6579203109815355 0.37374695475058906 0.7366375121477163 0.37374695475058906 0.7366375121477163 0.4653074537055526 0.6579203109815355 0.4653074537055526
3 0.7570456754130224 0.3722459629644421 0.8299319727891156 0.3722459629644421 0.8299319727891156 0.4638064619194058 0.7570456754130224 0.4638064619194058
3 0.4684159378036929 0.5928917555280429 0.5451895043731779 0.5928917555280429 0.5451895043731779 0.6814502709107126 0.4684159378036929 0.6814502709107126
3 0.5617103984450923 0.5928917555280429 0.640427599611273 0.5928917555280429 0.640427599611273 0.6799492791245657 0.5617103984450923 0.6799492791245657
3 0.12147716229348884 0.8060325891609089 0.20213799805636543 0.8060325891609089 0.20213799805636543 0.9005950716881663 0.12147716229348884 0.9005950716881663
3 0.21768707482993196 0.8075335809470559 0.2944606413994169 0.8075335809470559 0.2944606413994169 0.9020960634743133 0.21768707482993196 0.9020960634743133
3 0.3673469387755102 0.803030605588615 0.4489795918367347 0.803030605588615 0.4489795918367347 0.8945911045435787 0.3673469387755102 0.8945911045435787
5 0.3206997084548105 0.15160017040084134 0.3459669582118562 0.15160017040084134 0.3459669582118562 0.1981309157713966 0.3206997084548105 0.1981309157713966
11 0.26179018286814243 0.20811633947288619 0.28488931665062556 0.20811633947288619 0.28488931665062556 0.22892797342017482 0.26179018286814243 0.22892797342017482
8 0.04004846046586051 0.3799705449189985 0.05625855160680405 0.3799705449189985 0.05625855160680405 0.4609720176730486 0.04004846046586051 0.4609720176730486
8 0.02097776500592692 0.08247422680412367 0.03623432137387378 0.08247422680412367 0.03623432137387378 0.2091310751104566 0.02097776500592692 0.2091310751104566
8 0.04004846046586051 0.6111929307805597 0.0581656211527974 0.6111929307805597 0.0581656211527974 0.6701030927835051 0.04004846046586051 0.6701030927835051
8 0.03814139091986716 0.8188512518409425 0.05625855160680405 0.8188512518409425 0.05625855160680405 0.9013254786450664 0.03814139091986716 0.9013254786450664
8 0.0724686427477476 0.8792341678939617 0.10012115116465128 0.8792341678939617 0.10012115116465128 0.8910162002945509 0.0724686427477476 0.8910162002945509
8 0.1363554725385251 0.833578792341679 0.1859392807343524 0.833578792341679 0.1859392807343524 0.8733431516936672 0.1363554725385251 0.8733431516936672
8 0.23170894983819296 0.8321060382916053 0.2765250841690368 0.8321060382916053 0.2765250841690368 0.8703976435935199 0.23170894983819296 0.8703976435935199
8 0.3833209787446649 0.8379970544918999 0.4319512521674956 0.8379970544918999 0.4319512521674956 0.8762886597938144 0.3833209787446649 0.8762886597938144
8 0.4796279908173295 0.6229749631811488 0.5320724033321469 0.6229749631811488 0.5320724033321469 0.6509572901325478 0.4796279908173295 0.6509572901325478
8 0.5749814681169972 0.6067746686303387 0.6264723458588178 0.6067746686303387 0.6264723458588178 0.6627393225331369 0.5749814681169972 0.6627393225331369
8 0.6598460629137018 0.40795287187039764 0.7332682404344463 0.40795287187039764 0.7332682404344463 0.4300441826215021 0.6598460629137018 0.4300441826215021
8 0.7656884227163329 0.40206185567010316 0.8219469743231373 0.40206185567010316 0.8219469743231373 0.44624447717231225 0.7656884227163329 0.44624447717231225
8 0.941138820947722 0.4432989690721649 0.9783266770945926 0.4432989690721649 0.9783266770945926 0.4565537555228276 0.941138820947722 0.4565537555228276
8 0.946860029585702 0.1988217967599411 0.9745125380026057 0.1988217967599411 0.9745125380026057 0.21207658321060383 0.946860029585702 0.21207658321060383
8 0.6684278758706718 0.1605301914580265 0.7256399622504726 0.1605301914580265 0.7256399622504726 0.187039764359352 0.6684278758706718 0.187039764359352
8 0.7590136793053562 0.16642120765832102 0.8267146481881206 0.16642120765832102 0.8267146481881206 0.1885125184094256 0.7590136793053562 0.1885125184094256
8 0.8562742261510174 0.15758468335787923 0.914439847303815 0.15758468335787923 0.914439847303815 0.1914580265095729 0.8562742261510174 0.1914580265095729
8 0.3833209787446649 0.1649484536082474 0.43671892603247886 0.1649484536082474 0.43671892603247886 0.187039764359352 0.3833209787446649 0.187039764359352
8 0.3938098612476284 0.11045655375552282 0.42146236966453215 0.11045655375552282 0.42146236966453215 0.12223858615611191 0.3938098612476284 0.12223858615611191
8 0.3213412184998808 0.10898379970544919 0.3432725182788044 0.10898379970544919 0.3432725182788044 0.12371134020618557 0.3213412184998808 0.12371134020618557
8 0.29750284917496383 0.18998527245949925 0.32324828804587413 0.18998527245949925 0.32324828804587413 0.22533136966126655 0.29750284917496383 0.22533136966126655
8 0.3499472616897811 0.16347569955817376 0.3661573528307247 0.16347569955817376 0.3661573528307247 0.187039764359352 0.3499472616897811 0.187039764359352
8 0.22980188029219964 0.15316642120765833 0.2831998275800136 0.15316642120765833 0.2831998275800136 0.19145802650957292 0.22980188029219964 0.19145802650957292
8 0.12968072912754833 0.1487481590574374 0.18879988505334244 0.1487481590574374 0.18879988505334244 0.19440353460972018 0.12968072912754833 0.19440353460972018
8 0.07056157320175424 0.20176730486008837 0.10393529025663802 0.20176730486008837 0.10393529025663802 0.21207658321060383 0.07056157320175424 0.21207658321060383
8 0.021931299778923618 0.5684830633284242 0.04195553001185384 0.5684830633284242 0.04195553001185384 0.7025036818851251 0.021931299778923618 0.7025036818851251
