8 0.18773504487790205 0.3342342342342343 0.07124304267161413 0.027027027027027018
8 0.39713182570325434 0.33333333333333337 0.12226846512560798 0.02882882882882882
8 0.47752093466379186 0.236036036036036 0.011552925838640107 0.10090090090090087
8 0.5704257132828562 0.1945945945945946 0.19736248307676874 0.025225225225225217
8 0.8399939828511259 0.1963963963963964 0.11071553928696787 0.025225225225225217
8 0.3701749987464274 0.4018018018018018 0.06642932357218072 0.06126126126126124
8 0.47800230657373516 0.4423423423423424 0.01444115729830024 0.11711711711711707
8 0.5680188537331395 0.4936936936936938 0.20217620217620222 0.028828828828828746
8 0.7249460963746679 0.6612612612612613 0.01732938875796023 0.19099099099099098
8 0.8395126109411826 0.8324324324324324 0.11167828310685465 0.02882882882882882
8 0.5622423908138194 0.8585585585585584 0.21372912801484226 0.027027027027026945
8 0.466930752645038 0.7648648648648648 0.40435240435240416 0.04144144144144132
9 0.21132226846512567 0.33063063063063064 0.02406859549716696 0.03783783783783786
9 0.4418994133279848 0.33333333333333337 0.021180364037506935 0.03603603603603606
9 0.39087399087399094 0.41891891891891897 0.01925487639773351 0.037837837837837895
9 0.6614050042621471 0.19189189189189185 0.01732938875796023 0.045045045045045064
9 0.8857243142957429 0.1918918918918919 0.021180364037506793 0.034234234234234225
9 0.6589981447124305 0.4900900900900901 0.01636664493807345 0.054054054054054106
9 0.7239833525547812 0.7234234234234234 0.03080780223637376 0.030630630630630692
9 0.8871684300255731 0.8306306306306306 0.022143107857393575 0.043243243243243225
9 0.46596800882515177 0.8603603603603603 0.01925487639773351 0.04504504504504496
9 0.6614050042621471 0.7558558558558559 0.01925487639773351 0.04144144144144136
9 0.27582610439753297 0.7306306306306307 0.024068595497166924 0.034234234234234294
7 0.1309331595045881 0.33333333333333326 0.06546657975229406 0.11891891891891895
1 0.9160507446221733 0.8369369369369369 0.06065286065286074 0.117117117117117
1 0.9117183974326832 0.1900900900900901 0.05198816627388055 0.10270270270270272
4 0.07028029885172744 0.3198198198198199 0.05776462919320066 0.6072072072072073
4 0.06739206739206728 0.7936936936936937 0.05198816627388048 0.39099099099099044
3 0.27775159203730637 0.3297297297297297 0.1318959033244748 0.2018018018018018
3 0.7273529559243846 0.1891891891891892 0.12611944040515483 0.1837837837837838
3 0.7249460963746679 0.4927927927927928 0.12708218422504147 0.1891891891891892
3 0.7268715840144412 0.8252252252252252 0.13093315950458817 0.20180180180180174
5 0.4799277942135086 0.32432432432432434 0.06642932357218072 0.1297297297297297
