8 0.08669951546653767 0.28306264501160094 0.01926655899256394 0.03712296983758701
8 0.2167487886663442 0.14849187935034802 0.015413247194051181 0.023201856148491854
8 0.210968820968575 0.20301624129930393 0.011559935395538332 0.1090487238979118
8 0.23168037188558124 0.2842227378190255 0.026009854639961284 0.03480278422273788
8 0.1839956383789855 0.28538283062645015 0.026973182589589514 0.02784222737819025
8 0.30922827183065105 0.14501160092807425 0.023119870791076736 0.025522041763341042
8 0.2904433768129012 0.28886310904872387 0.03564313413624326 0.025522041763341115
8 0.30585662400695235 0.3990719257540603 0.010596607445910173 0.25522041763341063
8 0.3178982233773047 0.5220417633410672 0.03853311798512783 0.027842227378190344
8 0.44024087298008574 0.525522041763341 0.059726332876948195 0.020881670533642805
8 0.5529502430865848 0.5220417633410672 0.040459773884384306 0.018561484918793524
8 0.5722168020791486 0.4037122969837587 0.0038533117985127775 0.25058004640371234
8 0.5866667213235716 0.2877030162412994 0.036606462085871525 0.023201856148491854
8 0.2629885302484976 0.5011600928074246 0.0077066235970255905 0.38051044083526675
8 0.31019159978027927 0.7436194895591648 0.025046526690333124 0.030162412993039425
8 0.33523812647061235 0.6763341067285382 0.0038533117985127775 0.07656612529002331
8 0.593410016970969 0.6844547563805107 0.009633279496281873 0.06496519721577726
8 0.4628790797963484 0.6531322505800463 0.264915186147754 0.02088167053364259
8 0.33475646249579827 0.8120649651972158 0.008669951546653749 0.08352668213457079
8 0.3400547662187533 0.8422273781902553 0.01926655899256389 0.018561484918793524
8 0.4387958810556434 0.8422273781902553 0.02600985463996132 0.03248259860788863
8 0.4652873996704189 0.7749419953596288 0.009633279496281944 0.07888631090487251
8 0.4720306953178162 0.7447795823665894 0.021193214891820345 0.027842227378190358
8 0.5360920039680913 0.8410672853828305 0.12426930550203728 0.02552204176334115
8 0.5674001623310077 0.7424593967517401 0.026973182589589584 0.02320185614849194
8 0.5943733449205972 0.8143851508120651 0.011559935395538332 0.08816705336426921
8 0.613158239938347 0.7378190255220417 0.010596607445910209 0.018561484918793524
8 0.6155665598124175 0.5394431554524363 0.007706623597025555 0.4245939675174015
8 0.6435030703516352 0.2842227378190255 0.025046526690333196 0.025522041763341042
8 0.7355008895411279 0.2900232018561485 0.029863166438474024 0.03712296983758701
8 0.8371319882269026 0.2900232018561485 0.023119870791076663 0.023201856148491906
8 0.9310564633156518 0.29118329466357307 0.026009854639961246 0.020881670533642732
9 0.09440613906356324 0.2853828306264501 0.011559935395538368 0.06032482598607885
9 0.19266558992563929 0.28886310904872387 0.013486591294794757 0.044083526682134604
9 0.22012043649004287 0.14501160092807425 0.014449919244422986 0.030162412993039442
9 0.3164532314528625 0.14269141531322507 0.012523263345166598 0.03944315545243621
9 0.26395185819812583 0.6763341067285382 0.02119321489182031 0.025522041763341292
9 0.33427479852098413 0.5208816705336428 0.011559935395538332 0.044083526682134604
9 0.4633607437711625 0.525522041763341 0.01348659129479472 0.034802784222737915
9 0.6001533126183664 0.2877030162412993 0.017339903093307497 0.04176334106728543
9 0.6507280299738467 0.2842227378190255 0.012523263345166527 0.03480278422273788
9 0.7475424889114803 0.28306264501160094 0.011559935395538332 0.03712296983758701
9 0.8438752838743 0.28538283062645015 0.013486591294794863 0.023201856148491837
9 0.4792556549400277 0.7412993039443155 0.010596607445910138 0.030162412993039425
9 0.31837988735211886 0.7436194895591648 0.010596607445910101 0.048723897911832806
9 0.3492063817402212 0.8457076566125289 0.012523263345166598 0.034802784222737984
9 0.5924466890213407 0.6995359628770301 0.025046526690333196 0.025522041763341004
9 0.4474658326022972 0.8410672853828306 0.016376575143679305 0.03480278422273784
9 0.5914833610717126 0.7842227378190256 0.01733990309330757 0.032482598607888775
9 0.5779967697769177 0.7436194895591648 0.011559935395538332 0.030162412993039425
9 0.6165298877620456 0.3283062645011601 0.01541324719405111 0.039443155452436186
9 0.9402080788371197 0.2865429234338748 0.01541324719405111 0.025522041763341042
4 0.01589491116886524 0.25174013921113686 0.027936510539217693 0.33642691415313225
4 0.01782156706812163 0.7969837587006962 0.02793651053921769 0.33642691415313225
4 0.018303231042935728 0.5174013921113689 0.036606462085871455 0.23201856148491884
2 0.05876300492731998 0.28306264501160094 0.034679806186615064 0.10672853828306263
2 0.9589929738548695 0.2703016241299304 0.04720306953178152 0.10904872389791183
3 0.1358292408975757 0.2865429234338748 0.08477285956728126 0.14153132250580047
3 0.2625068662736835 0.14385150812064965 0.0818828757183967 0.13457076566125292
3 0.26347019422331175 0.7424593967517401 0.07802956391988389 0.14385150812064965
3 0.37425290843055437 0.5243619489559164 0.08188287571839674 0.12993039443155446
3 0.5018938617562902 0.5220417633410672 0.08477285956728131 0.13457076566125287
3 0.691187803858231 0.28654292343387466 0.07802956391988389 0.1322505800464037
3 0.7865572708714222 0.2842227378190255 0.07802956391988389 0.12761020881670537
3 0.8843350577586844 0.2865429234338748 0.0751395800709993 0.14153132250580047
3 0.39207447549867586 0.8445475638051044 0.08284620366802485 0.12529002320185612
3 0.519715428824412 0.7447795823665894 0.08380953161765312 0.12529002320185612
5 0.3328298065965419 0.7331786542923433 0.033716478236986876 0.07424593967517396
5 0.5943733449205972 0.7447795823665894 0.03275315028735868 0.06960556844547554
5 0.4648057356956048 0.8387470997679815 0.033716478236986876 0.07192575406032489
5 0.210968820968575 0.2900232018561485 0.0231198707910767 0.07888631090487237
5 0.2625068662736835 0.2877030162412993 0.026009854639961354 0.07888631090487234
8 0.26202520229886944 0.2459396751740139 0.005779967697769201 0.03712296983758705
8 0.33042148672247135 0.2308584686774942 0.15027916014199863 0.02552204176334108
8 0.5486152673132578 0.23665893271461716 0.1473891762931141 0.02784222737819029
9 0.39978109909570153 0.23085846867749418 0.019266558992563958 0.05336426914153129
9 0.6141215678879752 0.2354988399071926 0.02215654284144854 0.04872389791183292
