8 0.32847424684159376 0.4014065582943133 0.021379980563654043 0.21144756603940276
8 0.23760932944606414 0.5956632653061223 0.05344995140913504 0.025786288541390617
8 0.43197278911564624 0.21144756603940273 0.0728862973760932 0.030943546249668722
8 0.4625850340136054 0.33865992284359625 0.021379980563654043 0.3128736343022057
8 0.543245869776482 0.5552647465912771 0.10495626822157433 0.024067202638631286
8 0.46307094266277943 0.7151397355478986 0.008746355685131206 0.23035751096975574
8 0.5174927113702624 0.8294589480813969 0.1253644314868805 0.03266263215242802
8 0.740038872691934 0.5509670318343787 0.03790087463556844 0.036100803957946966
8 0.7896015549076774 0.7185779073534175 0.020408163265306173 0.23723385458079335
8 0.7541302235179788 0.8243016903731188 0.09135082604470356 0.03953897576346563
8 0.8561710398445093 0.5449502311747209 0.0816326530612244 0.03438171805518742
9 0.25801749271137026 0.5956632653061223 0.018464528668610355 0.04985349118002169
9 0.32847424684159376 0.3051377477397885 0.031098153547133158 0.04297714756898429
9 0.4606413994169097 0.489939482286421 0.034985422740524755 0.04125806166622496
9 0.5879494655004859 0.5561242895426568 0.025267249757045605 0.053291662985540424
9 0.5748299319727892 0.8260207762758782 0.022351797862001917 0.0464153193745031
9 0.7526724975704567 0.5475288600288599 0.022351797862001917 0.06016800659657797
9 0.7886297376093296 0.6162922961392349 0.0359572400388727 0.04985349118002183
9 0.8921282798833821 0.5440906882233412 0.025267249757045675 0.04641531937450303
7 0.1880466472303207 0.5870678357923255 0.06316812439261417 0.10830241187384054
1 0.9169096209912536 0.5535456606885177 0.06511175898931 0.10314515416556233
4 0.1054421768707481 0.20800939423388398 0.04178814382896015 0.29568277527461195
4 0.10155490767735666 0.6480953853402832 0.037900874635568516 0.6360617840209676
5 0.45578231292517 0.5466693170774802 0.07385811467444121 0.10314515416556233
3 0.326530612244898 0.20543076537974492 0.1418853255587949 0.19769487881732778
3 0.3309037900874635 0.5930846364519833 0.13896987366375121 0.2166048237476808
3 0.6540330417881438 0.5509670318343787 0.13994169096209924 0.20800939423388398
3 0.6496598639455782 0.8268803192272578 0.13119533527696794 0.19597579291456838
5 0.7847424684159379 0.5380738875636834 0.07094266277939752 0.13065052860971227
8 0.3425655976676385 0.7065443060341019 0.01652089407191454 0.044696233471743625
3 0.3561710398445092 0.8303184910327767 0.13313896987366372 0.20285213652560585
