8 0.08958247987688082 0.1402805611222445 0.050089128533309706 0.01603206412825653
8 0.4642876914049093 0.14228456913827653 0.5644659484715288 0.016032064128256494
8 0.7831242595688616 0.14228456913827656 0.0346770889845989 0.01603206412825653
8 0.8837841428713782 0.14228456913827656 0.03178733156921567 0.012024048096192405
8 0.759042947774001 0.3216432865731463 0.009632524717944194 0.32264529058116237
8 0.14930413312813473 0.3527054108216433 0.009632524717944175 0.31663326653306606
8 0.17386707115889238 0.533066132264529 0.03371383651280464 0.016032064128256564
8 0.27500858069730616 0.5340681362725451 0.037566846399982305 0.014028056112224477
8 0.3308772240613825 0.5350701402805611 0.035640341456393436 0.02004008016032067
8 0.38915399860494476 0.532064128256513 0.04045660381536557 0.02204408817635276
8 0.491258760615153 0.5330661322645291 0.034677088984599036 0.02004008016032067
8 0.549053908922818 0.5340681362725451 0.036603593928187905 0.026052104208416863
8 0.6511586709330263 0.532064128256513 0.0404566038153655 0.026052104208416863
8 0.7075089405329997 0.5350701402805611 0.03756684639998241 0.02004008016032067
8 0.8081688238355165 0.532064128256513 0.032750584041010174 0.01803607214428858
8 0.36218292939470104 0.6222444889779559 0.007706019774355326 0.13426853707414835
8 0.3819296050664866 0.685370741482966 0.05105238100510405 0.024048096192384776
8 0.4989647803895083 0.6843687374749499 0.04623611864613203 0.014028056112224477
8 0.5201563347689856 0.62124248496994 0.007706019774355397 0.13627254509018044
8 0.30294290237934435 0.7214428857715431 0.004816262358972026 0.3326653306613227
8 0.32943234535369087 0.8817635270541082 0.06357466313843155 0.028056112224448954
8 0.555796676225379 0.8797595190380761 0.25815166244090393 0.016032064128256564
8 0.6795746188509617 0.720440881763527 0.00866927224614983 0.3266533066132265
9 0.10740265060507756 0.1402805611222445 0.010595777189738592 0.024048096192384794
9 0.7421860295175988 0.13627254509018039 0.01444878707691629 0.028056112224448898
9 0.7937200367586001 0.13927855711422846 0.01155902966153306 0.0180360721442886
9 0.8938982938252196 0.14328657314629256 0.011559029661532917 0.02605210420841683
9 0.18301796964093936 0.5350701402805611 0.009632524717944123 0.03206412825651306
9 0.2846411054152504 0.532064128256513 0.012522282133327386 0.02204408817635276
9 0.3424362537229155 0.532064128256513 0.012522282133327494 0.034068136272545145
9 0.40071302826647776 0.530060120240481 0.015412039548710652 0.026052104208416863
9 0.5008912853330972 0.5340681362725451 0.013485534605121856 0.026052104208416863
9 0.5601313123484539 0.5290581162324649 0.012522282133327423 0.04408817635270545
9 0.6612728218868676 0.532064128256513 0.014448787076916148 0.03807615230460925
9 0.7171414652509438 0.532064128256513 0.016375292020505156 0.034068136272545145
9 0.818764601025255 0.5290581162324649 0.015412039548710794 0.028056112224448954
9 0.40215790697416937 0.6803607214428858 0.016375292020505087 0.034068136272545076
9 0.3564034145639345 0.8847695390781563 0.017338544492299518 0.03807615230460925
9 0.5191930822971911 0.5681362725450902 0.013485534605121927 0.03807615230460925
9 0.6795746188509617 0.5671342685370742 0.01252228213332728 0.028056112224448954
7 0.05346051218459018 0.14529058116232466 0.024081311794860446 0.06613226452905813
1 0.8336950143380685 0.5350701402805611 0.02600781673844935 0.06412825651302612
1 0.9117184645534162 0.1372745490981964 0.024081311794860484 0.062124248496993995
4 0.023599685558963232 0.14128256513026052 0.02408131179486044 0.2545090180360721
4 0.02456293803075765 0.6783567134268538 0.026007816738449277 0.5991983967935872
3 0.14689600194864869 0.14128256513026052 0.07031743044099248 0.12224448897795591
3 0.8341766405739657 0.14128256513026052 0.0712806829127868 0.1302605210420842
3 0.2239561996922021 0.5350701402805612 0.0703174304409925 0.11623246492985978
3 0.4392431271382544 0.5290581162324649 0.07320718785637567 0.1202404809619238
3 0.6015511686356139 0.530060120240481 0.07609694527175889 0.1222444889779559
3 0.759042947774001 0.531062124248497 0.06935417796919807 0.12424849699398799
3 0.44068800584594614 0.6853707414829658 0.07609694527175898 0.1202404809619238
3 0.3983048970869916 0.8837675350701403 0.0741704403281701 0.1162324649298597
5 0.3005347711998583 0.531062124248497 0.023118059323066015 0.04809619238476962
5 0.35881154574342056 0.5260521042084169 0.022154806851271615 0.054108216432865744
5 0.5191930822971911 0.5270541082164328 0.019265049435888387 0.06012024048096194
5 0.6790929926150645 0.5230460921843687 0.021191554379477253 0.05611222444889776
2 0.14882250689223753 0.531062124248497 0.024081311794860463 0.04408817635270545
2 0.759042947774001 0.1372745490981964 0.021191554379477253 0.05410821643286573
