8 0.07509508421744973 0.3377896613190731 0.013478604859542252 0.5294117647058824
8 0.23539420629700586 0.20944741532976827 0.05872820688800555 0.019607843137254867
8 0.2079556178329377 0.3939393939393939 0.011553089879607655 0.39928698752228164
8 0.13141639738053704 0.7771836007130125 0.012515847369574952 0.26381461675579315
8 0.1559667133747033 0.7745098039215687 0.011553089879607655 0.2584670231729055
8 0.10157091519155059 0.6105169340463458 0.035622027128790264 0.02317290552584666
8 0.18533081681870606 0.6087344028520498 0.031770997168921046 0.026737967914438485
8 0.20891837532290503 0.6639928698752229 0.013478604859542286 0.07664884135472377
8 0.3273375465888834 0.6951871657754012 0.2541679773513683 0.014260249554367164
8 0.44816361157978013 0.6007130124777184 0.010590332389640338 0.18894830659536538
8 0.3230051378840305 0.20766488413547235 0.016366877329444165 0.02317290552584666
8 0.3754754210872487 0.2058823529411765 0.038510299598692156 0.0196078431372549
8 0.4269829468004994 0.20766488413547235 0.03754754210872484 0.012477718360071322
8 0.532886270696903 0.2067736185383244 0.07028129676761317 0.010695187165775409
8 0.28979000448015857 0.12299465240641709 0.015404119839476848 0.09625668449197859
8 0.37836369355715055 0.2308377896613191 0.011553089879607655 0.31194295900178254
8 0.4019512520613495 0.13368983957219252 0.012515847369574971 0.12477718360071302
8 0.34466718140829483 0.3155080213903743 0.009627574899673093 0.17468805704099818
8 0.3538133775629843 0.39839572192513373 0.03562202712879028 0.0196078431372549
8 0.41928088688076104 0.4010695187165776 0.06643026680774405 0.021390374331550745
8 0.44623809659984554 0.4251336898395722 0.020217907289313358 0.08021390374331552
8 0.4756022000438483 0.48395721925133695 0.03465926963882289 0.01604278074866315
8 0.5579179654360528 0.48573975044563283 0.02984548218898645 0.016042780748663076
8 0.6397523520832736 0.48484848484848486 0.03177099716892109 0.024955436720142644
8 0.6787440304269495 0.482174688057041 0.02310617975921531 0.019607843137254975
8 0.7239936324554128 0.482174688057041 0.028882724699019206 0.02317290552584673
8 0.7658735832689905 0.4830659536541889 0.025994452229117258 0.021390374331550818
8 0.859261059795819 0.48752228163992867 0.056802691908070954 0.02317290552584666
8 0.882848618300018 0.5311942959001782 0.017329634819411553 0.12121212121212124
8 0.7023315889311484 0.6256684491978609 0.012515847369574971 0.24598930481283418
8 0.7177357087706252 0.7370766488413547 0.04910063198833242 0.02317290552584666
8 0.7827218393434184 0.7379679144385026 0.06546750931777666 0.01782531194295899
8 0.8770720733602141 0.7388591800356507 0.030808239678953696 0.02317290552584666
8 0.922803054133661 0.6203208556149733 0.02791996720905189 0.02852049910873433
8 0.9487975063627784 0.767379679144385 0.004813787449836582 0.25846702317290543
9 0.1126426263261746 0.606951871657754 0.015404119839476866 0.037433155080213824
9 0.07509508421744973 0.5828877005347594 0.01925514979934609 0.014260249554367164
9 0.1920701192484772 0.6096256684491979 0.0163668773294442 0.03565062388591798
9 0.2580190073112375 0.20499108734402852 0.013478604859542252 0.024955436720142606
9 0.3258934103539325 0.20320855614973263 0.012515847369574971 0.03208556149732619
9 0.39184229841669277 0.20231729055258466 0.011553089879607726 0.0196078431372549
9 0.4029140095513168 0.18092691622103388 0.018292392309378798 0.023172905525846693
9 0.28834586824520764 0.08377896613190731 0.022143422269247957 0.021390374331550797
9 0.4404615516600417 0.20766488413547235 0.0125158473695749 0.016042780748663114
9 0.5622503741409056 0.20499108734402852 0.00770205991973846 0.021390374331550818
9 0.36536646744259194 0.40017825311942956 0.012515847369574971 0.03030303030303031
9 0.37691955732219967 0.3725490196078431 0.016366877329444165 0.021390374331550745
9 0.44527533910987827 0.4518716577540107 0.027919967209051818 0.019607843137254832
9 0.4881180474134233 0.480392156862745 0.019255149799346113 0.037433155080213894
9 0.4467194753448292 0.5133689839572192 0.015404119839476777 0.021390374331550818
9 0.15596671337470328 0.6577540106951872 0.015404119839476885 0.021390374331550818
9 0.12949088240060241 0.8877005347593584 0.02214342226924801 0.014260249554367164
9 0.5665827828457586 0.48395721925133683 0.0125158473695749 0.02317290552584673
9 0.648898548237963 0.48395721925133683 0.01540411983947692 0.03386809269162207
9 0.686446090346688 0.48128342245989303 0.011553089879607655 0.02495543672014257
9 0.733621207355086 0.4795008912655972 0.011553089879607655 0.021390374331550745
9 0.7745384006786964 0.47771836007130125 0.010590332389640338 0.02852049910873447
9 0.8862182695149037 0.5739750445632797 0.03177099716892101 0.021390374331550818
9 0.7316956923751512 0.7361853832442068 0.019255149799346043 0.02852049910873447
9 0.8091976703175192 0.7370766488413548 0.012515847369574971 0.019607843137254832
9 0.8900692994747729 0.7352941176470589 0.014441362349509603 0.026737967914438485
9 0.936763037738187 0.6203208556149733 0.013478604859542428 0.035650623885918054
9 0.9483161276177947 0.890374331550802 0.015404119839476777 0.0231729055258468
4 0.03706616336374122 0.3386809269162211 0.03177099716892104 0.4171122994652407
4 0.037547542108724866 0.6987522281639929 0.01732963481941148 0.2959001782531195
4 0.4987083798030636 0.9358288770053477 0.10975435385627265 0.08199643493761144
4 0.5015966522729656 0.045454545454545456 0.06931853927764592 0.07664884135472372
3 0.286420353265273 0.20499108734402852 0.06450475182780938 0.09269162210338681
3 0.47319530631893003 0.20944741532976827 0.06835578178767854 0.10160427807486631
3 0.5179635296024097 0.48395721925133695 0.05969096437797283 0.10160427807486627
3 0.5993165375046469 0.48306595365418903 0.06835578178767861 0.10338680926916219
3 0.143932244750112 0.6087344028520499 0.056802691908070954 0.09447415329768262
3 0.8077535340825683 0.48395721925133695 0.06354199433784202 0.09447415329768276
3 0.88573689076992 0.6176470588235294 0.0596909643779729 0.10160427807486627
3 0.8385617737615221 0.7352941176470589 0.0673930242977113 0.10160427807486641
5 0.2060301028530031 0.606951871657754 0.028882724699019136 0.0481283422459893
5 0.44720085408981275 0.47593582887700536 0.03562202712879021 0.05347593582887697
5 0.34322304517334395 0.2005347593582888 0.025994452229117258 0.051693404634581094
5 0.7028129676761321 0.47860962566844917 0.02310617975921531 0.05882352941176471
0 0.6123137636192054 0.33957219251336895 0.03465926963882296 0.08734402852049908
8 0.6609330168625545 0.26827094474153296 0.012515847369574971 0.3903743315508021
8 0.7475811909596117 0.267379679144385 0.006739302429771072 0.392156862745098
9 0.6604516381175708 0.07754010695187166 0.01540411983947692 0.023172905525846704
9 0.7470998122146281 0.4590017825311943 0.011553089879607655 0.02317290552584666
1 0.9006596318644131 0.7361853832442068 0.024068937249182625 0.04634581105169346
1 0.5762103577454316 0.20499108734402852 0.022143422269248064 0.046345811051693386
2 0.07461370547246608 0.6087344028520499 0.024068937249182607 0.03386809269162207
2 0.6604516381175707 0.4830659536541889 0.021180664779280677 0.0392156862745098
2 0.7475811909596117 0.48484848484848486 0.020217907289313358 0.042780748663101636
2 0.9487975063627784 0.6185383244206775 0.018292392309378867 0.05347593582887704
2 0.38028920853708514 0.4028520499108734 0.021180664779280604 0.03921568627450988
2 0.4029140095513168 0.21122994652406418 0.027919967209051818 0.03030303030303031
