8 0.14196342637151108 0.09614380840028844 0.04331087584215591 0.0221215842336947
8 0.24205967276227142 0.09614380840028844 0.0279114533205005 0.015314942931019395
8 0.25360923965351295 0.1693152024040478 0.010587102983638097 0.16846437224121338
8 0.2627526467757459 0.24588991705914473 0.03849855630413859 0.0221215842336947
8 0.37728585178055823 0.24759157738481355 0.015399422521655453 0.015314942931019395
8 0.38402309913378246 0.4747632308616014 0.011549566891241553 0.4730615705359325
8 0.3979788257940327 0.7010840541755546 0.04716073147256978 0.02722656521070121
8 0.467757459095284 0.39478519555516667 0.06352261790182873 0.017016603256688186
8 0.5356111645813282 0.2492932377104824 0.05293551491819059 0.02552490488503235
8 0.6583253128007701 0.25184572819898565 0.07122232916265638 0.020419923908025873
8 0.5091434071222329 0.3088513491088911 0.00962463907603464 0.1344311657278369
8 0.541385948026949 0.3922327050666634 0.043310875842156024 0.018718263582357012
8 0.6530317613089508 0.39138187490382903 0.051010587102983465 0.023823244559363486
8 0.6896053897978826 0.3011938776433814 0.014436958614052031 0.13613282605350574
8 0.7151106833493743 0.3922327050666634 0.025024061597690092 0.018718263582357012
8 0.7468719923002888 0.5496362851910295 0.04427333974975923 0.020419923908025765
8 0.7271414821944177 0.4620007784190851 0.016361886429258874 0.17867433419522627
8 0.8662175168431184 0.5470837947025262 0.06352261790182866 0.02212158423369459
8 0.43695861405197306 0.5360230025856789 0.005774783445620741 0.3028955379690503
8 0.5067372473532242 0.7070398653153955 0.11453320500481233 0.015314942931019431
8 0.6814244465832532 0.706189035152561 0.10779595765158803 0.017016603256688256
8 0.4364773820981713 0.8091394848555248 0.012512030798845046 0.1684643722412133
8 0.4951876804619826 0.8865650296734563 0.13955726660250242 0.023823244559363417
8 0.6804619826756496 0.8874158598362905 0.10779595765158795 0.015314942931019431
9 0.15832531280076997 0.0935913179117852 0.018286814244465825 0.027226565210701156
9 0.27670837343599614 0.24248659640780712 0.012512030798845046 0.028928225536369964
9 0.4191530317613089 0.7027857145012234 0.012512030798845046 0.04424316846738947
9 0.4918190567853706 0.3922327050666634 0.015399422521655453 0.02212158423369466
9 0.555822906641001 0.24503908689631035 0.014436958614052031 0.03403320651337644
9 0.5572666025024061 0.3896802145781602 0.015399422521655524 0.03403320651337644
9 0.6703561116458132 0.3896802145781602 0.020211742059672702 0.02722656521070114
9 0.6896053897978826 0.35990115887895585 0.016361886429259016 0.025524904885032312
9 0.7622714148219442 0.5453821343768575 0.015399422521655453 0.01871826358235694
9 0.8936477382098171 0.5470837947025262 0.012512030798845046 0.028928225536369964
9 0.5582290664100097 0.7070398653153955 0.00962463907603471 0.022121584233694733
9 0.7295476419634264 0.7053382049897265 0.013474494706448467 0.025524904885032385
9 0.5548604427333975 0.8865650296734562 0.01828681424446586 0.03743652716471416
9 0.726660250240616 0.8848633693477873 0.01539942252165531 0.02722656521070121
7 0.1082771896053898 0.09699463856312285 0.029836381135707413 0.0544531304214023
1 0.7430221366698748 0.8772058978822777 0.03464870067372473 0.076574714655097
1 0.7435033686236767 0.704487374826892 0.0279114533205005 0.05445313042140228
1 0.9080846968238692 0.5419788137255197 0.029836381135707343 0.0561547907470711
4 0.05919153031761309 0.09359131791178521 0.03176130895091434 0.16676271191554456
4 0.05822906641000962 0.23993410591930384 0.031761308950914356 0.190585956474908
4 0.059191530317613095 0.3990393463693387 0.029836381135707423 0.17186769289255102
4 0.05919153031761309 0.5564429264937047 0.03368623676612128 0.18037599452089517
4 0.05822906641000962 0.7257581288977525 0.029836381135707413 0.19569093745191452
4 0.05822906641000962 0.896774991627469 0.025986525505293557 0.17697267386955745
3 0.19441770933589989 0.09274048774895079 0.07699711260827717 0.08338135595777228
3 0.32531280076997104 0.24588991705914473 0.09047160731472566 0.09018799726044759
3 0.595283926852743 0.24759157738481355 0.07603464870067377 0.09018799726044759
3 0.5943214629451395 0.39053104474099454 0.07410972088546686 0.09699463856312285
3 0.7988450433108758 0.544531304214023 0.07314725697786344 0.09529297823745403
3 0.5948026948989412 0.7036365446640579 0.07122232916265644 0.09359131791178513
3 0.5976900866217517 0.8814600486964497 0.07507218479307028 0.09188965758611645
5 0.43455245428296435 0.7010840541755547 0.03368623676612124 0.06466309237541523
5 0.5096246390760346 0.3922327050666634 0.0279114533205005 0.04594482879305822
5 0.6896053897978826 0.39053104474099465 0.03368623676612117 0.06296143204974641
