8 0.13822688274547187 0.19064452918123082 0.055290753098188754 0.03136143770080853
8 0.2130600571973308 0.28637944426790946 0.0142993326978074 0.06107227341736397
8 0.2283126787416587 0.31278907601595873 0.04099142040038131 0.014855417858277703
8 0.2440419447092469 0.3507529216537796 0.011439466158245964 0.07757829325989476
8 0.336510962821735 0.45721674963810327 0.08579599618684465 0.026409631748049237
8 0.4709246901811248 0.46051795360660946 0.10104861773117257 0.019807223811036962
8 0.40085795996186846 0.5983432192917416 0.0142993326978074 0.2129276559686474
8 0.4747378455672069 0.7757829325989479 0.057197330791229746 0.019807223811036893
8 0.6897044804575786 0.4580420506302299 0.15729265967588177 0.014855417858277703
8 0.6549094375595805 0.6404335698901952 0.27073403241182087 0.013204815874024618
8 0.5238322211630124 0.6866504254492816 0.008579599618684526 0.09903611905518474
8 0.5705433746425166 0.7724817286304417 0.05243088655862728 0.01650601984253072
8 0.7316491897044805 0.7741323306146947 0.08293612964728311 0.019807223811036893
8 0.7888465204957104 0.6123733361578928 0.010486177311725414 0.2607951135119867
8 0.8560533841754051 0.7749576316068213 0.09532888465204949 0.018156621826783806
9 0.15919923736892275 0.19477103414186347 0.015252621544327933 0.039614447622073924
9 0.24451858913250718 0.37963845637820853 0.014299332697807437 0.026409631748049306
9 0.37416587225929454 0.45639144864597675 0.02192564346997145 0.028060233732302323
9 0.5128693994280268 0.45969265261448294 0.015252621544327952 0.024759029763796292
9 0.40085795996186846 0.6940781343784204 0.01620591039084843 0.03466264166931467
9 0.49571020019065776 0.7724817286304416 0.015252621544327952 0.02640963174804938
9 0.5910390848427073 0.7733070296225683 0.01715919923736884 0.03466264166931467
9 0.7669208770257389 0.45969265261448283 0.014299332697807471 0.028060233732302393
9 0.7888465204957104 0.49435529428379765 0.012392755004766371 0.03136143770080856
9 0.7626310772163966 0.7716564276383151 0.01715919923736891 0.028060233732302323
9 0.896091515729266 0.7741323306146947 0.017159199237368767 0.02971083571655555
7 0.09199237368922784 0.19064452918123076 0.04480457578646331 0.08748190516541327
1 0.9189704480457579 0.7675299226776825 0.04385128693994275 0.08913250714966636
1 0.7893231649189704 0.4530902446774705 0.045757864632983855 0.08418070119690704
4 0.027645376549094377 0.1840421212442185 0.038131553860819824 0.3251685908978569
4 0.027645376549094377 0.5100360131342019 0.03622497616777884 0.3598312325671715
4 0.026692087702573877 0.8203491861737809 0.03431839847473784 0.31031317303957906
3 0.21353670162059096 0.18816862620485122 0.10486177311725452 0.14855417858277728
3 0.2435653002859867 0.45804205063022985 0.10390848427073404 0.15680718850404263
3 0.5676835081029549 0.4605179536066093 0.10200190657769335 0.14195177064576478
3 0.39942802669208766 0.7741323306146947 0.1010486177311725 0.14195177064576484
3 0.6434699714013347 0.7733070296225683 0.10295519542421352 0.14360237263001807
5 0.40324118207816967 0.4547408466617236 0.0514775977121068 0.09078310913391938
5 0.5238322211630124 0.7749576316068213 0.04671115347950426 0.08748190516541314
5 0.7907530981887512 0.7766082335910744 0.05052430886558625 0.09408431310242563
