8 0.12783181076894423 0.1867007672634271 0.036250812009103586 0.025575447570332487
8 0.22322868447711158 0.18925831202046034 0.038158749483266946 0.020460358056265983
8 0.3114707926571663 0.19053708439897699 0.031480968323695215 0.02301790281329925
8 0.36775494814498516 0.19053708439897699 0.044836530642838636 0.02301790281329925
8 0.46553674369585657 0.1867007672634271 0.036250812009103586 0.015345268542199477
8 0.4827081809633267 0.3887468030690536 0.009539687370816743 0.41943734015345263
8 0.3386589016639941 0.39641943734015345 0.009539687370816737 0.3631713554987212
8 0.3877882916237003 0.629156010230179 0.046744468117002 0.025575447570332487
8 0.4488422907969273 0.6278772378516624 0.04865240559116536 0.023017902813299285
8 0.5108502587072361 0.6278772378516624 0.039112718220348626 0.023017902813299285
8 0.5976614137816684 0.6278772378516624 0.023849218427041807 0.017902813299232677
8 0.6830416157504782 0.6253196930946291 0.03243493706077686 0.028132992327365755
8 0.9162869719669473 0.6265984654731458 0.07345559275528898 0.025575447570332414
9 0.14118737308808765 0.18414322250639387 0.007631749896653392 0.040920716112531966
9 0.23706123116479585 0.1867007672634271 0.008585718633735055 0.025575447570332487
9 0.3224414331336056 0.1854219948849105 0.0095396873708167 0.02301790281329925
9 0.38444940104391434 0.18925831202046037 0.009539687370816737 0.025575447570332487
9 0.3372279485583715 0.5639386189258312 0.014309531056225068 0.023017902813299285
9 0.40734465073387455 0.6240409207161125 0.011447624844980027 0.025575447570332487
9 0.4679216655385608 0.6253196930946291 0.01430953105622514 0.028132992327365755
9 0.48223119659478586 0.5895140664961637 0.012401593582061778 0.03324808184143222
9 0.5242058210263795 0.629156010230179 0.010493656107898416 0.030690537084398884
9 0.6052931636783218 0.6278772378516624 0.010493656107898274 0.03324808184143222
9 0.6949662249639991 0.6214833759590792 0.012401593582061849 0.04092071611253189
9 0.9482449246591833 0.6278772378516624 0.013355562319143388 0.04347826086956523
1 0.9616004869783268 0.6253196930946292 0.028619062112450137 0.06905370843989786
4 0.056284155487818725 0.21739130434782608 0.026711124638286846 0.4040920716112532
4 0.05342224927657371 0.6675191815856778 0.026711124638286846 0.5728900255754477
3 0.17600723199156876 0.1918158567774936 0.0677317803327988 0.1329923273657289
3 0.27188109006827693 0.18925831202046034 0.06296193664739043 0.1176470588235294
3 0.41974624431593627 0.1867007672634271 0.06296193664739043 0.12276214833759591
3 0.3396128704010758 0.6227621483375959 0.07059368654404388 0.13554987212276223
3 0.5575947268242382 0.6240409207161125 0.0658238428586354 0.11764705882352942
3 0.6372511163705579 0.6214833759590793 0.06486987412155379 0.12787723785166236
5 0.3372279485583715 0.17902813299232737 0.02766509337536853 0.08695652173913045
3 0.7493424429776545 0.6227621483375959 0.021941280952878516 0.0485933503836317
3 0.8232750201014841 0.5703324808184143 0.022895249689960196 0.04092071611253189
3 0.8471242385285259 0.6240409207161125 0.022895249689960196 0.051150895140664975
7 0.7254932245506126 0.6214833759590792 0.006677781159571765 0.030690537084398953
1 0.8676345663757821 0.6214833759590793 0.008585718633735126 0.025575447570332414
5 0.48270818096332674 0.6317135549872123 0.024803187164123486 0.06649616368286444
5 0.8218440669958617 0.6240409207161126 0.006677781159571765 0.020460358056265945
8 0.7951329423575748 0.5767263427109974 0.042928593168675346 0.017902813299232677
8 0.7731916614046963 0.59846547314578 0.0028619062112450423 0.03580562659846542
8 0.7817773800384313 0.6253196930946292 0.012401593582061707 0.012787723785166207
8 0.7641289584024205 0.6240409207161125 0.013355562319143388 0.015345268542199477
2 0.10350560797336157 0.18158567774936063 0.021941280952878495 0.08184143222506395
