8 0.0757864632983794 0.33633089715072556 0.008579599618684463 0.26390565971118884
8 0.1024785510009533 0.4881262578116724 0.035271687321258335 0.019842530805352608
8 0.23450905624404192 0.48911838435194 0.03813155386081981 0.021826783885887765
8 0.18350810295519543 0.48614200473113717 0.02764537654909436 0.01984253080535254
8 0.2783603431839847 0.33037813790911974 0.01715919923736891 0.2440631289058362
8 0.4037178265014299 0.3393072767715284 0.006673021925643567 0.2777954312749355
8 0.40657769304099145 0.3571655544963457 0.060057197330791255 0.027779543127493582
8 0.5214489990467112 0.3561734279560781 0.07244995233555777 0.017858277724817313
8 0.31744518589132503 0.4881262578116724 0.026692087702573843 0.02381103696642299
8 0.3408007626310771 0.4087561345902624 0.004766444232602467 0.11111817250997426
8 0.3489037178265014 0.3571655544963457 0.024785510009532885 0.01984253080535254
8 0.37321258341277397 0.48911838435194016 0.0448045757864633 0.017858277724817313
8 0.4261201143946616 0.4871341312714048 0.026692087702573915 0.021826783885887834
8 0.4785510009532888 0.49110263743247534 0.03050524308865583 0.013889771563746791
8 0.5605338417540515 0.4881262578116724 0.03050524308865583 0.011905518483211565
8 0.2092469018112488 0.5526144829290682 0.008579599618684455 0.08135437630194538
8 0.3279313632030505 0.5853546587578999 0.24976167778836988 0.01587402464428216
8 0.44899904671115354 0.5506302298485329 0.009532888465205005 0.07738587014087493
8 0.6105815061963774 0.5555908625498711 0.016205910390848358 0.05159058009391657
8 0.640610104861773 0.4881262578116724 0.03050524308865583 0.02381103696642299
8 0.684461391801716 0.48911838435194 0.026692087702573843 0.021826783885887765
8 0.7102001906577692 0.5764255198954913 0.011439466158245893 0.132944956395862
8 0.7202097235462344 0.6309924796102107 0.039084842707340355 0.027779543127493513
8 0.7855100095328885 0.6349609857712812 0.057197330791229885 0.019842530805352396
8 0.7092469018112487 0.41669314691240333 0.0057197330791230174 0.1150866786710447
8 0.7197330791229742 0.3571655544963457 0.028598665395614942 0.015874024644281944
8 0.7664442326024786 0.3571655544963457 0.026692087702573843 0.015874024644282086
8 0.8489037178265013 0.3551813014158104 0.0333651096282172 0.015874024644282017
8 0.9370829361296472 0.3551813014158104 0.036224976167778776 0.019842530805352608
8 0.7430886558627264 0.273826925113865 0.006673021925643496 0.14683472795960878
8 0.6615824594852239 0.3383151502312608 0.0057197330791230174 0.2599371535501183
8 0.15776930409914203 0.6766303004625216 0.010486177311725466 0.28970094975814703
8 0.13489037178265015 0.6706775412209158 0.012392755004766443 0.28176393743600614
8 0.8803622497616778 0.632976732690746 0.03145853193517638 0.027779543127493513
9 0.07673975214489989 0.4593545881439113 0.018112488083889416 0.025795290046958286
9 0.11344137273593898 0.4881262578116724 0.013346043851286939 0.035716555449634556
9 0.1935176358436606 0.4871341312714048 0.00953288846520497 0.029763796208028808
9 0.2459485224022879 0.4871341312714048 0.015252621544327915 0.025795290046958214
9 0.2778836987607245 0.2172757123186103 0.02001906577693042 0.02579529004695832
9 0.36892278360343184 0.33137026444938733 0.015252621544327952 0.02381103696642306
8 0.36892278360343184 0.26787416587225926 0.01334604385128685 0.13492920947639728
9 0.13393708293612963 0.7986618649154397 0.018112488083889405 0.029763796208028877
9 0.15681601525262157 0.5426932175263919 0.01620591039084843 0.025795290046958286
9 0.44804575786463297 0.5248349398015747 0.015252621544327952 0.029763796208028877
9 0.32554814108674934 0.48614200473113717 0.012392755004766443 0.031748049288564034
9 0.3560533841754052 0.35319704833527527 0.012392755004766443 0.035716555449634556
9 0.42945662535748336 0.3571655544963457 0.010486177311725414 0.035716555449634556
9 0.5533841754051477 0.3571655544963457 0.010486177311725414 0.02381103696642306
9 0.4899904671115348 0.48911838435194 0.009532888465205005 0.021826783885887765
9 0.4332697807435653 0.4851498781908695 0.01620591039084843 0.03373230236909926
9 0.39037178265014305 0.4861420047311371 0.012392755004766443 0.027779543127493513
9 0.567206863679695 0.4881262578116724 0.015252621544327952 0.019842530805352608
9 0.6510962821734987 0.4901105108922077 0.011439466158245893 0.031748049288564034
9 0.6901811248808388 0.4881262578116724 0.013346043851286992 0.03968506161070501
9 0.73069590085796 0.3561734279560781 0.012392755004766371 0.029763796208028808
9 0.7416587225929456 0.3293860113688521 0.017159199237368767 0.02381103696642306
9 0.6630123927550048 0.21826783885887793 0.010486177311725554 0.035716555449634556
9 0.7750238322211629 0.35319704833527527 0.01334604385128685 0.035716555449634556
9 0.8617731172545281 0.3541891748755428 0.013346043851286992 0.017858277724817313
9 0.9489990467111535 0.35319704833527527 0.014299332697807471 0.027779543127493513
9 0.7349857006673023 0.6300003530699432 0.01334604385128685 0.053574833174451865
9 0.8098188751191612 0.6319846061504784 0.01620591039084843 0.03373230236909926
9 0.890371782650143 0.6300003530699431 0.015252621544327952 0.04166931469124016
1 0.9032411820781696 0.6280160999894079 0.025738798856053506 0.0654803516576635
4 0.021448999046711156 0.5069766620767574 0.02573879885605338 0.46233096776471405
4 0.0228789323164919 0.1210394379126505 0.028598665395614873 0.19842530805352537
4 0.02240228789323165 0.8820004942979205 0.027645376549094377 0.20437806729513128
3 0.1444232602478551 0.484157751650602 0.05624404194470925 0.11111817250997426
3 0.276930409914204 0.48614200473113717 0.06387035271687318 0.09921265402676269
3 0.4628217349857007 0.35617342795607804 0.056244041944709264 0.11310242559050945
3 0.5190657769304099 0.484157751650602 0.060057197330791255 0.11905518483211523
3 0.5972354623450906 0.4861420047311373 0.06196377502383235 0.10714966634890381
3 0.8079122974261201 0.35319704833527527 0.06196377502383214 0.1150866786710447
3 0.8937082936129648 0.3591498075768809 0.06005719733079104 0.11111817250997415
3 0.8388941849380361 0.6260318469088726 0.06291706387035262 0.10913391942943897
5 0.20781696854146808 0.4851498781908695 0.026692087702573877 0.06944885781873389
5 0.44947569113441377 0.48514987819086963 0.027645376549094394 0.061511845496592915
5 0.7073403241182078 0.4851498781908695 0.030505243088655903 0.05754333933552239
0 0.6153479504289799 0.6051971895632524 0.048617731172545364 0.09921265402676269
2 0.07292659675881792 0.4930868905130106 0.029551954242135362 0.049606327013381274
2 0.4037178265014299 0.48911838435194016 0.029551954242135352 0.05357483317445194
2 0.36939942802669207 0.36311831373795145 0.02001906577693042 0.055559086254987095
1 0.5633937082936129 0.359149807576881 0.03050524308865576 0.07937012322141022
2 0.7440419447092469 0.359149807576881 0.020019065776930346 0.05159058009391657
2 0.6625357483317446 0.4911026374324753 0.019065776930409867 0.053574833174451796
2 0.9613918017159199 0.3561734279560781 0.023832221163012264 0.05754333933552239
5 0.34270734032411826 0.4901105108922077 0.027645376549094394 0.05159058009391664
