8 0.15495668912415783 0.15513492318112146 0.057747834456207896 0.01825116743307314
8 0.2911453320500481 0.15679412022049172 0.03368623676612124 0.008295985196851383
8 0.3060635226179018 0.2945074744882252 0.005774783445620741 0.29699627004728063
8 0.3238691049085659 0.4430056095118655 0.04716073147256978 0.01327357631496227
8 0.3955726660250241 0.21818441067719216 0.009624639076034568 0.32686181675594567
8 0.5428296438883542 0.06304948749607074 0.30991337824831566 0.016591970393702818
8 0.45957651588065446 0.4413464124724953 0.04138594802694904 0.01659197039370284
8 0.5139557266602502 0.15679412022049175 0.04619826756496636 0.01825116743307312
8 0.4966313763233879 0.2804042996535778 0.007699711260827726 0.26547152629924525
8 0.5447545717035611 0.44217601099218046 0.06544754571703557 0.01825116743307312
8 0.5717035611164581 0.5715933800630624 0.011549566891241553 0.2804042996535778
8 0.5948026948989413 0.7068179387717405 0.059672762271414825 0.019910364472443404
8 0.7362848893166506 0.7051587417323703 0.0481231953801732 0.019910364472443404
8 0.8782483156881616 0.7059883402520554 0.054860442733397574 0.01825116743307319
8 0.6530317613089508 0.1576237187401769 0.04908565928777662 0.01659197039370284
8 0.692492781520693 0.09125583716536555 0.008662175168431218 0.07300466973229244
8 0.7988450433108758 0.15679412022049175 0.1828681424446583 0.01825116743307312
9 0.17516843118383058 0.1559645217008066 0.013474494706448504 0.026547152629924558
9 0.3421559191530318 0.4446648065512358 0.010587102983638132 0.023228758551183972
9 0.39461020211742054 0.36834174274020276 0.017324350336862367 0.019910364472443404
9 0.4744947064485082 0.4430056095118655 0.01924927815206928 0.023228758551183972
9 0.6183830606352262 0.7051587417323703 0.02021174205967277 0.029865546708665106
9 0.5303176130895092 0.1559645217008066 0.015399422521655524 0.02322875855118399
9 0.6727622714148219 0.15679412022049175 0.017324350336862294 0.021569561511813707
9 0.8801732435033687 0.15430532466143632 0.022136669874879545 0.026547152629924523
9 0.753609239653513 0.704329143212685 0.01924927815206928 0.024887955590554185
9 0.8970163618864292 0.703499544693 0.01924927815206928 0.023228758551183972
7 0.11212704523580368 0.15845331725986203 0.037536092396535124 0.06470868453544101
1 0.9124157844080847 0.7043291432126851 0.03464870067372473 0.05807189637796
1 0.8994225216554378 0.15347572614175115 0.03561116458132815 0.07134547269292217
4 0.05245428296438884 0.16177171133860255 0.03946102021174206 0.316906634519724
4 0.05389797882579403 0.43305042727564386 0.030798845043310884 0.3019738611653915
4 0.05149181905678537 0.6893963698583526 0.03368623676612128 0.2505387529449127
3 0.22858517805582287 0.1559645217008066 0.10298363811357074 0.14932773354332546
3 0.5832531280076997 0.15679412022049175 0.1077959576515881 0.14103174834647406
3 0.3960538979788258 0.44051681395281006 0.09720885466794997 0.14103174834647397
5 0.4937439846005775 0.44051681395281006 0.04042348411934554 0.07134547269292213
5 0.6920115495668913 0.15928291577954717 0.04042348411934554 0.0663678815748113
3 0.6684311838306064 0.7101363328504811 0.10105871029836394 0.14932773354332532
3 0.8060635226179019 0.704329143212685 0.09720885466794997 0.14766853650395512
