8 0.06451107279607694 0.302066772655008 0.0077028146622181385 0.4546899841017488
8 0.18920038514073315 0.47217806041335453 0.22049306970599436 0.009538950715421279
8 0.28933697574956896 0.5230524642289348 0.02407129581943174 0.012718600953895133
8 0.08858236861550864 0.4952305246422894 0.019257036655545356 0.06518282988871228
8 0.1858304037260127 0.5421303656597775 0.025034147652208957 0.015898251192368918
8 0.1887189592243445 0.6494435612082671 0.009628518327772647 0.1796502384737679
8 0.08713809086634275 0.5461049284578696 0.02599699948498622 0.014308426073131883
8 0.337960993304821 0.5222575516693163 0.028885554983317973 0.011128775834658242
8 0.3254439194787166 0.44435612082670906 0.009628518327772681 0.16375198728139906
8 0.5969681363219062 0.368839427662957 0.5584540630108153 0.01907790143084263
8 0.4429118430775432 0.5429252782193958 0.03466266597998171 0.014308426073132026
8 0.3134082715690007 0.5437201907790143 0.07413959112384959 0.015898251192368918
8 0.3201482343984416 0.7678855325914149 0.2397501063615397 0.015898251192368776
8 0.47613023130835896 0.6494435612082671 0.010591370160549972 0.15739268680445156
8 0.5170514342013928 0.5445151033386327 0.05006829530441791 0.017488076311605667
8 0.634037931883831 0.5461049284578696 0.03562551781275893 0.007949125596184459
8 0.7409144853221076 0.5453100158982511 0.027922703150540826 0.015898251192368776
8 0.8006112989542982 0.5429252782193958 0.022145592153877233 0.011128775834658242
8 0.8415325018473322 0.5453100158982511 0.017331332989990785 0.015898251192368776
8 0.7736514476365346 0.4697933227344992 0.006739962829440884 0.11287758346581883
8 0.7962784657068005 0.4165341812400636 0.05391970263552693 0.015898251192368918
8 0.8588638348373229 0.4157392686804451 0.028885554983318115 0.007949125596184459
8 0.8708994827470389 0.39109697933227344 0.010591370160550041 0.06677265500794917
8 0.8983407599811909 0.287758346581876 0.011554221993327332 0.4292527821939586
8 0.941669092456168 0.5453100158982512 0.030811258648872554 0.012718600953895133
8 0.7750957253857007 0.6255961844197138 0.009628518327772752 0.10969793322734496
8 0.829978279854005 0.6764705882352942 0.1251707382610448 0.01748807631160574
8 0.18342327414406953 0.8267090620031797 0.012517073826104478 0.0604133545310016
8 0.41210058442867065 0.8561208267090621 0.4679459907297522 0.01748807631160574
8 0.7476544481515484 0.8553259141494436 0.04525403614053161 0.015898251192368918
8 0.8636780940012093 0.15023847376788552 0.015405629324436206 0.007949125596184405
8 0.8694552049978728 0.16375198728139906 0.005777110996663595 0.04133545310015901
8 0.8810094269912001 0.17885532591414943 0.03466266597998157 0.011128775834658206
8 0.29752121632817574 0.492845786963434 0.007702814662218174 0.06359300476947538
9 0.06162251729774514 0.5182829888712241 0.015405629324436277 0.022257551669316485
9 0.09387805369578363 0.5222575516693163 0.006739962829440884 0.014308426073132026
9 0.09484090552856088 0.5461049284578696 0.012517073826104478 0.02066772655007945
9 0.19545892205378534 0.5421303656597775 0.011554221993327224 0.0190779014308427
9 0.19353321838823084 0.568362480127186 0.009628518327772681 0.02066772655007952
9 0.20556886629794668 0.7670906200317964 0.016368481157213566 0.033386327503974515
9 0.6446293020443808 0.8569157392686805 0.012517073826104407 0.025437201907790127
9 0.47564880539197035 0.7146263910969793 0.02118274032109987 0.014308426073131954
9 0.5367898967733268 0.5405405405405405 0.01251707382610455 0.03179650238473762
9 0.4544660650708704 0.5405405405405405 0.01155422199332726 0.02861685214626384
9 0.34566380796703916 0.519872813990461 0.013479925658881769 0.012718600953895133
9 0.3456638079670391 0.5445151033386327 0.01155422199332726 0.023847376788553233
9 0.8179426319442891 0.41494435612082675 0.014442777491658915 0.02861685214626391
9 0.7515058554826575 0.5421303656597775 0.016368481157213496 0.0190779014308427
9 0.6451107279607694 0.5429252782193958 0.017331332989990855 0.023847376788553164
8 0.6345193578002195 0.5747217806041336 0.02310844398665445 0.06518282988871213
9 0.7649857811415393 0.8569157392686805 0.0105913701605499 0.022257551669316342
9 0.8867865379878637 0.6772655007949127 0.017331332989990785 0.022257551669316485
9 0.8468281869276072 0.546899841017488 0.010591370160550041 0.022257551669316342
9 0.8044627062854073 0.5413354531001591 0.012517073826104478 0.01748807631160581
9 0.9527418885331065 0.5461049284578696 0.0105913701605499 0.02066772655007945
9 0.8983407599811909 0.0834658187599364 0.015405629324436348 0.01748807631160573
1 0.966703240108377 0.5437201907790142 0.03273696231442713 0.06677265500794917
1 0.9007478895631341 0.670906200317965 0.035625517812758856 0.06995230524642296
1 0.7827985400479187 0.8505564387917329 0.028885554983318115 0.06677265500794917
4 0.12709644192659933 0.04769475357710652 0.21182740321099888 0.0794912559618442
4 0.8030184285362414 0.05087440381558029 0.2734499205087442 0.07313195548489666
4 0.03225553639803847 0.6526232114467408 0.04525403614053159 0.6947535771065183
3 0.13720638617076067 0.5421303656597775 0.0837681094516223 0.0922098569157393
3 0.23975010636153968 0.5461049284578696 0.0847309612843996 0.09379968203497611
3 0.3909178441075708 0.541335453100159 0.09050807228106322 0.10015898251192368
3 0.5786739514991379 0.5429252782193958 0.07895385028773588 0.10015898251192368
3 0.6865133567701921 0.5429252782193958 0.08280525761884505 0.09379968203497618
3 0.8867865379878637 0.5445151033386328 0.08280525761884505 0.09379968203497618
3 0.4766116572247476 0.7710651828298887 0.08280525761884505 0.09856915739268672
3 0.6865133567701921 0.8553259141494436 0.08665666494995407 0.10174880763116065
5 0.18246042231129228 0.762321144674086 0.043328332474977034 0.062003179650238424
5 0.4751673794755817 0.5405405405405405 0.03947692514386802 0.06677265500794917
5 0.7750957253857007 0.5405405405405405 0.03466266597998171 0.06359300476947538
0 0.6383707651313286 0.6597774244833068 0.05006829530441791 0.10810810810810821
0 0.8357553908506685 0.1534181240063593 0.048142591638863336 0.10333863275039742
