8 0.6342833956325005 0.15896739130434784 0.735908912059807 0.15896739130434784 0.735908912059807 0.17527173913043476 0.6342833956325005 0.17527173913043476
8 0.28034625221325987 0.2486413043478261 0.7043699586858154 0.2486413043478261 0.7043699586858154 0.29891304347826086 0.28034625221325987 0.29891304347826086
8 0.2908592366712571 0.3451086956521739 0.7148829431438125 0.3451086956521739 0.7148829431438125 0.45788043478260865 0.2908592366712571 0.45788043478260865
8 0.29436356482392284 0.5543478260869565 0.6763353334644895 0.5543478260869565 0.6763353334644895 0.6317934782608695 0.29436356482392284 0.6317934782608695
8 0.2523116269919339 0.7432065217391305 0.753430552823136 0.7432065217391305 0.753430552823136 0.8315217391304348 0.2523116269919339 0.8315217391304348
10 0.47308430060987594 0.06793478260869565 0.5221448947471964 0.06793478260869565 0.5221448947471964 0.16576086956521738 0.47308430060987594 0.16576086956521738
10 0.06307790674798347 0.09918478260869565 0.501118925831202 0.09918478260869565 0.501118925831202 0.1168478260869565 0.06307790674798347 0.1168478260869565
10 0.06307790674798347 0.5869565217391305 0.22778132992327363 0.5869565217391305 0.22778132992327363 0.6073369565217391 0.06307790674798347 0.6073369565217391
10 0.049060594137320473 0.08967391304347826 0.0876082038166437 0.08967391304347826 0.0876082038166437 0.6032608695652173 0.049060594137320473 0.6032608695652173
10 0.6027444422585087 0.19293478260869568 0.8971080070824315 0.19293478260869568 0.8971080070824315 0.21603260869565216 0.6027444422585087 0.21603260869565216
10 0.8725777100137713 0.20108695652173914 0.9076209915404287 0.20108695652173914 0.9076209915404287 0.6847826086956522 0.8725777100137713 0.6847826086956522
10 0.501118925831202 0.6834239130434783 0.904116663387763 0.6834239130434783 0.904116663387763 0.6970108695652173 0.501118925831202 0.6970108695652173
10 0.47658862876254177 0.6902173913043478 0.5186405665945308 0.6902173913043478 0.5186405665945308 0.7377717391304348 0.47658862876254177 0.7377717391304348
10 0.46957997245721034 0.46875 0.5326578792051937 0.46875 0.5326578792051937 0.5461956521739132 0.46957997245721034 0.5461956521739132
10 0.46607564430454457 0.24048913043478262 0.5256492228998623 0.24048913043478262 0.5256492228998623 0.33967391304347827 0.46607564430454457 0.33967391304347827
11 0.46257131615187874 0.1331521739130435 0.5326578792051937 0.1331521739130435 0.5326578792051937 0.1671195652173913 0.46257131615187874 0.1671195652173913
11 0.459066987999213 0.7105978260869565 0.5361622073578595 0.7105978260869565 0.5361622073578595 0.7459239130434783 0.459066987999213 0.7459239130434783
11 0.4555626598465473 0.5217391304347826 0.5466751918158568 0.5217391304347826 0.5466751918158568 0.5489130434782609 0.4555626598465473 0.5489130434782609
11 0.4555626598465473 0.3111413043478261 0.5501795199685224 0.3111413043478261 0.5501795199685224 0.34103260869565216 0.4555626598465473 0.34103260869565216
11 0.46607564430454457 0.8858695652173914 0.529153551052528 0.8858695652173914 0.529153551052528 0.9116847826086956 0.46607564430454457 0.9116847826086956
10 0.46957997245721034 0.8383152173913043 0.5326578792051937 0.8383152173913043 0.5326578792051937 0.921195652173913 0.46957997245721034 0.921195652173913
7 0.40650206570922687 0.006793478260869565 0.5852228014951799 0.006793478260869565 0.5852228014951799 0.07065217391304346 0.40650206570922687 0.07065217391304346
1 0.4205193783198898 0.907608695652174 0.5852228014951799 0.907608695652174 0.5852228014951799 0.9714673913043478 0.4205193783198898 0.9714673913043478
3 0.22077267361794217 0.32880434782608686 0.7884738343497932 0.32880434782608686 0.7884738343497932 0.47961956521739124 0.22077267361794217 0.47961956521739124
3 0.2137640173126106 0.5421195652173914 0.7849695061971277 0.5421195652173914 0.7849695061971277 0.6521739130434783 0.2137640173126106 0.6521739130434783
3 0.2102596891599449 0.7350543478260869 0.7884738343497935 0.7350543478260869 0.7884738343497935 0.8423913043478262 0.2102596891599449 0.8423913043478262
5 0.37145878418256933 0.15760869565217395 0.6307790674798347 0.15760869565217395 0.6307790674798347 0.2459239130434783 0.37145878418256933 0.2459239130434783
