8 0.10590900202072878 0.025815217391304345 0.3133596245355583 0.025815217391304345 0.3133596245355583 0.06657608695652174 0.10590900202072878 0.06657608695652174
8 0.12883775503552572 0.07744565217391304 0.21400169480477155 0.07744565217391304 0.21400169480477155 0.11277173913043478 0.12883775503552572 0.11277173913043478
8 0.1310214457988397 0.12771739130434784 0.5251776285770159 0.12771739130434784 0.5251776285770159 0.1644021739130435 0.1310214457988397 0.1644021739130435
8 0.07970471286096083 0.31929347826086957 0.22055276709471355 0.31929347826086957 0.22055276709471355 0.41168478260869573 0.07970471286096083 0.41168478260869573
8 0.2784205723225344 0.29891304347826086 0.43127892575451404 0.29891304347826086 0.43127892575451404 0.4266304347826087 0.2784205723225344 0.4266304347826087
8 0.480411967929079 0.33559782608695654 0.6343621667427157 0.33559782608695654 0.6343621667427157 0.3953804347826087 0.480411967929079 0.3953804347826087
8 0.7020565804054493 0.2866847826086957 0.8461801707841728 0.2866847826086957 0.8461801707841728 0.452445652173913 0.7020565804054493 0.452445652173913
8 0.0971742389674728 0.5774456521739131 0.22273645785802745 0.5774456521739131 0.22273645785802745 0.669836956521739 0.0971742389674728 0.669836956521739
8 0.29916563457401735 0.5978260869565217 0.434554461899485 0.5978260869565217 0.434554461899485 0.6372282608695651 0.29916563457401735 0.6372282608695651
8 0.5077081024705039 0.5815217391304348 0.6289029398344307 0.5815217391304348 0.6289029398344307 0.6494565217391305 0.5077081024705039 0.6494565217391305
8 0.7020565804054495 0.592391304347826 0.8538230884557722 0.592391304347826 0.8538230884557722 0.6358695652173914 0.7020565804054495 0.6358695652173914
10 0.2347467570562545 0.35190217391304346 0.26313473697933637 0.35190217391304346 0.26313473697933637 0.3682065217391305 0.2347467570562545 0.3682065217391305
10 0.4323707711361711 0.3682065217391305 0.4804119679290791 0.3682065217391305 0.4804119679290791 0.3953804347826087 0.4323707711361711 0.3953804347826087
10 0.6430969297959716 0.34782608695652173 0.6769441366273384 0.34782608695652173 0.6769441366273384 0.3641304347826087 0.6430969297959716 0.3641304347826087
10 0.7631999217782414 0.47826086956521735 0.7904960563196664 0.47826086956521735 0.7904960563196664 0.5258152173913042 0.7631999217782414 0.5258152173913042
10 0.6605664559024835 0.6114130434782609 0.6878625904439084 0.6114130434782609 0.6878625904439084 0.6290760869565217 0.6605664559024835 0.6290760869565217
10 0.44874845186102597 0.6019021739130433 0.47932012254742196 0.6019021739130433 0.47932012254742196 0.6209239130434783 0.44874845186102597 0.6209239130434783
10 0.24566521087282445 0.6059782608695652 0.27842057232253437 0.6059782608695652 0.27842057232253437 0.626358695652174 0.24566521087282445 0.626358695652174
10 0.14412359037872366 0.7105978260869567 0.17141972492014856 0.7105978260869567 0.17141972492014856 0.7744565217391306 0.14412359037872366 0.7744565217391306
11 0.24894074701779545 0.3532608695652174 0.26095104621602244 0.3532608695652174 0.26095104621602244 0.37228260869565216 0.24894074701779545 0.37228260869565216
11 0.45748321491428207 0.3641304347826086 0.48259565869239296 0.3641304347826086 0.48259565869239296 0.40081521739130416 0.45748321491428207 0.40081521739130416
11 0.6583827651391697 0.3423913043478261 0.6780359820089956 0.3423913043478261 0.6780359820089956 0.36684782608695654 0.6583827651391697 0.36684782608695654
11 0.7588325402516134 0.49864130434782616 0.7894042109380092 0.49864130434782616 0.7894042109380092 0.5271739130434783 0.7588325402516134 0.5271739130434783
11 0.6627501466657975 0.6059782608695652 0.6780359820089955 0.6059782608695652 0.6780359820089955 0.6304347826086958 0.6627501466657975 0.6304347826086958
11 0.449840297242683 0.5978260869565216 0.469493514112509 0.5978260869565216 0.469493514112509 0.6249999999999999 0.449840297242683 0.6249999999999999
11 0.25112443778110943 0.6019021739130433 0.26750211850596445 0.6019021739130433 0.26750211850596445 0.6304347826086957 0.25112443778110943 0.6304347826086957
11 0.1430317449970667 0.7404891304347828 0.1725115703018056 0.7404891304347828 0.1725115703018056 0.769021739130435 0.1430317449970667 0.769021739130435
8 0.07970471286096081 0.7880434782608693 0.23802229320122545 0.7880434782608693 0.23802229320122545 0.9320652173913039 0.07970471286096081 0.9320652173913039
3 0.06223518675444886 0.28125 0.2380222932012255 0.28125 0.2380222932012255 0.44565217391304346 0.06223518675444886 0.44565217391304346
3 0.2642265823609935 0.2812499999999999 0.44438107033439805 0.2812499999999999 0.44438107033439805 0.45108695652173897 0.2642265823609935 0.45108695652173897
3 0.469493514112509 0.2826086956521739 0.6463724659409424 0.2826086956521739 0.6463724659409424 0.44972826086956524 0.469493514112509 0.44972826086956524
3 0.6834952089172804 0.2717391304347826 0.859282315364057 0.2717391304347826 0.859282315364057 0.47146739130434784 0.6834952089172804 0.47146739130434784
3 0.6911381265888794 0.5298913043478258 0.8669252330356562 0.5298913043478258 0.8669252330356562 0.6956521739130431 0.6911381265888794 0.6956521739130431
3 0.48696304021902087 0.532608695652174 0.6572909197575125 0.532608695652174 0.6572909197575125 0.6983695652173914 0.48696304021902087 0.6983695652173914
3 0.28169610846750537 0.5366847826086956 0.455299524150968 0.5366847826086956 0.455299524150968 0.7024456521739127 0.28169610846750537 0.7024456521739127
3 0.06987810442604785 0.5366847826086957 0.24348152010951044 0.5366847826086957 0.24348152010951044 0.701086956521739 0.06987810442604785 0.701086956521739
3 0.06878625904439085 0.7717391304347827 0.24894074701779545 0.7717391304347827 0.24894074701779545 0.9483695652173916 0.06878625904439085 0.9483695652173916
