8 0.10105871029836382 0.3510854454069083 0.16650625601539942 0.3510854454069083 0.16650625601539942 0.4539033258475028 0.10105871029836382 0.4539033258475028
8 0.28681424446583254 0.3561009517698641 0.3715110683349375 0.3561009517698641 0.3715110683349375 0.41879478130681197 0.28681424446583254 0.41879478130681197
8 0.38979788257940323 0.25077531814779164 0.46583253128007696 0.25077531814779164 0.46583253128007696 0.32099240722917327 0.38979788257940323 0.32099240722917327
8 0.4898941289701636 0.3485776922254304 0.5794032723772858 0.3485776922254304 0.5794032723772858 0.4589188322104587 0.4898941289701636 0.4589188322104587
8 0.5948026948989414 0.35860870495134206 0.6506256015399424 0.35860870495134206 0.6506256015399424 0.4739653512993262 0.5948026948989414 0.4739653512993262
8 0.6891241578440809 0.29842262859587204 0.7083734359961502 0.29842262859587204 0.7083734359961502 0.33353117313656294 0.6891241578440809 0.33353117313656294
8 0.7189605389797883 0.5466901935621857 0.7680461982675648 0.5466901935621857 0.7680461982675648 0.5792909849213987 0.7189605389797883 0.5792909849213987
8 0.8344562078922041 0.3510854454069083 0.8825794032723773 0.3510854454069083 0.8825794032723773 0.4238102876697678 0.8344562078922041 0.4238102876697678
8 0.7333974975938402 0.26331408405518125 0.8026948989412896 0.26331408405518125 0.8026948989412896 0.30093038177735 0.7333974975938402 0.30093038177735
8 0.8267564966313763 0.7473104480804191 0.8816169393647737 0.7473104480804191 0.8816169393647737 0.7799112394396319 0.8267564966313763 0.7799112394396319
8 0.6766121270452358 0.8074965244358889 0.743022136669875 0.8074965244358889 0.743022136669875 0.8852368730617044 0.6766121270452358 0.8852368730617044
8 0.8941289701636189 0.7949577585284994 0.9528392685274302 0.7949577585284994 0.9528392685274302 0.8726981071543148 0.8941289701636189 0.8726981071543148
8 0.19538017324350337 0.2282055395144904 0.2646775745909528 0.2282055395144904 0.2646775745909528 0.3410544326809966 0.19538017324350337 0.3410544326809966
8 0.07795957651588066 0.13291091861832957 0.09528392685274302 0.13291091861832957 0.09528392685274302 0.43133354721420164 0.07795957651588066 0.43133354721420164
8 0.07892204042348412 0.5592289594695754 0.09528392685274302 0.5592289594695754 0.09528392685274302 0.8902523794246603 0.07892204042348412 0.8902523794246603
8 0.03946102021174206 0.21065126724414496 0.05967276227141483 0.21065126724414496 0.05967276227141483 0.7548337076248528 0.03946102021174206 0.7548337076248528
10 0.15110683349374399 0.270837343599615 0.18575553416746876 0.270837343599615 0.18575553416746876 0.29842262859587204 0.15110683349374399 0.29842262859587204
10 0.2694898941289702 0.270837343599615 0.3156881616939365 0.270837343599615 0.3156881616939365 0.30093038177735004 0.2694898941289702 0.30093038177735004
10 0.34071222329162654 0.270837343599615 0.38691049085659296 0.270837343599615 0.38691049085659296 0.30343813495882793 0.34071222329162654 0.30343813495882793
10 0.46968238691049086 0.270837343599615 0.5187680461982676 0.270837343599615 0.5187680461982676 0.30093038177735004 0.46968238691049086 0.30093038177735004
10 0.5447545717035611 0.27334509678109287 0.6092396535129933 0.27334509678109287 0.6092396535129933 0.30343813495882793 0.5447545717035611 0.30343813495882793
10 0.6381135707410972 0.27334509678109287 0.7295476419634263 0.27334509678109287 0.7295476419634263 0.30093038177735 0.6381135707410972 0.30093038177735
10 0.8103946102021174 0.27334509678109287 0.848893166506256 0.27334509678109287 0.848893166506256 0.30093038177735 0.8103946102021174 0.30093038177735
10 0.7613089509143407 0.3510854454069083 0.7747834456207893 0.3510854454069083 0.7747834456207893 0.599353010373222 0.7613089509143407 0.599353010373222
10 0.7122232916265641 0.5817987381028766 0.7699711260827719 0.5817987381028766 0.7699711260827719 0.5993530103732221 0.7122232916265641 0.5993530103732221
10 0.7093358999037536 0.5918297508287883 0.7189605389797884 0.5918297508287883 0.7189605389797884 0.6871243717249491 0.7093358999037536 0.6871243717249491
10 0.7266602502406159 0.7147096567212063 0.9085659287776707 0.7147096567212063 0.9085659287776707 0.7448026948989414 0.7266602502406159 0.7448026948989414
10 0.6631376323387872 0.7122019035397282 0.695861405197305 0.7122019035397282 0.695861405197305 0.7498182012618969 0.6631376323387872 0.7498182012618969
10 0.6198267564966313 0.3184846540476954 0.6304138594802695 0.3184846540476954 0.6304138594802695 0.659539086728692 0.6198267564966313 0.659539086728692
11 0.1751684311838306 0.26832959041813703 0.18671799807507217 0.26832959041813703 0.18671799807507217 0.3059458881403059 0.1751684311838306 0.3059458881403059
11 0.3012512030798845 0.26582183723665914 0.3156881616939365 0.26582183723665914 0.3156881616939365 0.3084536413217837 0.3012512030798845 0.3084536413217837
11 0.37054860442733395 0.26832959041813703 0.38594802694898944 0.26832959041813703 0.38594802694898944 0.3109613945032617 0.37054860442733395 0.3109613945032617
11 0.5043310875842156 0.26832959041813703 0.5226179018286814 0.26832959041813703 0.5226179018286814 0.30845364132178377 0.5043310875842156 0.30845364132178377
11 0.5928777670837344 0.26832959041813703 0.6102021174205967 0.26832959041813703 0.6102021174205967 0.3059458881403059 0.5928777670837344 0.3059458881403059
11 0.7151106833493744 0.26832959041813703 0.7266602502406159 0.26832959041813703 0.7266602502406159 0.30845364132178377 0.7151106833493744 0.30845364132178377
11 0.8344562078922041 0.270837343599615 0.8479307025986524 0.270837343599615 0.8479307025986524 0.3109613945032617 0.8344562078922041 0.3109613945032617
11 0.6179018286814244 0.6194150358250453 0.631376323387873 0.6194150358250453 0.631376323387873 0.6670623462731259 0.6179018286814244 0.6670623462731259
11 0.7603464870067372 0.34606993904395245 0.7757459095283927 0.34606993904395245 0.7757459095283927 0.38870174312907707 0.7603464870067372 0.38870174312907707
11 0.6843118383060636 0.7096941503582503 0.6968238691049086 0.7096941503582503 0.6968238691049086 0.7523259544433748 0.6843118383060636 0.7523259544433748
11 0.8989412897016362 0.7021708908138166 0.9124157844080847 0.7021708908138166 0.9124157844080847 0.749818201261897 0.8989412897016362 0.749818201261897
4 0.06929740134744947 0.02758528499625708 0.1010587102983638 0.02758528499625708 0.1010587102983638 0.5291359212918404 0.06929740134744947 0.5291359212918404
4 0.06929740134744947 0.4990428831141054 0.10009624639076034 0.4990428831141054 0.10009624639076034 0.9454229494171746 0.06929740134744947 0.9454229494171746
3 0.18479307025986522 0.20563576088118915 0.2723772858517805 0.20563576088118915 0.2723772858517805 0.36362421131429795 0.18479307025986522 0.36362421131429795
3 0.38402309913378246 0.2031280076997112 0.47545717035611157 0.2031280076997112 0.47545717035611157 0.36613196449577573 0.38402309913378246 0.36613196449577573
3 0.7228103946102021 0.20814351406266707 0.8152069297401346 0.20814351406266707 0.8152069297401346 0.3661319644957758 0.7228103946102021 0.3661319644957758
3 0.5794032723772858 0.6520158271842582 0.6698748796920115 0.6520158271842582 0.6698748796920115 0.8150197839803226 0.5794032723772858 0.8150197839803226
5 0.6034648700673725 0.23071329269596835 0.6467757459095284 0.23071329269596835 0.6467757459095284 0.331023419955085 0.6034648700673725 0.331023419955085
5 0.6939364773820981 0.6821088653619932 0.7305101058710297 0.6821088653619932 0.7305101058710297 0.7849267458025878 0.6939364773820981 0.7849267458025878
2 0.12127045235803656 0.23572879905892413 0.15399422521655434 0.23572879905892413 0.15399422521655434 0.331023419955085 0.12127045235803656 0.331023419955085
2 0.8411934552454283 0.24325205860335788 0.8816169393647737 0.24325205860335788 0.8816169393647737 0.331023419955085 0.8411934552454283 0.331023419955085
2 0.9085659287776708 0.6871243717249491 0.9403272377285853 0.6871243717249491 0.9403272377285853 0.7723879798951983 0.9085659287776708 0.7723879798951983
8 0.5871029836381135 0.7172174099026841 0.656400384985563 0.7172174099026841 0.656400384985563 0.744802694898941 0.5871029836381135 0.744802694898941
2 0.31280076997112605 0.23823655224040202 0.34552454282964384 0.23823655224040202 0.34552454282964384 0.328515666773607 0.31280076997112605 0.328515666773607
2 0.5158806544754572 0.24325205860335788 0.5466794995187682 0.24325205860335788 0.5466794995187682 0.32851566677360705 0.5158806544754572 0.32851566677360705
