10 0.119533527696793 0.8166326530612245 0.15063168124392615 0.8166326530612245 0.15063168124392615 0.8518513119533528 0.119533527696793 0.8518513119533528
10 0.18658892128279883 0.5216763848396502 0.2001943634596696 0.5216763848396502 0.2001943634596696 0.7858163265306124 0.18658892128279883 0.7858163265306124
10 0.18853255587949466 0.26854227405247816 0.2001943634596696 0.26854227405247816 0.2001943634596696 0.4798542274052478 0.18853255587949466 0.4798542274052478
10 0.184645286686103 0.25973760932944606 0.2487852283770651 0.25973760932944606 0.2487852283770651 0.3081632653061225 0.184645286686103 0.3081632653061225
10 0.2565597667638484 0.3411807580174927 0.2730806608357629 0.3411807580174927 0.2730806608357629 0.4578425655976677 0.2565597667638484 0.4578425655976677
10 0.33527696793002915 0.26854227405247816 0.36734693877551017 0.26854227405247816 0.36734693877551017 0.30376093294460643 0.33527696793002915 0.30376093294460643
10 0.3751214771622935 0.11886297376093297 0.39358600583090375 0.11886297376093297 0.39358600583090375 0.24653061224489797 0.3751214771622935 0.24653061224489797
10 0.3712342079689018 0.10125364431486879 0.4246841593780369 0.10125364431486879 0.4246841593780369 0.14747813411078717 0.3712342079689018 0.14747813411078717
10 0.49951409135082603 0.1122594752186589 0.5529640427599611 0.1122594752186589 0.5529640427599611 0.14087463556851312 0.49951409135082603 0.14087463556851312
10 0.5014577259475219 0.1496793002915452 0.5383867832847425 0.1496793002915452 0.5383867832847425 0.17389212827988337 0.5014577259475219 0.17389212827988337
10 0.5276967930029155 0.15408163265306124 0.5393586005830904 0.15408163265306124 0.5393586005830904 0.761603498542274 0.5276967930029155 0.761603498542274
10 0.47910592808551994 0.21131195335276967 0.4936831875607386 0.21131195335276967 0.4936831875607386 0.25533527696793 0.47910592808551994 0.25533527696793
10 0.467444120505345 0.23332361516034986 0.6180758017492711 0.23332361516034986 0.6180758017492711 0.25533527696793 0.467444120505345 0.25533527696793
10 0.3799805636540331 0.3301749271137026 0.3887269193391643 0.3301749271137026 0.3887269193391643 0.49306122448979595 0.3799805636540331 0.49306122448979595
10 0.3751214771622935 0.47104956268221576 0.4178814382896016 0.47104956268221576 0.4178814382896016 0.49526239067055394 0.3751214771622935 0.49526239067055394
10 0.5043731778425656 0.47104956268221576 0.577259475218659 0.47104956268221576 0.577259475218659 0.49966472303207 0.5043731778425656 0.49966472303207
10 0.6015549076773566 0.47104956268221576 0.663751214771623 0.47104956268221576 0.663751214771623 0.501865889212828 0.6015549076773566 0.501865889212828
10 0.7463556851311953 0.4798542274052478 0.7978620019436344 0.4798542274052478 0.7978620019436344 0.49526239067055394 0.7463556851311953 0.49526239067055394
10 0.7881438289601554 0.4666472303206997 0.8007774538386784 0.4666472303206997 0.8007774538386784 0.5701020408163265 0.7881438289601554 0.5701020408163265
10 0.7900874635568513 0.629533527696793 0.8007774538386784 0.629533527696793 0.8007774538386784 0.8408454810495627 0.7900874635568513 0.8408454810495627
10 0.7862001943634597 0.8188338192419825 0.8425655976676385 0.8188338192419825 0.8425655976676385 0.8518513119533528 0.7862001943634597 0.8518513119533528
10 0.9271137026239067 0.8276384839650146 0.956268221574344 0.8276384839650146 0.956268221574344 0.8518513119533528 0.9271137026239067 0.8518513119533528
10 0.5617103984450923 0.8188338192419825 0.6209912536443148 0.8188338192419825 0.6209912536443148 0.8496501457725948 0.5617103984450923 0.8496501457725948
10 0.7016520894071916 0.8276384839650146 0.7366375121477162 0.8276384839650146 0.7366375121477162 0.8474489795918367 0.7016520894071916 0.8474489795918367
11 0.1379980563654033 0.8078279883381925 0.15451895043731778 0.8078279883381925 0.15451895043731778 0.8562536443148688 0.1379980563654033 0.8562536443148688
11 0.18270165208940722 0.5282798833819242 0.20699708454810495 0.5282798833819242 0.20699708454810495 0.5524927113702623 0.18270165208940722 0.5524927113702623
11 0.2351797862001944 0.253134110787172 0.25267249757045673 0.253134110787172 0.25267249757045673 0.3125655976676385 0.2351797862001944 0.3125655976676385
11 0.35471331389698735 0.2619387755102041 0.3673469387755102 0.2619387755102041 0.3673469387755102 0.30376093294460643 0.35471331389698735 0.30376093294460643
11 0.2536443148688047 0.3499854227405248 0.2789115646258503 0.3499854227405248 0.2789115646258503 0.376399416909621 0.2536443148688047 0.376399416909621
11 0.4071914480077745 0.09244897959183673 0.4227405247813411 0.09244897959183673 0.4227405247813411 0.15628279883381924 0.4071914480077745 0.15628279883381924
11 0.5335276967930029 0.10565597667638484 0.5558794946550049 0.10565597667638484 0.5558794946550049 0.16068513119533528 0.5335276967930029 0.16068513119533528
11 0.6025267249757046 0.2267201166180758 0.6219630709426628 0.2267201166180758 0.6219630709426628 0.26854227405247816 0.6025267249757046 0.26854227405247816
11 0.5626822157434402 0.4512390670553936 0.5821185617103984 0.4512390670553936 0.5821185617103984 0.5194752186588921 0.5626822157434402 0.5194752186588921
11 0.653061224489796 0.4688483965014577 0.6695821185617103 0.4688483965014577 0.6695821185617103 0.506268221574344 0.653061224489796 0.506268221574344
11 0.7823129251700681 0.5502915451895044 0.8085519922254617 0.5502915451895044 0.8085519922254617 0.5679008746355685 0.7823129251700681 0.5679008746355685
11 0.40136054421768713 0.4644460641399417 0.42079689018464533 0.4644460641399417 0.42079689018464533 0.501865889212828 0.40136054421768713 0.501865889212828
11 0.6005830903790087 0.8100291545189503 0.6258503401360545 0.8100291545189503 0.6258503401360545 0.8540524781341108 0.6005830903790087 0.8540524781341108
11 0.5238095238095238 0.7307871720116617 0.5422740524781341 0.7307871720116617 0.5422740524781341 0.7704081632653061 0.5238095238095238 0.7704081632653061
11 0.7269193391642371 0.8232361516034986 0.7424684159378037 0.8232361516034986 0.7424684159378037 0.8584548104956269 0.7269193391642371 0.8584548104956269
11 0.8270165208940718 0.8122303206997085 0.8483965014577258 0.8122303206997085 0.8483965014577258 0.8606559766763848 0.8270165208940718 0.8606559766763848
11 0.9416909620991254 0.8100291545189503 0.9572400388726919 0.8100291545189503 0.9572400388726919 0.8606559766763848 0.9416909620991254 0.8606559766763848
7 0.08649173955296405 0.7902186588921283 0.12439261418853255 0.7902186588921283 0.12439261418853255 0.8914723032069971 0.08649173955296405 0.8914723032069971
1 0.9494655004859086 0.7858163265306124 0.9854227405247812 0.7858163265306124 0.9854227405247812 0.9112827988338192 0.9494655004859086 0.9112827988338192
1 0.7317784256559767 0.7858163265306124 0.7657920310981535 0.7858163265306124 0.7657920310981535 0.895874635568513 0.7317784256559767 0.895874635568513
1 0.5471331389698737 0.07704081632653062 0.5840621963070942 0.07704081632653062 0.5840621963070942 0.19150145772594754 0.5471331389698737 0.19150145772594754
4 0.0 0.0 0.04270520752871846 0.0 0.04270520752871846 0.6990302501747374 0.0 0.6990302501747374
4 0.006802721088435375 0.6765434578644787 0.04470359572400388 0.6765434578644787 0.04470359572400388 0.992312557852514 0.006802721088435375 0.992312557852514
3 0.14480077745383868 0.752798833819242 0.24295432458697766 0.752798833819242 0.24295432458697766 0.9090816326530612 0.14480077745383868 0.9090816326530612
3 0.24198250728862974 0.20690962099125365 0.3411078717201166 0.20690962099125365 0.3411078717201166 0.3565889212827989 0.24198250728862974 0.3565889212827989
3 0.40816326530612246 0.04182215743440233 0.5092322643343051 0.04182215743440233 0.5092322643343051 0.20250728862973758 0.40816326530612246 0.20250728862973758
3 0.4178814382896016 0.42042274052478135 0.511175898931001 0.42042274052478135 0.511175898931001 0.5656997084548105 0.4178814382896016 0.5656997084548105
3 0.6608357628765792 0.4006122448979592 0.7551020408163265 0.4006122448979592 0.7551020408163265 0.5546938775510204 0.6608357628765792 0.5546938775510204
3 0.6132167152575314 0.7635152919544862 0.7123420796890181 0.7635152919544862 0.7123420796890181 0.9046793002915448 0.6132167152575314 0.9046793002915448
3 0.8338192419825073 0.761603498542274 0.9300291545189504 0.761603498542274 0.9300291545189504 0.9024781341107871 0.8338192419825073 0.9024781341107871
5 0.3624878522837707 0.2245189504373178 0.4033041788143829 0.2245189504373178 0.4033041788143829 0.3301749271137026 0.3624878522837707 0.3301749271137026
0 0.6073858114674441 0.15848396501457726 0.6666666666666665 0.15848396501457726 0.6666666666666665 0.33457725947521866 0.6073858114674441 0.33457725947521866
0 0.5082604470359572 0.7285860058309038 0.5694849368318756 0.7285860058309038 0.5694849368318756 0.9090816326530612 0.5082604470359572 0.9090816326530612
0 0.2293488824101069 0.4424344023323615 0.29931972789115646 0.4424344023323615 0.29931972789115646 0.5921137026239067 0.2293488824101069 0.5921137026239067
2 0.1710398445092323 0.4468367346938776 0.21185617103984453 0.4468367346938776 0.21185617103984453 0.5304810495626823 0.1710398445092323 0.5304810495626823
2 0.5724003887269193 0.43362973760932944 0.6044703595724005 0.43362973760932944 0.6044703595724005 0.5216763848396502 0.5724003887269193 0.5216763848396502
2 0.7735665694849367 0.5524927113702623 0.8124392614188533 0.5524927113702623 0.8124392614188533 0.633935860058309 0.7735665694849367 0.633935860058309
8 0.11728863015462075 0.46436285097192226 0.17068833168843184 0.46436285097192226 0.17068833168843184 0.5248380129589633 0.11728863015462075 0.5248380129589633
8 0.007628528790544438 0.22894168466522674 0.0400497761503583 0.22894168466522674 0.0400497761503583 0.4859611231101512 0.007628528790544438 0.4859611231101512
8 0.010489227086998605 0.7170626349892008 0.03432837955744999 0.7170626349892008 0.03432837955744999 0.9524838012958964 0.010489227086998605 0.9524838012958964
8 0.06865675911489995 0.8963282937365009 0.1411277826250721 0.8963282937365009 0.1411277826250721 0.980561555075594 0.06865675911489995 0.980561555075594
8 0.14494204702034433 0.8056155507559396 0.2383915247045137 0.8056155507559396 0.2383915247045137 0.8747300215982722 0.14494204702034433 0.8747300215982722
8 0.21073810783879007 0.5961123110151187 0.3194446431040484 0.5961123110151187 0.3194446431040484 0.6285097192224622 0.21073810783879007 0.6285097192224622
8 0.2917912262383248 0.38444924406047515 0.33756239898159135 0.38444924406047515 0.33756239898159135 0.4449244060475162 0.2917912262383248 0.4449244060475162
8 0.40907985639294553 0.2591792656587473 0.4929936730889344 0.2591792656587473 0.4929936730889344 0.2937365010799136 0.40907985639294553 0.2937365010799136
8 0.5912109812671941 0.3239740820734342 0.677985496259637 0.3239740820734342 0.677985496259637 0.38228941684665224 0.5912109812671941 0.38228941684665224
8 0.5530683373144718 0.5226781857451404 0.6322143235163704 0.5226781857451404 0.6322143235163704 0.550755939524838 0.5530683373144718 0.550755939524838
8 0.7533172180662634 0.6393088552915767 0.8324632042681619 0.6393088552915767 0.8324632042681619 0.6652267818574515 0.7533172180662634 0.6652267818574515
8 0.4825044460019358 0.9071274298056156 0.5988395100577385 0.9071274298056156 0.5988395100577385 0.9330453563714903 0.4825044460019358 0.9330453563714903
8 0.4186155173811261 0.04535637149028081 0.49966863578066084 0.04535637149028081 0.49966863578066084 0.19870410367170627 0.4186155173811261 0.19870410367170627
8 0.5444862424251093 0.16846652267818574 0.5797681880813773 0.16846652267818574 0.5797681880813773 0.19438444924406048 0.5444862424251093 0.19438444924406048
8 0.4500831986421219 0.5831533477321814 0.5130185611641135 0.5831533477321814 0.5130185611641135 0.6501079913606912 0.4500831986421219 0.6501079913606912
8 0.41956908347994415 0.4362850971922246 0.5015757679782968 0.4362850971922246 0.5015757679782968 0.5377969762419006 0.41956908347994415 0.5377969762419006
8 0.6589141742832758 0.427645788336933 0.7523636519674451 0.427645788336933 0.7523636519674451 0.5399568034557236 0.6589141742832758 0.5399568034557236
8 0.624585794725826 0.7861771058315342 0.7056389131253606 0.7861771058315342 0.7056389131253606 0.8790496760259182 0.624585794725826 0.8790496760259182
8 0.7313851977934482 0.8747300215982722 0.7666671434497162 0.8747300215982722 0.7666671434497162 0.8941684665226782 0.7313851977934482 0.8941684665226782
8 0.9497518344227827 0.8812095032397409 0.9831266478814145 0.8812095032397409 0.9831266478814145 0.8941684665226782 0.9497518344227827 0.8941684665226782
8 0.4682009545196649 0.23758099352051842 0.5006222018794788 0.23758099352051842 0.5006222018794788 0.2570194384449245 0.4682009545196649 0.2570194384449245
8 0.36521581584731494 0.181425485961123 0.4014513276024011 0.181425485961123 0.4014513276024011 0.20950323974082072 0.36521581584731494 0.20950323974082072
8 0.3776121751319497 0.3822894168466522 0.4014513276024011 0.3822894168466522 0.4014513276024011 0.40388768898488114 0.3776121751319497 0.40388768898488114
