8 0.1535471331389699 0.24276921653014952 0.2730806608357629 0.24276921653014952 0.2730806608357629 0.7057244666574114 0.1535471331389699 0.7057244666574114
8 0.4237123420796889 0.24841501226340873 0.5617103984450923 0.24841501226340873 0.5617103984450923 0.6887870794576333 0.4237123420796889 0.6887870794576333
8 0.7123420796890184 0.18631125919755656 0.8299319727891157 0.18631125919755656 0.8299319727891157 0.7452450367902262 0.7123420796890184 0.7452450367902262
10 0.06025267249757045 0.389559905594891 0.13022351797862003 0.389559905594891 0.13022351797862003 0.5250590031931139 0.06025267249757045 0.5250590031931139
10 0.2925170068027211 0.37826831412837253 0.4110787172011662 0.37826831412837253 0.4110787172011662 0.5137674117265955 0.2925170068027211 0.5137674117265955
10 0.5733722060252673 0.3726225183951131 0.6909620991253643 0.3726225183951131 0.6909620991253643 0.5194132074598548 0.5733722060252673 0.5194132074598548
10 0.8522837706511177 0.389559905594891 0.9193391642371235 0.389559905594891 0.9193391642371235 0.5137674117265953 0.8522837706511177 0.5137674117265953
11 0.11078717201166181 0.3726225183951131 0.13216715257531583 0.3726225183951131 0.13216715257531583 0.5363505946596325 0.11078717201166181 0.5363505946596325
11 0.38969873663751214 0.3726225183951131 0.413022351797862 0.3726225183951131 0.413022351797862 0.5250590031931139 0.38969873663751214 0.5250590031931139
11 0.6676384839650146 0.3613309269285946 0.6938775510204082 0.3613309269285946 0.6938775510204082 0.5363505946596325 0.6676384839650146 0.5363505946596325
11 0.8989310009718173 0.37826831412837253 0.9193391642371235 0.37826831412837253 0.9193391642371235 0.5307047989263732 0.8989310009718173 0.5307047989263732
7 0.01652089407191448 0.30487296959600174 0.06802721088435375 0.30487296959600174 0.06802721088435375 0.6097459391920035 0.01652089407191448 0.6097459391920035
1 0.9173955296404275 0.2879355823962238 0.9689018464528667 0.2879355823962238 0.9689018464528667 0.6041001434587441 0.9173955296404275 0.6041001434587441
3 0.12730806608357628 0.06774954879911148 0.2983479105928086 0.06774954879911148 0.2983479105928086 0.818640381322597 0.12730806608357628 0.818640381322597
3 0.4071914480077745 0.07339534453237077 0.5792031098153547 0.07339534453237077 0.5792031098153547 0.8468693599888935 0.4071914480077745 0.8468693599888935
3 0.6841593780369292 0.06210375306585218 0.8600583090379009 0.06210375306585218 0.8600583090379009 0.835577768522375 0.6841593780369292 0.835577768522375
