10 0.15211352354209498 0.3207207207207208 0.2233565662137091 0.3207207207207208 0.2233565662137091 0.3477477477477478 0.15211352354209498 0.3477477477477478
10 0.33599759314045036 0.31891891891891894 0.4582660582660583 0.31891891891891894 0.4582660582660583 0.34774774774774775 0.33599759314045036 0.34774774774774775
10 0.4717444717444718 0.18558558558558558 0.48329739758311197 0.18558558558558558 0.48329739758311197 0.28648648648648645 0.4717444717444718 0.28648648648648645
10 0.4717444717444718 0.18198198198198198 0.6691069548212405 0.18198198198198198 0.6691069548212405 0.2072072072072072 0.4717444717444718 0.2072072072072072
10 0.7846362132076419 0.1837837837837838 0.8953517524946097 0.1837837837837838 0.8953517524946097 0.20900900900900898 0.7846362132076419 0.20900900900900898
10 0.336960336960337 0.37117117117117115 0.40338966053251774 0.37117117117117115 0.40338966053251774 0.43243243243243235 0.336960336960337 0.43243243243243235
10 0.4707817279245851 0.3837837837837838 0.4852228852228853 0.3837837837837838 0.4852228852228853 0.5009009009009009 0.4707817279245851 0.5009009009009009
10 0.4669307526450384 0.47927927927927944 0.6691069548212406 0.47927927927927944 0.6691069548212406 0.5081081081081081 0.4669307526450384 0.5081081081081081
10 0.7162814019956878 0.5657657657657658 0.7336107907536481 0.5657657657657658 0.7336107907536481 0.7567567567567568 0.7162814019956878 0.7567567567567568
10 0.7836734693877552 0.818018018018018 0.8953517524946099 0.818018018018018 0.8953517524946099 0.8468468468468467 0.7836734693877552 0.8468468468468467
10 0.45537782680639827 0.8450450450450451 0.6691069548212405 0.8450450450450451 0.6691069548212405 0.8720720720720719 0.45537782680639827 0.8720720720720719
10 0.264754550468836 0.7441441441441442 0.6691069548212402 0.7441441441441442 0.6691069548212402 0.7855855855855856 0.264754550468836 0.7855855855855856
11 0.19928797071654217 0.3117117117117117 0.22335656621370914 0.3117117117117117 0.22335656621370914 0.34954954954954953 0.19928797071654217 0.34954954954954953
11 0.4313092313092314 0.3153153153153153 0.4524895953467383 0.3153153153153153 0.4524895953467383 0.35135135135135137 0.4313092313092314 0.35135135135135137
11 0.38124655267512414 0.4 0.4005014290728577 0.4 0.4005014290728577 0.4378378378378379 0.38124655267512414 0.4378378378378379
11 0.648927154497085 0.16936936936936933 0.6662565432550454 0.16936936936936933 0.6662565432550454 0.2144144144144144 0.648927154497085 0.2144144144144144
11 0.8751341322769897 0.1747747747747748 0.8963144963144966 0.1747747747747748 0.8963144963144966 0.209009009009009 0.8751341322769897 0.209009009009009
11 0.6489082445503527 0.45949484995004547 0.6652748894884261 0.45949484995004547 0.6652748894884261 0.5135489040040996 0.6489082445503527 0.5135489040040996
11 0.7085794514365944 0.7081081081081081 0.7393872536729682 0.7081081081081081 0.7393872536729682 0.7387387387387387 0.7085794514365944 0.7387387387387387
11 0.8760968760968763 0.809009009009009 0.8982399839542698 0.809009009009009 0.8982399839542698 0.8522522522522522 0.8760968760968763 0.8522522522522522
11 0.456340570626285 0.8378378378378379 0.4755954470240186 0.8378378378378379 0.4755954470240186 0.8828828828828829 0.456340570626285 0.8828828828828829
11 0.6517775660632804 0.7351351351351352 0.6710324424610139 0.7351351351351352 0.6710324424610139 0.7765765765765765 0.6517775660632804 0.7765765765765765
11 0.2637918066489495 0.7135135135135136 0.2878604021461164 0.7135135135135136 0.2878604021461164 0.7477477477477479 0.2637918066489495 0.7477477477477479
7 0.09819986962844107 0.27387387387387385 0.1636664493807351 0.27387387387387385 0.1636664493807351 0.39279279279279283 0.09819986962844107 0.39279279279279283
1 0.8857243142957429 0.7783783783783784 0.9463771749486036 0.7783783783783784 0.9463771749486036 0.8954954954954955 0.8857243142957429 0.8954954954954955
1 0.8857243142957429 0.13873873873873874 0.9377124805696234 0.13873873873873874 0.9377124805696234 0.24144144144144145 0.8857243142957429 0.24144144144144145
4 0.04139798425512712 0.016216216216216214 0.09916261344832777 0.016216216216216214 0.09916261344832777 0.6234234234234236 0.04139798425512712 0.6234234234234236
4 0.04139798425512704 0.5981981981981984 0.09338615052900753 0.5981981981981984 0.09338615052900753 0.9891891891891889 0.04139798425512704 0.9891891891891889
3 0.211803640375069 0.22882882882882882 0.3436995436995438 0.22882882882882882 0.3436995436995438 0.4306306306306306 0.211803640375069 0.4306306306306306
3 0.6642932357218072 0.0972972972972973 0.790412676126962 0.0972972972972973 0.790412676126962 0.2810810810810811 0.6642932357218072 0.2810810810810811
3 0.6614050042621471 0.3981981981981982 0.7884871884871886 0.3981981981981982 0.7884871884871886 0.5873873873873874 0.6614050042621471 0.5873873873873874
3 0.6614050042621471 0.7243243243243244 0.7923381637667352 0.7243243243243244 0.7923381637667352 0.926126126126126 0.6614050042621471 0.926126126126126
5 0.4467131324274182 0.2594594594594595 0.513142455999599 0.2594594594594595 0.513142455999599 0.38918918918918916 0.4467131324274182 0.38918918918918916
8 0.020019065776930408 0.28367294248490627 0.03813155386081983 0.28367294248490627 0.03813155386081983 0.7100744094905201 0.020019065776930408 0.7100744094905201
8 0.05719733079122972 0.16770601631183132 0.08007626310772163 0.16770601631183132 0.08007626310772163 0.48706108992691444 0.05719733079122972 0.48706108992691444
8 0.058150619637750235 0.6511988931257282 0.07721639656816016 0.6511988931257282 0.07721639656816016 0.9527129011757229 0.058150619637750235 0.9527129011757229
8 0.1973307912297426 0.8420982946721746 0.27740705433746427 0.8420982946721746 0.27740705433746427 0.9134625569325284 0.1973307912297426 0.9134625569325284
8 0.349857006673022 0.5495048194047241 0.4366062917063871 0.5495048194047241 0.4366062917063871 0.6101644423260244 0.349857006673022 0.6101644423260244
8 0.5185891325071497 0.4531630653532466 0.5490943755958055 0.4531630653532466 0.5490943755958055 0.4799246637008792 0.5185891325071497 0.4799246637008792
8 0.5166825548141086 0.2123086802245525 0.5529075309818875 0.2123086802245525 0.5529075309818875 0.23728617201567628 0.5166825548141086 0.23728617201567628
8 0.36606291706387034 0.23728617201567634 0.44899904671115354 0.23728617201567634 0.44899904671115354 0.29972990149348594 0.36606291706387034 0.29972990149348594
8 0.6739752144899902 0.14272852452070756 0.7759771210676835 0.14272852452070756 0.7759771210676835 0.20517225399851705 0.6739752144899902 0.20517225399851705
8 0.6682554814108677 0.45673127846626405 0.7816968541468065 0.45673127846626405 0.7816968541468065 0.5316637538396356 0.6682554814108677 0.5316637538396356
8 0.4671115347950429 0.8920532782544223 0.5557673975214491 0.8920532782544223 0.5557673975214491 0.9580652208452494 0.4671115347950429 0.9580652208452494
8 0.6758817921830313 0.7939274176464357 0.7731172545281217 0.7939274176464357 0.7731172545281217 0.8670757864632983 0.6758817921830313 0.8670757864632983
8 0.224976167778837 0.2925934752674505 0.32983794089609153 0.2925934752674505 0.32983794089609153 0.36038952441478667 0.224976167778837 0.36038952441478667
8 0.08388941849380363 0.3835829096494015 0.17921830314585316 0.3835829096494015 0.17921830314585316 0.41926504077957844 0.08388941849380363 0.41926504077957844
