8 0.2828394175553733 0.6317934782608695 0.6266834153677878 0.6317934782608695 0.6266834153677878 0.657608695652174 0.2828394175553733 0.657608695652174
8 0.33275225594749797 0.45516304347826086 0.5850893833743506 0.45516304347826086 0.5850893833743506 0.47961956521739135 0.33275225594749797 0.47961956521739135
8 0.3077958367514356 0.35461956521739135 0.6128187380366421 0.35461956521739135 0.6128187380366421 0.38043478260869573 0.3077958367514356 0.38043478260869573
8 0.31056877221766477 0.23913043478260873 0.6183646089691004 0.23913043478260873 0.6183646089691004 0.27717391304347827 0.31056877221766477 0.27717391304347827
8 0.30224996581897734 0.14130434782608695 0.6155916735028713 0.14130434782608695 0.6155916735028713 0.1589673913043478 0.30224996581897734 0.1589673913043478
8 0.3410710623461854 0.04076086956521739 0.5906352543068087 0.04076086956521739 0.5906352543068087 0.05978260869565217 0.3410710623461854 0.05978260869565217
8 0.10259861225047853 0.8328804347826086 0.3077958367514356 0.8328804347826086 0.3077958367514356 0.861413043478261 0.10259861225047853 0.861413043478261
8 0.1746949343724364 0.7717391304347827 0.2356995146294777 0.7717391304347827 0.2356995146294777 0.7961956521739131 0.1746949343724364 0.7961956521739131
8 0.6821421246923708 0.7758152173913043 0.723736156685808 0.7758152173913043 0.723736156685808 0.7921195652173914 0.6821421246923708 0.7921195652173914
8 0.5046742548537052 0.8342391304347827 0.9150687038556194 0.8342391304347827 0.9150687038556194 0.8573369565217392 0.5046742548537052 0.8573369565217392
8 0.5240848031173093 0.9334239130434783 0.8817934782608697 0.9334239130434783 0.8817934782608697 0.9578804347826086 0.5240848031173093 0.9578804347826086
10 0.44089673913043487 0.07065217391304347 0.46862609379272624 0.07065217391304347 0.46862609379272624 0.1277173913043478 0.44089673913043487 0.1277173913043478
10 0.4325779327317473 0.16576086956521738 0.4741719647251846 0.16576086956521738 0.4741719647251846 0.22826086956521735 0.4325779327317473 0.22826086956521735
10 0.4353508681979765 0.28804347826086957 0.47971783565764287 0.28804347826086957 0.47971783565764287 0.34782608695652173 0.4353508681979765 0.34782608695652173
10 0.4325779327317473 0.389945652173913 0.4741719647251846 0.389945652173913 0.4741719647251846 0.44565217391304346 0.4325779327317473 0.44565217391304346
10 0.43812380366420567 0.48641304347826086 0.4741719647251846 0.48641304347826086 0.4741719647251846 0.5543478260869565 0.43812380366420567 0.5543478260869565
10 0.21906190183210283 0.701086956521739 0.35493573967733105 0.701086956521739 0.35493573967733105 0.7717391304347826 0.21906190183210283 0.7717391304347826
10 0.19410548263604047 0.7975543478260869 0.21628896636587366 0.7975543478260869 0.21628896636587366 0.8220108695652173 0.19410548263604047 0.8220108695652173
10 0.5490412223133717 0.698369565217391 0.687687995624829 0.698369565217391 0.687687995624829 0.77445652173913 0.5490412223133717 0.77445652173913
10 0.6876879956248291 0.7921195652173914 0.7154173502871205 0.7921195652173914 0.7154173502871205 0.8233695652173914 0.6876879956248291 0.8233695652173914
10 0.6904609310910582 0.8641304347826086 0.723736156685808 0.8641304347826086 0.723736156685808 0.9266304347826086 0.6904609310910582 0.9266304347826086
11 0.43812380366420567 0.11141304347826086 0.4797178356576428 0.11141304347826086 0.4797178356576428 0.13179347826086957 0.43812380366420567 0.13179347826086957
11 0.42425912633305995 0.20788043478260873 0.48249077112387206 0.20788043478260873 0.48249077112387206 0.23233695652173916 0.42425912633305995 0.23233695652173916
11 0.4298049972655182 0.32608695652173914 0.48249077112387206 0.32608695652173914 0.48249077112387206 0.34782608695652173 0.4298049972655182 0.34782608695652173
11 0.42703206179928904 0.42798913043478254 0.4797178356576428 0.42798913043478254 0.4797178356576428 0.45108695652173914 0.42703206179928904 0.45108695652173914
11 0.4298049972655182 0.53125 0.4769449001914137 0.53125 0.4769449001914137 0.5516304347826086 0.4298049972655182 0.5516304347826086
11 0.18855961170358218 0.8029891304347827 0.22460777276456112 0.8029891304347827 0.22460777276456112 0.8220108695652174 0.18855961170358218 0.8220108695652174
11 0.6849150601585999 0.8084239130434783 0.723736156685808 0.8084239130434783 0.723736156685808 0.8247282608695651 0.6849150601585999 0.8247282608695651
11 0.6821421246923708 0.90625 0.7209632212195788 0.90625 0.7209632212195788 0.9266304347826086 0.6821421246923708 0.9266304347826086
3 0.2745206111566858 0.021739130434782605 0.6322292863002459 0.021739130434782605 0.6322292863002459 0.08152173913043476 0.2745206111566858 0.08152173913043476
3 0.2356995146294776 0.12364130434782608 0.6710503828274539 0.12364130434782608 0.6710503828274539 0.17663043478260876 0.2356995146294776 0.17663043478260876
3 0.19133254716981132 0.21603260869565216 0.7126444148208916 0.21603260869565216 0.7126444148208916 0.3002717391304348 0.19133254716981132 0.3002717391304348
3 0.25511006289308175 0.34103260869565216 0.6627315764287669 0.34103260869565216 0.6627315764287669 0.4008152173913043 0.25511006289308175 0.4008152173913043
3 0.2634288692917692 0.44021739130434795 0.6460939636313917 0.44021739130434795 0.6460939636313917 0.4986413043478263 0.2634288692917692 0.4986413043478263
3 0.17192199890620727 0.7703804347826086 0.2356995146294777 0.7703804347826086 0.2356995146294777 0.7961956521739131 0.17192199890620727 0.7961956521739131
3 0.6821421246923708 0.7717391304347827 0.7265090921520371 0.7717391304347827 0.7265090921520371 0.7921195652173916 0.6821421246923708 0.7921195652173916
3 0.047139902925895545 0.813858695652174 0.36325454607601854 0.813858695652174 0.36325454607601854 0.873641304347826 0.047139902925895545 0.873641304347826
3 0.4464426100628931 0.8152173913043479 0.9649815422477441 0.8152173913043479 0.9649815422477441 0.875 0.4464426100628931 0.875
3 0.46862609379272624 0.9144021739130436 0.9344792521192233 0.9144021739130436 0.9344792521192233 0.9755434782608696 0.46862609379272624 0.9755434782608696
5 0.2440183210281652 0.5421195652173912 0.6821421246923705 0.5421195652173912 0.6821421246923705 0.7527173913043479 0.2440183210281652 0.7527173913043479
