10 0.08066083576287668 0.1262105241697079 0.11467444120505355 0.1262105241697079 0.11467444120505355 0.1416100905896825 0.08066083576287668 0.1416100905896825
10 0.19047619047619055 0.1262105241697079 0.23420796890184656 0.1262105241697079 0.23420796890184656 0.1402101300060484 0.19047619047619055 0.1402101300060484
10 0.31389698736637517 0.12201064241880577 0.3527696793002916 0.12201064241880577 0.3527696793002916 0.14021013000604843 0.31389698736637517 0.14021013000604843
10 0.38192419825072893 0.12761048475334197 0.6054421768707483 0.12761048475334197 0.6054421768707483 0.14021013000604843 0.38192419825072893 0.14021013000604843
10 0.6355685131195334 0.1262105241697079 0.6822157434402332 0.1262105241697079 0.6822157434402332 0.1402101300060484 0.6355685131195334 0.1402101300060484
10 0.7531584062196307 0.12761048475334197 0.7988338192419825 0.12761048475334197 0.7988338192419825 0.14021013000604843 0.7531584062196307 0.14021013000604843
10 0.8775510204081632 0.1262105241697079 0.9203109815354712 0.1262105241697079 0.9203109815354712 0.14301005117331655 0.8775510204081632 0.14301005117331655
10 0.36540330417881445 0.15420973584238898 0.3751214771622935 0.15420973584238898 0.3751214771622935 0.3026055577075986 0.36540330417881445 0.3026055577075986
10 0.3624878522837707 0.2844060701203559 0.402332361516035 0.2844060701203559 0.402332361516035 0.3082054000421348 0.3624878522837707 0.3082054000421348
10 0.4314868804664723 0.28860595187125804 0.4732750242954325 0.28860595187125804 0.4732750242954325 0.3068054394585007 0.4314868804664723 0.3068054394585007
10 0.5510204081632654 0.2900059124548921 0.5879494655004859 0.2900059124548921 0.5879494655004859 0.3054054788748667 0.5510204081632654 0.3054054788748667
10 0.5733722060252673 0.2816061489530878 0.5908649173955296 0.2816061489530878 0.5908649173955296 0.36560378397113097 0.5733722060252673 0.36560378397113097
10 0.33041788143828965 0.3502042175511563 0.5957240038872691 0.3502042175511563 0.5957240038872691 0.3684037051383991 0.33041788143828965 0.3684037051383991
10 0.32750242954324593 0.10801103658246522 0.33916423712342086 0.10801103658246522 0.33916423712342086 0.3628038628038628 0.32750242954324593 0.3628038628038628
10 0.2643343051506317 0.16120953876055924 0.2779397473275025 0.16120953876055924 0.2779397473275025 0.23260752852589586 0.2643343051506317 0.23260752852589586
10 0.0913508260447037 0.2214078438568235 0.27793974732750254 0.2214078438568235 0.27793974732750254 0.23680741027679814 0.0913508260447037 0.23680741027679814
10 0.09037900874635574 0.22840764677499373 0.09718172983479112 0.22840764677499373 0.09718172983479112 0.5111996846690725 0.09037900874635574 0.5111996846690725
10 0.10592808551992233 0.526599251089047 0.18853255587949472 0.526599251089047 0.18853255587949472 0.5377989357581194 0.10592808551992233 0.5377989357581194
10 0.21768707482993205 0.5223993693381449 0.4033041788143829 0.5223993693381449 0.4033041788143829 0.5391988963417536 0.21768707482993205 0.5391988963417536
10 0.4305150631681244 0.5223993693381449 0.47619047619047616 0.5223993693381449 0.47619047619047616 0.5391988963417536 0.4305150631681244 0.5391988963417536
10 0.5267249757045676 0.3306047693802796 0.5374149659863946 0.3306047693802796 0.5374149659863946 0.5013999605836341 0.5267249757045676 0.5013999605836341
10 0.4897959183673469 0.32780484821301153 0.5004859086491741 0.32780484821301153 0.5004859086491741 0.4230021679001271 0.4897959183673469 0.4230021679001271
10 0.41205053449951407 0.41460240439832285 0.49659863945578225 0.41460240439832285 0.49659863945578225 0.42440212848376124 0.41205053449951407 0.42440212848376124
10 0.413022351797862 0.417402325565591 0.42565597667638483 0.417402325565591 0.42565597667638483 0.5111996846690725 0.413022351797862 0.5111996846690725
10 0.5072886297376092 0.5657981474308006 0.5179786200194363 0.5657981474308006 0.5179786200194363 0.6119968466907243 0.5072886297376092 0.6119968466907243
10 0.2886297376093295 0.6021971226052859 0.5199222546161322 0.6021971226052859 0.5199222546161322 0.6161967284416264 0.2886297376093295 0.6161967284416264
10 0.2886297376093295 0.5167995270036088 0.2983479105928086 0.5167995270036088 0.2983479105928086 0.6147967678579924 0.2886297376093295 0.6147967678579924
10 0.1953352769679301 0.5531985021780941 0.20699708454810503 0.5531985021780941 0.20699708454810503 0.7337934174668869 0.1953352769679301 0.7337934174668869
10 0.19047619047619055 0.7085941269614738 0.3790087463556851 0.7085941269614738 0.3790087463556851 0.7309934962996187 0.19047619047619055 0.7309934962996187
10 0.4548104956268222 0.7127940087123761 0.5121477162293488 0.7127940087123761 0.5121477162293488 0.7337934174668869 0.4548104956268222 0.7337934174668869
10 0.5034013605442177 0.7085941269614738 0.511175898931001 0.7085941269614738 0.511175898931001 0.9017886875029733 0.5034013605442177 0.9017886875029733
10 0.5034013605442177 0.8905890028339007 0.5811467444120505 0.8905890028339007 0.5811467444120505 0.9059885692538755 0.5034013605442177 0.9059885692538755
10 0.6171039844509232 0.15140981467512082 0.6287657920310982 0.15140981467512082 0.6287657920310982 0.8723895152466581 0.6171039844509232 0.8723895152466581
10 0.6967930029154519 0.16400945992782734 0.7035957240038874 0.16400945992782734 0.7035957240038874 0.709994087545108 0.6967930029154519 0.709994087545108
10 0.7308066083576289 0.1654094205114614 0.7405247813411079 0.1654094205114614 0.7405247813411079 0.578397792683507 0.7308066083576289 0.578397792683507
10 0.727891156462585 0.5685980685980686 0.8561710398445092 0.5685980685980686 0.8561710398445092 0.5867975561853113 0.727891156462585 0.5867975561853113
10 0.8503401360544218 0.5755978715162389 0.8620019436345967 0.5755978715162389 0.8620019436345967 0.8597898699939518 0.8503401360544218 0.8597898699939518
10 0.693877551020408 0.7085941269614738 0.8221574344023322 0.7085941269614738 0.8221574344023322 0.7211937722141805 0.693877551020408 0.7211937722141805
10 0.8172983479105927 0.7043942452105718 0.827016520894072 0.7043942452105718 0.827016520894072 0.8583899094103176 0.8172983479105927 0.8583899094103176
10 0.8756073858114671 0.8877890816666326 0.9164237123420793 0.8877890816666326 0.9164237123420793 0.9017886875029731 0.8756073858114671 0.9017886875029731
10 0.6579203109815355 0.8863891210829986 0.7998056365403305 0.8863891210829986 0.7998056365403305 0.9059885692538753 0.6579203109815355 0.9059885692538753
11 0.1020408163265307 0.11921072125153762 0.11467444120505353 0.11921072125153762 0.11467444120505353 0.1444100117569506 0.1020408163265307 0.1444100117569506
11 0.21574344023323622 0.12341060300243982 0.23809523809523814 0.12341060300243982 0.23809523809523814 0.14021013000604843 0.21574344023323622 0.14021013000604843
11 0.34402332361516036 0.11921072125153762 0.3566569484936831 0.11921072125153762 0.3566569484936831 0.1416100905896825 0.34402332361516036 0.1416100905896825
11 0.5918367346938775 0.12481056358607384 0.6073858114674443 0.12481056358607384 0.6073858114674443 0.14720993292421872 0.5918367346938775 0.14720993292421872
11 0.6666666666666666 0.11781076066790362 0.6822157434402332 0.11781076066790362 0.6822157434402332 0.14021013000604843 0.6666666666666666 0.14021013000604843
11 0.7852283770651117 0.12061068183517169 0.7998056365403305 0.12061068183517169 0.7998056365403305 0.1416100905896825 0.7852283770651117 0.1416100905896825
11 0.9067055393586004 0.12201064241880577 0.923226433430515 0.12201064241880577 0.923226433430515 0.1444100117569506 0.9067055393586004 0.1444100117569506
11 0.08454810495626833 0.49160023649819573 0.09815354713313908 0.49160023649819573 0.09815354713313908 0.5139996058363405 0.08454810495626833 0.5139996058363405
11 0.17103984450923235 0.5237993299217789 0.18853255587949472 0.5237993299217789 0.18853255587949472 0.5447987386762896 0.17103984450923235 0.5447987386762896
11 0.3877551020408163 0.5195994481708768 0.401360544217687 0.5195994481708768 0.401360544217687 0.5461986992599239 0.3877551020408163 0.5461986992599239
11 0.4606413994169096 0.5181994875872428 0.4742468415937804 0.5181994875872428 0.4742468415937804 0.5419988175090217 0.4606413994169096 0.5419988175090217
11 0.4091350826044704 0.4902002759145618 0.42954324586977655 0.4902002759145618 0.42954324586977655 0.5055998423345363 0.4091350826044704 0.5055998423345363
11 0.39261418853255586 0.2816061489530878 0.4033041788143829 0.2816061489530878 0.4033041788143829 0.3082054000421348 0.39261418853255586 0.3082054000421348
11 0.45772594752186585 0.287205991287624 0.4771622934888241 0.287205991287624 0.4771622934888241 0.3068054394585007 0.45772594752186585 0.3068054394585007
11 0.5238095238095238 0.32640488762937747 0.5344995140913508 0.32640488762937747 0.5344995140913508 0.343204414632986 0.5238095238095238 0.343204414632986
11 0.5675413022351797 0.8877890816666327 0.5840621963070943 0.8877890816666327 0.5840621963070943 0.9017886875029733 0.5675413022351797 0.9017886875029733
11 0.7803692905733722 0.8821892393320964 0.7998056365403305 0.8821892393320964 0.7998056365403305 0.9087884904211433 0.7803692905733722 0.9087884904211433
11 0.8124392614188533 0.8415903824067089 0.827016520894072 0.8415903824067089 0.827016520894072 0.8611898305775857 0.8124392614188533 0.8611898305775857
11 0.6161321671525753 0.14860989350785275 0.6268221574344023 0.14860989350785275 0.6268221574344023 0.180808986931436 0.6161321671525753 0.180808986931436
11 0.728862973760933 0.15980957817692518 0.7424684159378037 0.15980957817692518 0.7424684159378037 0.18780878984960625 0.728862973760933 0.18780878984960625
11 0.9076773566569485 0.8821892393320964 0.9203109815354713 0.8821892393320964 0.9203109815354713 0.9073885298375094 0.9076773566569485 0.9073885298375094
7 0.041788143828960254 0.09401143074612468 0.08649173955296414 0.09401143074612468 0.08649173955296414 0.16680938109509544 0.041788143828960254 0.16680938109509544
1 0.912536443148688 0.8555899882430495 0.9572400388726918 0.8555899882430495 0.9572400388726918 0.922788096257484 0.912536443148688 0.922788096257484
1 0.9144800777453839 0.10241119424792901 0.9543245869776482 0.10241119424792901 0.9543245869776482 0.16260949934419328 0.9144800777453839 0.16260949934419328
4 0.011661807580175034 0.005813913977179378 0.03206997084548115 0.005813913977179378 0.03206997084548115 0.38940311389290994 0.011661807580175034 0.38940311389290994
4 0.011661807580175031 0.4566012219073445 0.03887269193391653 0.4566012219073445 0.03887269193391653 0.9843863619373825 0.011661807580175031 0.9843863619373825
3 0.11078717201166191 0.09681135191339281 0.20116618075801757 0.09681135191339281 0.20116618075801757 0.1710092628459976 0.11078717201166191 0.1710092628459976
3 0.23032069970845487 0.09261147016249066 0.31875607385811466 0.09261147016249066 0.31875607385811466 0.16960930226236356 0.23032069970845487 0.16960930226236356
3 0.67444120505345 0.0884115884115885 0.7628765792031097 0.0884115884115885 0.7628765792031097 0.1710092628459976 0.67444120505345 0.1710092628459976
3 0.7939747327502429 0.09541139132975877 0.8804664723032071 0.09541139132975877 0.8804664723032071 0.17380918401326573 0.7939747327502429 0.17380918401326573
3 0.46841593780369295 0.25780681903130886 0.5558794946550049 0.25780681903130886 0.5558794946550049 0.33620461171481586 0.46841593780369295 0.33620461171481586
3 0.4693877551020408 0.49580011824909787 0.5597667638483965 0.49580011824909787 0.5597667638483965 0.5699980291817027 0.4693877551020408 0.5699980291817027
3 0.3751214771622935 0.684794797039695 0.4616132167152575 0.684794797039695 0.4616132167152575 0.7575927473886657 0.3751214771622935 0.7575927473886657
3 0.5801749271137026 0.8583899094103176 0.6608357628765792 0.8583899094103176 0.6608357628765792 0.9339877809265564 0.5801749271137026 0.9339877809265564
3 0.7939747327502429 0.8583899094103176 0.8853255587949465 0.8583899094103176 0.8853255587949465 0.9339877809265564 0.7939747327502429 0.9339877809265564
5 0.1846452866861031 0.5041998817509021 0.21768707482993205 0.5041998817509021 0.21768707482993205 0.5573983839289962 0.1846452866861031 0.5573983839289962
5 0.3527696793002916 0.10661107599883117 0.3887269193391643 0.10661107599883117 0.3887269193391643 0.16400945992782734 0.3527696793002916 0.16400945992782734
2 0.6044703595724004 0.10101123366429496 0.6384839650145773 0.10101123366429496 0.6384839650145773 0.15700965700965708 0.6044703595724004 0.15700965700965708
2 0.39844509232264336 0.49580011824909787 0.4373177842565597 0.49580011824909787 0.4373177842565597 0.5699980291817027 0.39844509232264336 0.5699980291817027
8 0.04140015889473897 0.1664355062413315 0.08376311218237882 0.1664355062413315 0.08376311218237882 0.1983356449375867 0.04140015889473897 0.1983356449375867
8 0.017330299072216313 0.15672676837725383 0.029846626179928098 0.15672676837725383 0.029846626179928098 0.23300970873786406 0.017330299072216313 0.23300970873786406
8 0.15789828043574866 0.24410540915395285 0.206038000080794 0.24410540915395285 0.206038000080794 0.2579750346740638 0.15789828043574866 0.2579750346740638
8 0.11649812154100965 0.12066574202496533 0.18678211222277583 0.12066574202496533 0.18678211222277583 0.1400832177531207 0.11649812154100965 0.1400832177531207
8 0.2368474206536229 0.1276005547850208 0.30713141133538907 0.1276005547850208 0.30713141133538907 0.14147018030513175 0.2368474206536229 0.14147018030513175
8 0.3889689347319661 0.32593619972260757 0.44577380391311955 0.32593619972260757 0.44577380391311955 0.34396671289875175 0.3889689347319661 0.34396671289875175
9 0.3966712898751734 0.26907073509015256 0.4399970375557141 0.26907073509015256 0.4399970375557141 0.32177531206657417 0.3966712898751734 0.32177531206657417
2 0.07220957946756797 0.5048543689320388 0.11264694396940604 0.5048543689320388 0.11264694396940604 0.5589459084604715 0.07220957946756797 0.5589459084604715
8 0.07317237386046888 0.5644937586685159 0.11553532714810877 0.5644937586685159 0.11553532714810877 0.5963938973647711 0.07317237386046888 0.5963938973647711
8 0.03658618693023444 0.5270457697642164 0.050065308430847125 0.5270457697642164 0.050065308430847125 0.5644937586685159 0.03658618693023444 0.5644937586685159
8 0.03658618693023444 0.6851595006934814 0.04813971964504531 0.6851595006934814 0.04813971964504531 0.7600554785020804 0.03658618693023444 0.7600554785020804
8 0.03658618693023444 0.8488210818307905 0.04813971964504531 0.8488210818307905 0.04813971964504531 0.9334257975034674 0.03658618693023444 0.9334257975034674
8 0.01829309346511722 0.6726768377253814 0.029846626179928084 0.6726768377253814 0.029846626179928084 0.7656033287101249 0.01829309346511722 0.7656033287101249
8 0.380303785195858 0.7170596393897365 0.4563645422350296 0.7170596393897365 0.4563645422350296 0.7309292649098476 0.380303785195858 0.7309292649098476
8 0.4794716076646514 0.5076282940360611 0.5362764768458048 0.5076282940360611 0.5362764768458048 0.5603328710124829 0.4794716076646514 0.5603328710124829
8 0.6075232619204719 0.49375866851595 0.6335187105287964 0.49375866851595 0.6335187105287964 0.509015256588072 0.6075232619204719 0.509015256588072
8 0.7432772713194995 0.7295423023578365 0.7750494862852296 0.7295423023578365 0.7750494862852296 0.7434119278779473 0.7432772713194995 0.7434119278779473
8 0.780826252642635 0.5894590846047156 0.8135612620012659 0.5894590846047156 0.8135612620012659 0.6005547850208044 0.780826252642635 0.6005547850208044
8 0.5776766357405431 0.8876560332871004 0.657588570351319 0.8876560332871004 0.657588570351319 0.9056865464632452 0.5776766357405431 0.9056865464632452
8 0.9088779068984555 0.9251040221914009 0.9627943929009064 0.9251040221914009 0.9627943929009064 0.9445214979195561 0.9088779068984555 0.9445214979195561
8 0.9117662900771583 0.1650485436893204 0.9541292433647981 0.1650485436893204 0.9541292433647981 0.20110957004160887 0.9117662900771583 0.20110957004160887
8 0.8020077292864549 0.1262135922330097 0.8703661311824192 0.1262135922330097 0.8703661311824192 0.1428571428571429 0.8020077292864549 0.1428571428571429
8 0.6768444582093371 0.1262135922330097 0.7577191872130133 0.1262135922330097 0.7577191872130133 0.1428571428571429 0.6768444582093371 0.1428571428571429
8 0.8048961124651577 0.8807212205270458 0.8694033367895184 0.8807212205270458 0.8694033367895184 0.9167822468793343 0.8048961124651577 0.9167822468793343
11 0.36297348612364166 0.7059639389736477 0.380303785195858 0.7059639389736477 0.380303785195858 0.7364771151178917 0.36297348612364166 0.7364771151178917
